50 5 4485
0 184 466 8825 6209 6213 6189 6192 6199 0.01
1 185 22 182 38 37 88 176 85 44 45 109 156 82 54 40 88 146 94 43 50 100 135 100 46 37 71 146 108 44 40 73 180 98 47 51 77 132 92 56 55 79 149 76 42 40 80 165 93 35 39 116 180 83 49 41 96 183 84 273 0.08 16 
2 85 141 246 87 130 83 37 42 96 144 88 36 34 100 138 89 41 34 68 159 81 37 41 68 137 70 42 36 80 167 72 54 37 79 144 86 49 46 80 153 83 50 34 85 116 94 43 41 85 126 81 34 40 63 144 83 38 35 328 0.04 8 
3 221 239 234 45 64 140 65 49 40 75 146 72 41 44 73 144 88 38 38 87 150 106 39 35 76 114 67 30 31 66 165 85 48 39 69 143 72 42 41 74 110 77 33 44 86 153 68 43 40 69 130 66 34 40 62 131 79 41 312 0.06 12 
4 377 31 48 14 12 17 49 26 12 6 27 55 32 11 15 32 57 16 12 9 40 49 26 12 11 26 55 7 12 17 25 32 25 12 14 28 50 25 19 7 30 49 21 13 16 34 33 38 12 11 19 42 14 9 19 36 53 31 72 0.04 8 
5 474 389 150 70 32 30 56 89 39 26 19 67 79 81 29 22 46 83 55 30 30 43 88 38 30 25 58 73 38 29 26 56 99 74 23 25 52 95 46 22 25 50 87 54 28 27 41 79 36 20 28 49 41 54 26 19 50 104 200 0.08 16 
6 80 212 294 50 95 188 79 50 45 113 196 111 40 60 94 156 90 51 44 107 128 103 56 51 92 179 107 48 48 114 150 100 45 46 111 166 98 55 44 109 158 99 54 44 92 139 78 51 38 92 157 77 42 47 112 145 89 50 392 0.09 18 
7 151 167 87 51 19 16 13 35 32 39 12 13 31 44 36 12 14 34 46 33 10 18 24 67 28 11 19 31 45 33 13 9 18 51 30 18 13 22 63 31 12 13 30 35 24 16 14 23 40 29 12 16 35 64 19 13 11 27 116 0.05 10 
8 101 192 84 92 47 41 97 130 84 46 43 94 138 73 39 39 74 147 69 37 45 87 126 73 43 42 94 153 70 49 47 84 157 77 51 46 101 118 97 45 46 77 168 75 37 39 87 123 94 35 51 92 154 94 34 48 85 138 168 0.03 6 
9 20 58 183 26 30 58 98 75 27 23 71 93 48 31 25 64 121 53 29 26 55 101 57 34 34 58 88 52 29 25 70 94 58 32 29 56 111 74 28 28 58 103 62 26 33 66 104 71 27 28 73 115 69 25 31 51 111 65 244 0.08 16 
10 413 141 96 90 54 19 29 25 56 54 20 26 45 69 51 27 18 56 75 60 21 24 43 75 47 26 18 44 64 39 28 26 37 79 52 20 26 43 71 64 18 23 46 63 37 25 24 54 72 41 19 20 34 62 57 20 32 38 144 0.02 4 
11 192 5 98 50 57 99 182 80 50 38 77 174 90 55 46 94 169 78 43 57 103 163 95 51 41 91 135 105 43 56 106 160 105 45 38 97 143 91 46 52 114 170 98 57 42 112 155 105 43 53 86 141 92 56 43 81 162 86 196 0.09 18 
12 491 332 46 48 123 56 21 30 35 62 42 12 18 34 99 24 21 21 78 79 40 15 27 49 75 63 18 25 63 61 57 26 21 53 77 33 25 30 27 76 59 19 24 58 70 53 25 14 31 80 49 14 22 34 92 48 16 6 92 0.04 8 
13 356 45 82 148 86 36 44 84 132 87 37 44 87 143 96 40 42 78 121 86 47 46 88 165 82 47 43 78 147 76 33 43 66 150 73 46 42 93 157 68 47 37 81 116 82 37 46 84 133 67 34 40 81 162 69 39 37 85 164 0.05 10 
14 256 407 80 71 107 72 40 37 86 136 82 40 35 67 135 83 44 36 67 161 84 36 31 73 146 80 36 43 87 175 87 44 41 78 139 70 48 49 75 161 80 31 36 79 153 64 42 40 79 130 79 42 36 83 128 70 36 35 160 0.08 16 
15 282 196 138 16 20 36 83 42 17 25 44 81 54 29 28 44 63 46 24 18 57 82 41 18 21 44 102 37 24 23 51 68 37 22 27 41 85 52 23 22 41 58 33 19 24 36 83 38 27 19 49 65 41 27 15 51 75 47 184 0.02 4 
16 262 91 42 6 5 42 23 0 6 17 23 23 17 11 14 4 9 5 9 5 25 16 4 12 9 24 11 6 7 12 31 21 1 8 12 31 15 7 11 14 22 15 0 0 14 22 5 9 10 6 28 7 10 4 7 18 25 10 56 0.02 4 
17 143 285 92 21 52 72 47 29 34 57 72 38 26 31 48 79 56 15 25 42 89 54 20 27 48 68 43 24 27 46 57 56 16 24 61 45 32 20 21 49 96 44 23 26 66 88 32 26 17 41 78 49 34 16 53 81 55 17 138 0.03 6 
18 328 287 267 39 95 142 72 42 39 87 173 85 44 55 107 160 83 39 35 89 150 95 49 44 90 139 107 35 38 107 170 86 54 47 93 176 104 45 49 80 118 95 47 35 95 135 110 50 49 75 138 77 56 51 105 178 100 45 356 0.06 12 
19 497 78 112 93 64 32 31 52 84 62 26 29 49 105 35 28 38 59 70 62 27 23 44 100 76 30 30 61 95 64 35 38 59 116 74 31 28 57 87 43 30 25 44 75 51 22 19 60 99 57 25 30 52 112 54 24 21 52 168 0.04 8 
20 73 348 162 90 44 39 62 91 78 43 40 68 160 66 53 49 64 106 96 56 42 61 128 67 37 36 82 91 84 41 40 94 169 68 37 35 99 121 80 43 41 81 131 73 48 41 75 141 76 39 45 91 194 61 41 37 84 172 243 0.07 14 
21 236 161 54 10 32 42 30 12 12 16 45 24 8 10 25 51 29 9 13 36 39 32 19 6 31 56 18 8 12 33 54 42 15 12 25 46 17 12 11 5 22 20 14 2 25 49 19 13 14 27 45 25 14 11 25 47 18 14 81 0.05 10 
22 157 208 79 39 43 86 119 81 38 40 79 155 87 36 37 75 139 74 39 50 86 131 72 36 33 66 153 69 45 32 69 147 78 36 33 63 114 81 37 40 72 139 66 37 47 77 120 72 44 32 66 123 87 32 34 77 135 69 158 0.03 6 
23 393 198 28 29 0 10 11 11 34 29 8 10 7 32 10 8 13 33 15 5 2 6 1 0 9 4 12 2 42 17 5 0 18 33 26 4 7 23 9 16 4 4 11 26 10 6 5 21 29 11 21 5 19 26 13 10 1 12 42 0.09 18 
24 90 41 200 82 150 117 42 57 85 151 98 56 59 92 166 97 43 49 115 189 99 44 51 85 160 94 48 54 115 167 109 61 55 87 150 93 45 44 103 173 85 52 48 112 192 95 43 58 84 177 89 46 65 102 184 87 43 54 300 0.05 10 
25 35 237 59 94 62 31 27 50 98 54 32 35 51 101 42 28 27 66 99 59 26 35 67 99 61 32 36 60 119 68 32 25 60 95 69 24 29 67 97 45 28 27 73 90 60 30 36 69 115 61 33 33 56 96 55 30 34 65 118 0.07 14 
26 359 240 96 54 45 87 157 86 42 42 100 144 83 43 48 95 149 87 52 56 95 177 85 44 48 113 168 118 56 51 105 188 78 42 52 80 158 85 52 47 90 165 114 54 40 86 162 111 47 49 114 174 103 45 45 102 136 92 192 0.03 6 
27 167 276 69 40 64 109 50 41 35 77 102 82 33 33 83 95 84 32 30 48 124 66 33 33 63 105 61 29 26 63 133 88 29 37 59 124 51 26 32 65 132 81 30 29 69 128 59 37 32 68 152 67 33 31 61 121 71 36 138 0.07 14 
28 399 305 192 53 90 178 146 44 48 95 181 83 41 47 95 157 91 56 47 116 160 91 46 33 122 147 98 48 56 97 136 79 44 45 112 192 94 64 55 111 187 110 59 52 81 131 99 45 45 66 154 91 38 38 96 195 81 35 288 0.09 18 
29 83 430 111 20 14 49 82 52 23 18 41 73 43 21 14 42 69 32 23 18 31 54 28 15 23 32 59 26 18 18 44 73 37 17 19 38 63 27 10 21 38 46 35 26 12 33 59 28 19 20 45 54 40 21 15 35 62 32 148 0.06 12 
30 327 426 58 28 44 35 11 11 28 57 20 18 21 20 53 33 13 16 31 53 29 15 17 24 58 26 17 12 25 73 35 14 17 56 59 25 16 9 33 61 31 12 12 26 49 21 11 15 37 31 15 11 12 17 34 26 15 15 87 0.07 14 
31 240 352 47 47 22 21 26 99 72 18 27 34 86 35 28 35 40 82 51 23 28 56 78 56 24 22 36 81 45 28 34 37 55 52 30 26 46 77 33 30 14 40 75 45 15 23 54 75 46 21 17 29 64 42 21 34 62 106 94 0.03 6 
32 223 92 44 50 7 11 8 21 42 24 11 12 29 28 19 12 8 13 28 29 7 9 13 30 10 9 13 9 33 26 11 14 14 30 22 10 10 21 58 20 7 11 13 31 34 9 12 10 49 19 15 10 21 35 23 12 14 18 66 0.06 12 
33 308 177 68 37 21 14 38 69 39 16 14 42 89 30 17 13 35 60 33 11 19 35 54 31 13 26 38 59 34 14 19 41 67 33 20 15 30 47 39 14 15 31 56 36 21 12 40 60 37 20 19 29 58 35 15 17 35 77 102 0.02 4 
34 245 58 114 54 108 60 24 18 58 120 61 35 27 61 82 38 33 25 51 98 46 25 24 45 106 69 21 29 61 76 44 28 22 54 112 49 26 24 46 118 57 29 22 71 131 49 28 31 60 112 59 32 21 63 108 57 26 24 171 0.09 18 
35 452 72 252 115 100 34 47 68 164 106 45 30 63 165 86 34 40 73 130 75 45 52 85 138 91 33 38 91 102 103 38 46 71 140 97 45 39 81 153 113 42 39 66 117 75 39 45 85 125 73 35 35 111 119 78 35 42 78 336 0.09 18 
36 161 278 59 34 28 60 98 47 23 20 64 107 55 34 31 60 93 55 31 29 68 98 53 34 21 62 112 52 27 30 50 101 55 23 34 47 119 54 30 23 69 83 63 23 30 67 101 76 25 23 59 83 70 33 36 67 75 60 118 0.08 16 
37 333 51 158 91 140 74 41 31 68 140 91 39 39 95 124 89 46 46 88 148 77 32 39 92 152 61 36 34 89 162 70 35 49 76 144 92 44 34 68 129 67 36 33 102 144 87 43 31 72 142 62 36 42 82 142 64 41 33 237 0.05 10 
38 147 317 54 13 14 13 31 40 28 11 16 25 37 21 14 15 35 38 27 11 10 41 49 23 12 14 19 43 36 11 13 26 24 14 16 14 36 51 25 12 11 36 53 28 12 7 31 39 25 11 20 20 31 34 14 15 29 37 81 0.09 18 
39 195 154 84 20 47 42 19 10 15 59 22 6 13 34 43 19 8 10 17 66 22 13 13 29 54 34 6 22 31 48 34 12 15 26 62 35 16 22 36 53 23 15 18 12 32 7 16 15 53 41 32 11 5 31 32 41 7 9 112 0.06 12 
40 389 323 156 59 26 20 50 67 50 27 26 54 65 44 30 27 59 100 67 24 25 40 85 62 24 24 56 98 21 21 23 57 108 60 29 31 63 93 43 25 18 48 82 64 26 31 66 78 44 19 41 46 111 40 34 23 55 94 208 0.04 8 
41 96 144 196 98 47 40 107 161 114 42 58 87 189 95 57 49 103 146 75 50 40 114 179 89 52 39 96 174 108 55 47 90 182 80 50 52 90 183 81 40 56 101 174 78 57 44 97 165 107 48 51 112 153 111 55 56 90 144 294 0.04 8 
42 77 225 34 15 4 7 13 34 18 9 4 21 27 16 11 3 17 36 7 11 7 19 32 15 6 6 19 13 10 8 7 17 26 14 5 11 17 29 21 7 15 17 34 25 13 7 22 29 11 2 5 12 38 11 11 7 19 29 51 0.07 14 
43 77 208 164 36 43 71 143 80 36 39 73 165 65 37 38 70 169 87 44 42 89 115 90 38 35 79 141 83 43 42 101 168 82 35 40 91 156 78 46 51 89 149 76 34 42 99 150 63 38 38 91 129 92 44 32 91 151 68 246 0.07 14 
44 412 233 60 109 53 35 33 66 86 56 27 29 69 89 53 33 30 67 108 55 31 23 58 93 67 23 24 53 108 70 28 33 65 110 70 25 26 58 99 51 28 26 53 120 71 29 30 50 89 65 23 33 65 88 47 27 28 52 120 0.09 18 
45 356 315 176 102 141 76 35 50 92 158 87 53 37 80 157 81 48 45 80 175 93 41 47 83 166 100 36 49 102 140 100 39 48 86 142 99 41 45 105 121 91 43 39 86 154 80 39 43 100 128 85 37 51 78 170 70 48 42 264 0.02 4 
46 276 8 124 36 33 70 107 74 28 35 54 107 58 27 30 65 117 48 36 32 61 128 49 36 31 47 77 54 30 28 56 116 56 31 32 55 112 49 27 30 71 125 61 31 35 49 98 56 32 28 59 116 62 28 26 56 97 53 186 0.03 6 
47 229 58 42 24 15 34 8 13 38 12 9 19 3 20 50 14 16 11 35 29 11 7 23 10 27 38 6 15 20 23 11 14 1 27 21 0 1 11 15 63 18 5 23 6 55 16 7 15 36 0 24 13 0 46 32 14 13 14 63 0.06 12 
48 81 202 225 28 43 77 138 89 29 42 72 134 67 40 38 72 158 82 29 46 57 127 66 48 48 69 126 68 35 32 81 138 70 35 37 65 109 61 30 32 70 131 84 31 38 76 145 89 37 26 72 158 57 36 40 86 124 95 300 0.05 10 
49 193 363 91 43 82 167 77 47 41 84 139 78 39 48 75 185 101 53 45 90 132 110 39 52 78 136 87 48 37 73 178 82 38 52 78 146 73 48 42 94 170 80 37 49 88 160 105 37 41 78 163 110 45 52 90 152 105 46 182 0.08 16 
50 272 171 18 13 30 16 16 11 14 38 11 14 8 13 18 14 8 6 16 29 28 9 9 31 26 26 12 1 12 22 13 6 9 23 30 7 15 3 12 29 29 16 10 18 40 12 9 11 19 14 23 0 9 12 37 22 11 14 36 0.09 18 
