25 20 2079
0 209 137 4109 3076 3075 3075 3074 3073 3071 3076 3074 3073 3074 3074 3077 3076 3072 3077 3075 3075 3074 3072 3075 0.01
1 462 313 40 40 54 37 11 22 28 104 39 17 32 22 51 27 19 16 46 67 29 20 28 53 103 48 39 18 47 84 57 23 10 36 54 40 24 30 61 93 38 15 21 39 86 42 24 28 26 79 29 15 20 54 83 46 21 20 46 80 29 19 18 33 65 48 21 13 34 94 64 18 16 80 0.07 14 
2 438 497 34 15 15 28 50 34 17 19 32 50 31 13 13 30 51 38 21 13 26 53 29 23 15 30 44 41 15 12 39 47 31 21 17 44 54 44 18 19 37 65 35 12 18 31 60 34 16 12 35 65 28 19 19 34 52 34 15 18 38 60 26 17 25 38 62 28 16 16 40 55 41 68 0.02 4 
3 235 350 44 28 65 23 16 16 14 50 24 8 15 37 29 15 16 18 25 47 17 10 4 20 47 34 9 14 31 37 24 18 8 23 34 20 8 6 29 16 16 5 9 17 45 31 6 9 11 30 23 14 9 38 25 20 10 4 33 60 0 6 19 23 4 13 9 5 22 28 22 15 17 66 0.07 14 
4 173 228 246 76 139 80 41 37 70 165 75 33 40 74 140 62 41 44 95 145 83 40 37 119 135 84 39 42 81 142 102 38 42 72 133 71 47 45 66 120 72 49 36 68 169 88 29 36 117 178 92 44 46 91 137 64 47 51 112 159 74 34 36 90 173 113 36 34 104 100 71 45 38 328 0.09 18 
5 86 150 56 14 29 53 31 12 14 34 56 32 13 16 21 55 29 13 14 20 47 23 16 16 24 38 23 12 14 33 35 30 14 17 28 48 30 11 16 32 39 31 13 12 30 52 26 12 12 23 42 22 18 12 23 43 24 12 10 22 53 34 13 13 31 50 32 12 18 31 48 24 11 84 0.08 16 
6 405 401 112 109 63 22 31 53 97 61 34 27 49 85 55 28 22 47 92 57 23 32 47 93 53 33 33 59 107 63 28 27 47 110 45 21 28 65 114 63 22 30 54 116 51 31 27 54 112 52 25 25 61 96 64 29 27 57 97 47 25 26 58 85 60 23 24 54 75 50 27 25 55 168 0.09 18 
7 123 494 42 12 9 24 45 27 10 11 24 38 23 9 9 22 35 20 9 8 26 35 24 10 12 22 34 20 10 9 20 41 14 8 8 22 30 19 12 11 20 27 20 9 11 17 28 25 13 12 18 31 17 9 8 21 32 23 10 8 18 34 18 9 11 22 33 18 9 10 17 36 21 63 0.03 6 
8 178 432 178 83 146 85 35 37 80 168 71 54 48 78 133 82 41 52 80 154 90 51 45 61 165 99 41 48 75 124 72 44 36 93 141 102 54 42 73 172 80 37 47 82 146 78 43 50 76 150 74 47 34 82 123 121 44 48 76 159 81 34 49 85 158 74 39 40 107 151 89 43 51 267 0.03 6 
9 126 53 156 96 42 18 31 48 105 53 29 23 45 59 42 30 25 51 82 37 20 28 56 86 50 25 19 43 77 39 27 36 46 85 61 20 31 57 78 53 25 23 54 89 45 26 27 43 95 39 18 24 65 101 50 29 30 50 77 57 25 34 40 97 43 25 22 61 82 36 25 25 63 208 0.09 18 
10 199 231 43 22 31 88 43 24 24 36 63 37 20 21 34 74 40 20 20 47 62 33 20 24 44 75 47 19 17 44 78 38 24 25 39 70 40 18 22 40 71 39 21 20 35 62 37 19 17 43 73 40 24 24 33 59 57 18 19 45 71 46 23 24 39 88 55 25 18 48 81 52 24 86 0.08 16 
11 498 410 152 29 41 92 115 66 45 42 90 106 72 34 35 82 131 97 46 36 60 151 89 47 27 82 104 76 32 50 80 141 63 38 34 84 130 79 42 37 89 128 87 37 39 69 126 63 38 41 83 133 88 34 39 58 93 81 42 36 78 133 84 29 28 85 143 75 39 52 65 125 68 228 0.07 14 
12 177 237 46 26 15 39 61 39 26 22 50 95 55 29 23 50 60 47 19 20 57 117 12 18 15 44 76 53 33 21 44 89 45 13 14 86 78 53 27 37 32 76 33 29 21 52 91 42 25 21 46 81 50 12 29 41 57 37 24 27 38 110 41 20 26 54 63 47 33 12 36 69 55 92 0.08 16 
13 255 48 288 136 85 48 56 93 182 82 55 40 82 155 92 52 55 98 180 98 46 43 95 152 115 38 47 112 180 87 39 57 113 188 104 45 42 83 143 107 39 50 84 149 80 55 50 104 148 102 43 51 87 162 81 48 48 95 160 90 48 42 106 166 90 46 49 76 189 85 55 41 112 384 0.02 4 
14 271 460 72 31 14 9 11 15 27 39 14 14 19 28 27 10 9 25 47 27 19 13 29 56 23 12 8 9 40 22 0 19 29 38 34 11 10 33 43 31 25 16 8 53 23 10 11 22 64 14 13 18 44 37 27 11 5 20 48 35 13 9 25 59 26 7 10 28 62 34 4 9 24 96 0.04 8 
15 77 285 144 45 77 47 26 21 41 90 56 20 18 43 67 53 23 27 47 65 45 22 24 42 83 43 24 22 38 82 53 23 25 54 75 47 24 22 54 94 51 22 26 49 67 53 27 24 49 81 42 31 25 53 96 42 25 25 56 80 44 23 23 47 70 39 20 23 38 71 54 21 21 192 0.07 14 
16 325 405 141 41 52 35 23 22 46 78 52 26 21 53 66 36 18 16 57 112 51 17 22 23 65 19 20 31 61 56 35 26 16 50 96 57 35 16 61 92 36 14 22 45 82 48 26 29 38 73 52 20 26 47 82 45 20 28 50 77 40 26 24 45 60 68 20 31 41 55 45 19 24 188 0.05 10 
17 260 225 138 30 86 47 15 19 51 96 47 22 26 35 100 39 17 20 49 62 42 23 25 52 60 48 20 22 50 83 47 19 18 52 84 36 21 20 32 79 36 22 20 53 85 45 19 21 51 108 51 27 20 40 106 55 25 21 34 83 28 22 20 50 93 54 26 16 61 85 55 19 14 184 0.08 16 
18 470 112 186 43 119 149 79 54 38 101 168 109 40 40 101 191 105 38 45 91 132 90 50 44 92 155 111 44 44 88 166 94 42 40 81 195 90 41 49 86 127 109 48 44 90 158 90 44 45 105 187 91 40 53 92 175 102 47 50 89 180 96 35 45 111 165 93 55 41 100 129 100 41 279 0.08 16 
19 305 59 96 45 42 106 154 67 47 41 80 163 112 42 41 80 182 84 47 64 88 164 114 37 53 90 177 99 40 41 110 156 85 48 46 86 187 96 48 43 71 157 90 53 51 91 167 84 44 37 89 167 126 43 47 116 217 87 41 49 88 178 80 32 48 94 136 84 47 48 96 147 72 192 0.07 14 
20 270 136 92 80 49 42 87 164 85 44 40 95 140 67 37 36 114 174 97 31 43 103 119 79 53 39 107 146 107 45 51 102 164 92 49 45 77 159 108 47 38 82 171 97 58 50 107 178 72 36 41 99 132 81 34 37 98 135 94 50 49 108 187 74 43 44 102 181 83 54 42 73 151 184 0.03 6 
21 305 296 164 127 83 42 39 67 118 68 43 44 91 112 91 50 47 94 132 69 43 34 68 134 92 34 36 99 128 75 45 38 72 162 79 39 32 77 167 96 46 35 89 124 65 41 35 70 128 81 37 43 81 168 94 46 31 87 138 77 32 35 74 121 85 44 45 73 134 82 34 46 82 246 0.07 14 
22 121 362 10 5 6 11 12 5 1 15 19 5 5 4 10 28 5 5 3 7 29 5 6 11 10 20 0 4 3 6 14 3 5 7 12 15 2 7 6 13 20 5 7 1 16 21 11 4 8 10 10 8 3 8 14 7 0 5 9 8 2 3 5 5 3 20 8 6 4 7 12 8 0 20 0.09 18 
23 471 405 71 29 48 111 70 30 32 65 102 67 37 33 71 128 80 36 30 74 117 55 39 30 79 107 69 34 39 63 134 68 44 35 70 117 60 30 29 65 104 65 31 44 71 93 62 38 30 80 121 78 34 43 77 123 66 37 33 64 127 59 35 33 76 141 55 38 36 56 125 68 34 142 0.05 10 
24 249 87 12 13 38 2 0 8 11 11 21 10 5 4 14 16 7 0 21 0 3 4 5 5 38 14 1 11 15 39 25 3 8 2 12 0 11 11 13 1 18 0 7 23 11 0 1 16 35 21 9 4 9 6 39 12 11 9 20 27 20 7 10 21 25 12 1 8 11 28 32 0 8 24 0.02 4 
25 294 259 160 45 39 92 151 96 40 42 99 120 58 27 42 96 138 74 37 45 72 164 100 42 47 77 154 105 42 35 63 101 49 30 38 73 113 71 27 31 69 147 68 43 44 65 133 75 40 36 94 196 56 42 43 106 120 81 41 41 90 169 99 42 39 63 142 100 41 41 94 115 87 240 0.09 18 
