150 10 12271
0 457 232 25712 18601 18599 18600 18599 18599 18598 18599 18601 18599 18598 0.01
1 150 350 15 6 4 3 10 19 13 6 10 13 25 13 3 7 3 30 9 6 8 19 33 11 6 13 17 19 7 10 6 20 21 16 6 6 9 14 14 7 5 8 22 19 8 8 19 12 15 4 5 15 10 13 5 8 8 32 13 6 6 16 4 30 0.09 18 
2 255 267 60 18 10 14 32 49 19 10 10 39 47 27 2 22 52 20 26 21 10 45 51 17 14 22 51 47 40 26 23 27 56 44 7 4 48 51 9 15 13 27 46 31 12 3 28 56 20 12 13 14 63 53 22 9 39 33 38 13 8 25 65 90 0.05 10 
3 30 463 84 14 14 64 53 20 13 15 27 84 6 12 15 25 51 16 13 5 30 49 28 15 9 20 64 19 13 11 36 35 31 5 8 33 29 30 14 16 39 49 35 14 9 29 19 15 14 13 24 42 33 9 14 44 4 40 20 7 17 25 33 112 0.09 18 
4 125 144 92 48 24 28 43 79 46 24 21 50 83 44 22 26 36 92 50 26 21 40 77 43 25 24 42 73 48 20 18 46 80 51 25 19 47 84 51 18 24 54 80 55 21 23 42 91 39 24 28 46 66 54 24 15 43 66 46 19 28 48 59 138 0.03 6 
5 475 325 136 103 57 44 23 82 101 84 30 30 62 111 58 28 26 76 115 87 28 38 53 128 49 35 34 63 122 73 37 32 66 117 83 36 32 78 146 57 37 34 67 137 51 29 27 62 144 77 45 40 67 101 56 33 36 65 119 62 40 28 73 204 0.05 10 
6 75 452 234 80 41 40 82 134 81 36 38 68 110 91 33 37 83 158 70 40 45 91 109 64 33 32 62 133 78 46 30 85 161 63 41 40 77 140 73 36 37 71 160 64 41 40 88 119 73 35 40 99 163 66 44 32 86 137 74 35 35 59 178 312 0.07 14 
7 78 451 134 66 29 33 59 113 75 39 34 50 79 66 34 26 88 129 55 30 30 80 118 58 32 22 66 78 58 37 29 57 111 82 34 25 58 154 51 30 38 59 109 55 37 38 75 122 77 30 33 42 94 55 41 34 72 101 54 42 39 61 95 201 0.06 12 
8 286 476 44 15 19 41 59 47 19 13 43 80 50 19 16 52 68 43 20 20 61 59 46 20 22 42 49 34 22 16 56 66 47 18 16 42 54 29 21 15 55 85 44 20 16 49 75 32 18 17 59 83 45 34 22 33 77 35 25 22 44 56 43 88 0.09 18 
9 310 175 54 20 26 7 8 5 14 40 0 14 8 18 32 21 11 8 1 14 19 11 5 24 29 13 3 5 21 45 25 6 11 18 12 23 13 11 12 32 15 11 15 13 23 12 3 10 15 30 24 5 5 6 39 17 10 14 15 32 45 11 2 72 0.03 6 
10 147 60 234 27 39 65 106 71 41 43 84 147 59 39 45 97 155 63 39 39 71 150 75 32 50 90 137 91 33 46 80 150 68 40 40 69 90 57 33 34 61 165 79 36 36 79 134 76 40 36 71 130 82 39 39 72 139 85 42 54 78 130 65 312 0.05 10 
11 359 74 91 55 50 78 130 89 50 50 112 147 101 38 56 102 176 87 43 37 84 151 83 51 57 103 168 77 52 38 84 140 100 44 55 118 126 112 52 53 82 168 100 46 51 101 154 104 46 51 96 163 97 39 44 113 151 82 40 44 117 143 97 182 0.04 8 
12 74 488 117 35 90 44 13 20 47 72 50 26 21 35 87 39 19 13 45 92 59 15 21 45 78 29 27 19 45 55 35 15 19 44 38 36 19 17 27 81 47 18 11 41 67 31 26 18 34 33 58 21 17 38 63 46 13 14 29 53 31 20 17 156 0.09 18 
13 238 455 130 87 58 29 26 65 114 50 22 32 46 87 56 39 32 76 86 71 40 22 47 119 52 24 28 40 113 62 38 23 94 100 54 51 21 85 123 59 21 26 97 103 75 33 47 60 90 62 32 23 64 116 51 29 33 47 138 64 33 24 56 195 0.06 12 
14 491 28 291 105 41 39 76 175 80 59 41 101 177 97 46 46 89 183 113 56 42 91 133 88 40 43 105 187 105 42 57 86 155 100 56 54 75 147 89 42 42 115 153 80 53 54 78 150 112 40 48 104 188 94 52 56 92 180 93 51 53 102 140 388 0.02 4 
15 158 197 93 55 59 83 158 70 43 47 99 137 114 54 48 97 180 102 54 35 86 142 81 38 48 90 170 99 52 41 91 137 108 33 33 106 132 94 54 47 91 159 87 47 54 79 142 92 38 43 89 175 69 54 34 97 151 81 40 44 121 152 92 186 0.08 16 
16 281 228 184 55 95 145 75 43 46 71 124 78 42 60 102 128 70 35 50 96 132 85 36 35 125 178 102 48 43 117 161 77 50 55 109 133 118 39 47 91 176 112 40 48 92 113 100 43 52 76 154 108 41 48 93 156 76 50 61 96 176 85 42 276 0.09 18 
17 458 160 19 30 51 38 10 5 7 59 22 2 10 27 90 32 12 5 22 58 27 5 6 46 18 11 11 3 24 40 36 3 11 9 47 12 3 10 10 37 10 8 6 26 36 6 6 20 11 29 17 4 0 22 34 25 0 4 0 34 15 3 8 38 0.05 10 
18 150 391 186 28 30 51 116 83 25 41 63 91 55 29 35 45 121 50 36 34 42 101 55 29 31 79 89 56 37 29 53 112 48 35 27 61 104 56 28 34 64 128 86 38 22 69 92 57 31 28 61 115 39 34 33 68 119 58 34 36 60 92 46 248 0.09 18 
19 194 313 108 19 58 79 64 28 29 71 73 52 33 24 72 68 66 17 24 58 92 35 23 24 68 106 51 29 23 58 94 54 25 29 48 140 65 36 31 48 80 53 22 26 48 96 54 31 36 58 105 44 22 32 61 90 63 34 22 62 101 69 27 162 0.06 12 
20 161 145 36 44 24 15 5 18 26 14 6 5 25 30 0 13 14 9 12 27 1 10 24 32 26 15 11 4 18 10 3 10 14 18 16 23 11 11 26 17 17 15 32 15 23 17 8 14 5 17 9 6 9 26 25 11 8 16 39 10 7 9 21 54 0.03 6 
21 47 413 225 32 65 143 91 46 28 89 108 58 35 25 82 141 55 33 39 47 120 88 39 45 82 122 73 32 46 67 115 75 35 48 50 135 79 34 45 68 116 63 36 41 61 157 65 37 43 78 118 63 34 46 83 108 64 44 41 90 159 83 39 300 0.08 16 
22 164 43 35 15 40 47 28 12 22 39 11 39 21 17 34 55 26 12 13 46 50 35 14 18 37 60 47 19 9 29 75 21 14 19 39 40 22 14 19 43 35 37 26 20 40 43 43 19 19 25 46 27 16 14 36 41 41 14 15 27 20 30 10 70 0.06 12 
23 229 471 17 7 19 9 8 1 0 12 9 6 21 1 18 3 1 9 0 20 15 3 32 7 13 9 2 19 2 27 14 14 31 13 3 5 12 37 34 28 15 9 25 29 20 11 13 32 61 33 6 4 25 77 6 5 6 11 53 12 5 9 0 34 0.07 14 
24 316 360 45 7 15 22 20 5 11 14 20 14 8 4 12 29 15 5 7 14 17 12 7 7 20 21 12 7 11 10 19 15 5 9 19 21 19 9 4 28 20 17 11 7 13 21 12 5 7 15 19 17 8 7 26 30 19 6 8 17 33 17 9 60 0.09 18 
25 404 233 128 26 24 69 102 60 32 30 82 112 67 33 35 54 113 55 35 26 74 103 75 31 30 69 107 73 29 32 66 119 60 29 34 59 122 74 30 37 54 108 47 34 35 49 102 56 39 39 56 107 74 28 29 71 83 74 34 28 53 86 66 192 0.06 12 
26 454 232 122 30 26 60 101 66 26 27 44 97 70 26 30 60 134 77 30 30 80 91 60 35 33 55 124 72 25 30 72 115 55 28 31 61 115 75 36 33 70 88 53 25 28 58 77 81 24 26 54 127 82 29 24 57 109 59 22 32 67 106 68 183 0.09 18 
27 40 349 98 25 53 63 54 26 21 52 72 54 22 18 50 71 58 22 21 56 66 52 32 23 47 52 52 24 22 41 69 55 26 25 55 92 39 22 17 54 87 47 24 21 53 88 43 15 25 57 87 42 27 24 48 101 41 26 23 50 76 47 30 147 0.05 10 
28 35 74 93 46 22 11 13 25 58 27 19 16 46 42 28 18 17 28 64 26 10 17 38 49 30 15 19 34 53 28 12 18 27 46 32 19 21 38 50 42 13 19 25 49 30 22 19 23 56 19 11 14 38 55 25 14 15 18 53 34 15 19 32 124 0.09 18 
29 493 28 91 43 96 128 92 40 36 118 138 105 41 36 92 167 106 46 51 94 142 72 40 42 90 138 106 33 39 102 190 102 53 36 89 179 82 37 48 79 119 91 46 53 112 129 94 46 55 77 184 68 34 49 92 153 82 48 41 67 195 86 40 182 0.06 12 
30 385 224 63 14 12 20 53 23 18 7 12 23 21 6 11 3 21 0 13 9 7 13 20 11 10 14 46 17 7 7 35 13 15 18 12 8 46 12 12 5 25 26 28 12 10 18 30 19 3 6 7 26 18 12 2 32 52 24 1 12 16 20 16 84 0.03 6 
31 34 189 66 43 22 14 10 26 35 23 11 10 23 37 19 11 11 17 53 22 8 13 28 40 20 9 7 30 40 19 12 10 26 39 30 8 10 23 31 22 7 11 24 41 22 11 12 22 39 27 10 13 21 36 19 10 10 26 34 26 9 10 19 88 0.08 16 
32 143 23 150 22 32 46 93 46 20 27 41 94 53 23 23 44 90 47 24 29 59 83 39 26 23 41 88 53 24 26 49 76 60 20 22 55 96 41 24 21 42 86 37 32 26 46 73 36 24 29 44 83 49 22 33 55 90 49 31 27 50 102 54 200 0.02 4 
33 343 150 240 134 98 28 37 63 120 105 37 45 67 154 76 41 38 86 108 75 43 30 77 137 49 43 49 77 92 92 41 32 79 97 65 56 46 66 141 99 35 33 86 115 98 40 34 67 159 91 34 39 95 161 76 42 39 69 99 78 60 32 82 320 0.09 18 
34 397 266 297 50 108 160 110 43 40 104 158 114 48 42 120 181 115 55 48 101 188 97 42 52 117 196 85 55 43 81 194 85 50 41 114 178 94 56 51 111 141 96 46 44 92 184 112 58 58 120 195 85 51 49 104 164 110 52 56 88 153 105 50 396 0.08 16 
35 14 97 47 21 23 56 71 52 21 15 55 94 56 18 29 57 101 55 23 26 72 58 45 20 21 45 84 36 19 31 56 111 42 15 24 51 78 41 30 28 35 71 36 31 17 61 70 44 32 32 47 97 39 23 21 35 40 46 23 24 38 85 38 94 0.03 6 
36 21 142 58 27 32 59 81 63 27 31 66 92 62 29 33 48 97 56 29 28 54 80 56 29 30 46 124 44 32 32 74 127 65 29 30 67 120 54 25 35 54 106 57 31 26 43 112 60 32 30 63 87 48 28 31 62 115 45 31 32 53 93 48 116 0.06 12 
37 416 370 46 49 12 19 67 106 45 23 29 47 94 41 19 24 22 66 37 25 12 71 77 46 25 17 43 72 66 35 18 54 93 56 19 30 41 75 39 23 18 55 63 71 16 21 46 53 50 26 30 37 61 53 28 38 44 96 36 21 32 48 84 92 0.07 14 
38 241 456 32 44 34 13 16 48 37 37 17 17 48 69 18 17 7 32 65 29 19 22 51 33 31 17 13 21 64 44 12 23 27 48 36 11 12 21 63 30 19 15 34 77 41 13 20 31 46 25 12 10 15 77 21 14 8 25 57 32 23 9 28 64 0.04 8 
39 142 68 120 25 18 17 33 78 48 17 20 54 50 40 13 16 26 38 44 18 11 32 84 36 20 21 48 59 53 15 22 54 84 43 19 18 31 76 37 13 22 32 61 36 23 20 53 55 32 17 21 28 71 51 29 26 38 62 59 22 24 25 52 160 0.03 6 
40 330 323 144 44 75 41 24 28 42 80 49 27 29 68 88 36 25 24 57 83 61 29 21 43 90 38 18 26 41 64 53 15 23 37 79 42 18 33 54 65 47 28 26 57 86 44 24 20 49 81 57 19 18 37 88 39 22 24 60 95 51 33 27 192 0.07 14 
41 110 418 108 36 50 106 62 38 30 41 107 63 24 18 54 81 58 29 40 28 76 40 28 29 69 97 59 26 34 58 101 58 27 32 50 92 54 30 20 59 73 46 26 21 54 86 65 22 27 46 82 50 33 28 44 78 42 36 20 54 86 43 29 162 0.04 8 
42 274 493 116 41 26 26 51 88 63 35 29 65 76 67 29 31 54 83 65 34 24 59 94 47 24 24 46 86 67 33 30 53 80 72 33 31 65 107 56 34 32 64 80 45 31 24 63 91 60 26 38 62 88 60 31 31 48 99 67 30 32 67 96 174 0.06 12 
43 134 356 165 73 69 26 26 56 111 28 35 34 38 98 51 28 25 57 92 37 25 26 65 111 37 34 34 62 66 38 33 27 43 84 72 26 24 64 101 55 25 26 77 111 60 22 34 49 106 70 24 22 37 93 68 33 35 58 111 58 20 28 58 220 0.02 4 
44 51 491 102 90 45 24 25 41 76 41 22 28 43 77 54 27 20 52 74 55 24 29 57 88 55 24 22 41 71 55 23 22 53 98 51 20 26 48 82 55 28 28 51 89 46 25 24 40 74 48 27 22 42 92 62 29 28 47 79 45 26 25 57 153 0.02 4 
45 138 414 30 12 28 48 34 14 13 28 48 24 15 10 30 45 26 13 16 25 57 24 15 15 32 53 19 15 13 30 60 29 13 14 30 54 26 13 17 26 57 41 15 14 36 48 24 13 15 33 62 27 17 13 30 57 33 14 14 37 60 25 18 60 0.05 10 
46 224 134 91 123 171 103 37 49 92 130 87 42 38 92 136 64 35 45 95 155 94 47 57 88 172 85 39 45 119 177 80 33 36 109 160 90 58 41 73 173 68 41 51 80 190 117 48 34 92 174 108 48 39 82 199 68 53 43 113 151 95 36 58 182 0.02 4 
47 381 424 12 29 6 2 4 14 30 13 6 2 5 34 7 11 7 10 21 20 7 8 9 32 6 6 2 3 12 6 3 3 20 29 20 9 9 18 2 19 6 5 17 24 6 4 7 16 12 11 5 9 20 19 10 11 9 6 10 18 8 3 15 24 0.03 6 
48 210 483 78 38 59 128 78 31 49 69 112 82 35 33 63 115 72 28 41 84 136 79 45 34 79 114 90 36 35 59 105 64 43 43 73 147 61 29 38 67 121 79 35 31 69 145 74 42 48 65 123 95 32 33 71 143 72 35 44 72 126 75 31 156 0.05 10 
49 429 342 45 0 5 43 11 4 12 20 49 1 10 3 16 12 11 5 9 17 44 6 8 6 6 51 20 12 6 0 0 3 11 4 10 25 22 0 5 22 25 5 9 7 2 36 10 4 7 24 27 24 3 10 19 33 11 2 7 12 20 16 17 60 0.04 8 
50 368 369 183 35 56 122 64 33 23 43 111 85 37 28 54 97 57 24 19 57 62 43 35 23 59 132 55 37 38 71 115 58 26 27 50 113 57 29 28 64 89 70 30 32 56 116 50 28 33 59 82 80 23 40 69 111 51 28 28 75 98 53 19 244 0.04 8 
51 279 389 190 147 92 52 56 107 172 105 40 41 113 185 77 39 52 110 162 91 45 50 108 181 97 52 46 93 173 100 52 55 86 160 78 49 56 84 144 86 45 39 111 153 102 38 51 89 172 75 54 54 114 151 108 52 56 110 188 100 57 40 91 285 0.07 14 
52 241 220 60 86 89 66 26 42 70 125 51 29 33 59 93 79 25 21 68 108 68 20 39 48 120 56 44 33 71 93 71 29 17 60 98 65 32 27 69 106 60 32 26 55 112 35 36 21 57 121 61 25 31 62 80 67 23 29 75 114 42 29 26 120 0.07 14 
53 235 153 24 22 28 5 7 6 10 56 3 8 8 9 18 12 5 5 27 45 10 3 10 18 24 0 6 7 10 31 17 2 9 11 51 12 7 7 0 15 8 6 1 10 33 15 1 0 6 11 23 3 11 20 15 19 6 0 14 29 1 6 3 36 0.04 8 
54 141 76 36 17 5 12 29 10 16 20 40 12 14 5 23 38 18 3 7 32 26 8 6 14 4 59 18 15 10 24 26 24 2 8 15 23 20 7 12 34 27 23 3 11 12 58 21 15 12 10 4 17 4 5 29 33 6 7 16 24 46 28 11 54 0.04 8 
55 3 70 24 6 5 4 23 4 7 0 16 0 3 8 0 11 28 14 6 8 15 32 8 2 1 17 21 12 2 7 12 19 7 5 9 1 42 9 5 0 2 19 8 8 6 8 0 11 1 0 6 29 19 5 0 16 2 0 9 6 20 43 30 36 0.04 8 
56 439 459 273 85 46 51 80 157 98 38 47 86 135 73 40 43 104 174 75 53 37 96 160 80 40 42 84 140 106 55 37 76 163 101 38 44 101 132 89 52 42 75 172 77 40 46 91 133 111 40 45 72 135 106 47 48 96 155 100 38 43 104 163 364 0.02 4 
57 251 119 96 21 43 104 43 19 23 41 69 82 19 20 50 88 70 23 28 45 78 42 30 25 53 75 45 23 30 33 64 57 26 17 39 64 45 18 24 37 89 40 22 20 51 77 30 23 28 51 77 55 28 27 43 85 47 21 18 34 68 51 28 144 0.08 16 
58 163 490 77 125 71 39 37 77 113 74 38 34 77 115 73 33 37 72 140 79 39 39 77 133 81 39 40 91 120 76 37 45 91 120 74 31 32 72 133 73 40 40 69 128 84 44 35 88 105 84 37 45 72 144 68 42 41 86 121 66 34 44 62 154 0.05 10 
59 307 374 180 85 57 34 22 80 113 47 28 26 49 88 50 29 24 55 86 54 22 38 82 81 47 26 32 55 71 62 32 22 58 95 58 36 32 67 89 40 21 24 90 83 77 24 32 53 94 73 37 24 60 150 62 29 25 76 79 65 29 26 81 240 0.02 4 
60 295 118 21 13 12 20 41 23 6 9 21 39 21 4 19 21 27 24 13 11 18 50 14 9 10 11 22 21 11 11 28 39 41 11 13 21 26 22 7 10 19 31 6 16 6 24 24 29 10 6 11 36 30 10 10 24 43 19 8 6 15 52 20 42 0.06 12 
61 99 272 81 67 34 28 59 159 81 30 48 89 109 62 51 33 95 95 68 39 40 88 107 67 47 28 73 111 48 37 51 93 152 76 36 41 68 91 73 40 50 59 129 91 36 47 92 144 73 44 45 90 194 70 49 49 83 118 63 28 30 64 126 162 0.03 6 
62 135 163 135 39 37 72 36 19 29 36 63 58 19 21 60 108 39 21 22 34 82 41 28 22 46 85 44 15 19 57 85 46 17 28 30 87 55 24 27 54 69 55 23 22 29 118 57 16 19 77 79 54 13 19 51 121 41 15 19 38 80 49 21 180 0.03 6 
63 184 169 26 11 11 13 11 23 13 6 0 3 20 16 3 6 24 27 9 6 5 9 5 7 5 3 13 4 8 0 10 17 19 6 5 3 2 44 8 7 4 6 21 7 8 5 8 24 8 9 8 11 23 11 6 3 22 18 12 4 4 12 16 39 0.09 18 
64 309 138 24 6 7 15 34 13 3 1 8 4 15 2 3 16 8 13 4 12 11 23 20 6 8 3 10 11 10 7 5 22 23 3 7 0 23 5 8 10 5 25 5 8 2 14 25 6 13 9 16 26 17 5 0 21 1 15 4 6 17 23 23 36 0.03 6 
65 482 148 49 78 69 26 15 56 108 43 16 14 55 81 62 15 14 40 72 57 17 29 55 70 40 26 21 47 109 40 30 31 69 103 55 19 20 46 77 54 20 25 36 74 39 21 32 54 66 60 23 24 39 82 32 18 32 49 86 47 29 20 38 98 0.09 18 
66 6 365 249 42 41 72 114 95 43 39 64 146 85 39 42 80 138 82 49 41 85 160 90 39 49 95 152 72 39 41 84 152 80 41 33 69 169 90 37 35 83 151 93 36 47 95 132 102 36 44 76 139 66 44 46 101 132 92 51 38 75 160 93 332 0.08 16 
67 385 220 44 33 8 12 10 26 26 11 20 56 55 20 1 5 14 43 28 11 10 35 56 11 10 11 45 42 43 9 11 15 39 16 8 7 31 26 12 20 13 26 23 25 15 10 28 20 28 5 7 1 49 31 9 8 12 70 31 6 7 31 47 66 0.06 12 
68 235 192 48 12 10 19 31 23 12 13 25 34 22 9 13 22 33 28 9 10 23 37 17 9 17 29 34 22 12 15 29 44 26 11 9 27 47 20 10 11 26 39 25 11 11 22 50 27 10 12 25 44 28 14 11 20 40 20 10 11 25 40 30 72 0.08 16 
69 21 429 195 35 26 54 107 57 45 37 60 100 69 40 33 68 83 48 38 32 68 110 76 42 32 49 133 56 34 37 60 109 71 31 30 65 115 56 27 35 68 143 55 29 31 67 114 80 25 34 58 120 55 31 31 58 119 67 30 26 79 98 61 260 0.04 8 
70 447 357 219 71 131 65 28 31 78 118 75 38 40 75 128 81 37 42 68 115 99 36 36 80 153 66 33 30 85 124 71 38 39 70 143 85 29 41 71 112 64 43 30 80 141 54 39 40 75 126 69 32 29 90 135 65 38 28 65 102 101 30 35 292 0.03 6 
71 485 116 84 9 13 32 56 32 14 11 41 60 39 15 14 22 48 18 18 10 19 46 18 15 9 22 25 15 14 18 22 41 24 14 12 25 35 35 9 15 35 71 31 11 14 14 29 31 19 13 39 47 13 7 17 23 36 25 12 8 21 61 20 112 0.05 10 
72 184 66 204 31 38 78 87 68 39 36 59 137 82 29 40 87 112 63 31 37 77 146 66 38 26 59 115 65 45 40 68 97 54 30 36 54 118 50 30 24 63 117 76 42 34 59 139 59 44 36 61 105 82 38 29 55 90 70 29 30 65 145 71 272 0.07 14 
73 147 117 129 22 18 52 93 49 19 22 47 56 42 18 21 45 58 39 17 14 53 59 37 17 20 39 57 38 20 18 39 69 34 20 22 39 64 51 24 18 44 73 34 20 21 51 74 37 22 20 39 56 44 25 19 45 67 44 25 15 38 60 55 172 0.04 8 
74 380 451 198 53 27 43 61 138 67 23 25 53 132 66 28 44 67 97 60 35 36 38 104 78 29 36 54 111 85 42 30 70 131 67 29 28 54 106 49 30 30 52 135 84 42 27 57 145 61 38 38 74 144 53 41 34 73 164 77 42 45 57 117 264 0.05 10 
75 344 132 104 22 29 56 81 54 26 24 49 82 51 24 22 43 76 53 22 22 52 85 56 24 27 50 73 47 29 22 44 77 55 27 23 44 102 42 24 24 52 81 39 31 29 49 86 61 29 28 61 63 66 27 29 46 95 52 30 32 65 67 38 156 0.08 16 
76 166 56 80 65 62 23 23 59 81 38 19 19 46 68 15 13 13 56 88 30 18 24 53 49 31 26 11 36 75 32 23 17 27 85 32 18 26 64 54 33 14 14 41 90 27 24 14 43 66 53 22 17 46 107 33 11 19 37 85 49 24 14 45 120 0.08 16 
77 40 313 126 34 68 52 20 26 36 71 41 17 26 36 52 50 24 25 46 79 52 24 19 35 64 49 16 20 31 79 41 22 18 47 68 40 17 24 43 48 42 17 15 45 84 44 22 18 50 67 51 22 21 48 71 39 25 20 44 77 43 23 17 168 0.07 14 
78 420 254 50 31 33 44 88 61 30 22 44 95 48 12 18 46 84 46 30 29 56 67 46 25 19 49 79 39 27 30 41 84 49 21 23 45 72 54 27 23 32 70 40 22 16 60 81 45 25 16 50 95 47 23 20 53 76 47 23 21 39 100 54 100 0.09 18 
79 261 482 106 23 44 137 39 29 28 71 108 54 29 26 62 53 66 26 27 65 98 40 35 28 32 118 61 26 27 48 73 47 25 31 55 69 49 23 20 51 58 54 24 17 58 105 58 13 28 55 85 56 34 30 43 93 42 27 25 37 75 60 33 159 0.06 12 
80 65 402 255 34 80 125 69 40 45 99 149 95 46 42 94 123 67 47 39 79 179 69 35 40 67 129 79 41 37 70 176 73 47 37 97 141 95 36 39 87 172 96 47 38 99 121 101 46 34 91 155 76 41 56 75 142 105 36 38 77 129 92 37 340 0.08 16 
81 428 444 27 11 19 79 19 10 28 23 78 11 17 13 14 67 26 11 14 28 7 8 24 14 29 46 39 10 14 16 42 40 9 9 29 57 20 18 14 33 32 30 13 8 23 44 13 13 12 32 64 31 5 16 27 47 63 16 8 27 91 16 10 54 0.08 16 
82 139 420 32 38 26 18 22 25 41 33 19 11 34 79 34 18 21 32 78 42 31 22 17 58 45 9 9 46 42 28 28 18 45 51 21 7 18 23 75 27 13 18 31 91 54 10 19 20 77 31 14 18 25 51 47 24 13 21 54 37 14 13 26 64 0.07 14 
83 21 247 49 52 78 45 25 18 47 64 37 20 19 52 78 61 17 30 52 80 44 16 17 60 91 51 27 30 57 87 64 25 19 53 78 47 22 22 53 84 60 19 17 52 74 48 30 22 52 71 46 20 22 51 99 45 22 28 48 70 50 29 25 98 0.09 18 
84 43 372 38 39 19 18 38 69 41 14 20 42 61 41 20 22 38 62 43 19 19 42 52 38 20 24 31 57 33 18 22 46 77 39 18 16 45 57 36 17 17 32 62 37 18 15 37 59 39 21 18 42 60 41 23 20 33 70 45 18 18 44 69 76 0.05 10 
85 312 335 264 141 77 45 52 97 162 104 40 50 101 167 84 49 52 93 132 89 49 44 74 168 73 41 46 99 160 102 36 36 83 139 98 46 47 81 153 74 39 36 86 140 100 52 38 80 133 76 34 38 78 163 99 52 51 84 139 84 49 50 79 352 0.06 12 
86 221 11 136 85 30 35 87 77 69 37 32 76 116 57 31 27 61 129 61 47 26 65 151 59 39 34 76 125 60 32 45 84 122 46 31 28 57 132 84 40 27 66 102 57 30 42 78 122 61 36 33 89 115 56 41 37 66 117 64 24 33 79 119 204 0.08 16 
87 53 497 44 50 20 26 39 60 55 22 26 41 74 43 24 17 49 74 39 24 19 39 81 45 26 21 39 77 44 22 21 40 70 37 21 24 43 63 35 18 24 38 81 41 23 25 36 65 46 21 22 41 69 53 19 22 34 89 49 22 26 45 65 88 0.02 4 
88 19 302 16 20 55 10 6 13 27 24 5 7 9 10 16 2 8 4 10 24 29 8 9 28 9 7 4 7 11 22 14 6 6 19 63 16 6 7 13 0 7 7 12 9 27 23 6 11 34 25 16 7 9 32 48 25 3 6 7 22 19 4 5 32 0.02 4 
89 428 342 153 20 46 86 42 26 24 53 66 40 35 20 46 90 64 22 30 67 114 64 35 19 54 98 53 20 30 54 90 58 31 25 43 81 56 19 30 39 80 64 26 26 39 95 50 22 20 44 60 67 21 22 43 73 36 19 24 65 91 48 26 204 0.09 18 
90 392 235 228 32 69 140 94 43 41 93 143 65 35 45 83 132 87 32 35 90 116 67 34 31 85 137 74 45 32 59 106 63 39 35 84 143 80 38 38 80 127 70 38 29 84 134 88 32 39 86 121 82 37 45 60 108 80 43 32 80 109 84 41 304 0.02 4 
91 490 96 182 82 163 91 41 39 71 193 97 40 46 84 170 82 53 37 96 158 103 43 38 71 160 85 29 63 75 147 111 43 37 82 214 79 58 46 85 164 89 40 38 105 202 90 56 38 96 155 108 42 41 79 168 81 54 38 106 197 85 34 54 273 0.07 14 
92 317 327 246 50 66 142 82 44 42 85 153 92 39 44 82 158 89 37 34 72 152 75 35 37 89 119 76 47 40 100 156 93 35 42 94 138 94 47 38 74 135 98 44 36 84 151 89 37 44 103 152 86 36 38 97 159 67 35 43 68 156 89 34 328 0.08 16 
93 335 219 213 132 89 36 37 77 130 83 39 30 85 129 62 31 31 69 109 65 37 43 58 119 69 40 33 80 100 77 37 34 74 160 61 40 33 72 135 75 37 32 70 139 51 41 30 81 104 78 28 29 71 145 85 34 31 89 109 59 39 30 85 284 0.06 12 
94 77 25 213 85 23 37 69 154 61 32 34 55 128 89 29 32 80 120 58 34 26 78 93 39 35 37 59 131 77 36 31 84 141 71 36 36 72 135 60 40 42 86 132 83 33 40 107 151 73 44 37 61 138 57 35 41 66 119 61 41 30 66 123 284 0.03 6 
95 163 429 120 64 38 31 69 109 56 34 29 74 117 54 36 27 53 94 65 19 35 47 106 96 33 26 63 96 50 18 35 36 99 57 23 26 77 95 40 18 31 49 100 46 29 28 60 112 68 35 17 39 108 41 20 23 49 79 53 31 33 67 104 180 0.04 8 
96 263 489 141 76 56 21 21 45 86 62 21 22 33 66 26 17 24 77 86 60 26 23 45 94 48 23 28 47 90 57 15 27 66 83 32 20 19 43 40 47 28 22 47 77 46 34 25 55 73 49 19 24 51 114 40 27 16 51 83 38 28 31 58 188 0.05 10 
97 94 165 189 69 25 25 77 94 47 31 34 60 93 50 30 24 58 127 71 37 33 51 94 66 35 36 70 131 58 35 26 80 104 68 25 37 62 102 66 28 35 59 120 55 30 37 60 105 57 29 38 65 134 70 28 27 61 125 70 29 36 71 93 252 0.09 18 
98 344 255 156 45 27 32 55 70 55 25 24 45 100 49 27 28 59 88 42 28 22 59 77 45 27 24 63 98 54 28 20 50 88 61 26 31 51 73 56 24 27 50 80 55 28 21 45 77 57 36 27 72 102 71 29 29 55 96 62 20 25 51 75 208 0.05 10 
99 93 358 190 44 47 100 177 108 47 43 82 156 96 56 44 78 148 76 51 46 95 155 85 47 47 90 177 91 37 46 101 165 96 53 40 75 156 86 54 51 84 170 90 38 56 80 152 117 42 49 98 161 91 46 38 101 142 111 56 42 86 144 117 285 0.03 6 
100 197 182 106 26 18 54 113 46 33 20 46 107 73 17 21 87 73 38 24 23 59 123 39 23 15 57 83 54 27 20 46 96 55 24 27 44 87 53 23 18 41 71 44 20 28 30 73 50 25 27 54 83 60 39 22 47 115 48 16 25 65 65 60 159 0.09 18 
101 13 141 183 68 24 36 42 109 63 26 33 69 90 44 22 24 77 141 81 26 38 62 64 78 34 26 70 91 70 27 33 58 105 51 31 25 53 107 56 41 35 55 110 62 33 25 62 100 45 23 29 56 93 54 26 29 69 78 78 37 30 62 108 244 0.07 14 
102 485 115 190 97 149 102 40 49 107 187 105 52 53 100 178 83 51 49 105 152 112 43 38 82 173 103 52 49 95 138 102 51 52 82 179 86 43 38 75 162 100 49 41 106 137 108 46 44 103 131 99 54 55 83 182 99 58 38 104 165 95 51 58 285 0.03 6 
103 126 461 82 26 63 41 24 24 65 80 49 20 24 23 46 32 24 16 53 69 47 20 11 31 73 38 16 24 28 72 41 15 29 37 69 41 20 17 49 51 44 17 21 42 59 40 13 18 54 75 29 16 16 27 67 29 23 22 31 92 34 17 26 123 0.04 8 
104 477 379 297 86 60 39 103 129 103 54 41 86 146 94 46 48 79 149 113 55 52 109 186 103 55 39 102 152 106 57 58 122 196 121 54 44 91 157 72 58 49 95 147 101 45 58 98 169 127 38 58 86 169 89 39 46 103 122 122 48 39 83 139 396 0.02 4 
105 325 119 93 35 12 17 27 64 23 19 11 27 43 23 12 14 31 49 33 21 12 37 52 27 9 13 39 47 43 12 11 30 59 37 14 15 26 37 43 14 12 25 47 32 20 15 37 51 31 13 10 33 65 26 18 14 30 50 31 14 18 26 59 124 0.04 8 
106 78 354 74 59 46 22 20 15 68 25 22 10 48 49 27 14 21 42 65 37 25 17 44 71 51 20 20 33 45 42 23 24 31 59 52 20 26 42 57 32 24 22 42 74 59 15 28 21 65 33 13 18 14 77 42 16 17 39 72 41 8 27 33 111 0.03 6 
107 192 411 267 70 145 99 46 45 74 126 76 44 42 67 168 109 39 43 69 169 90 45 35 100 184 89 35 47 112 120 63 36 39 102 135 99 54 36 74 175 97 44 42 75 128 108 41 50 74 156 75 50 53 81 138 81 35 56 90 134 81 43 48 356 0.02 4 
108 303 125 168 166 97 43 47 71 139 72 47 47 84 120 103 38 46 72 146 74 47 49 92 133 70 37 53 93 150 95 41 35 94 134 92 48 49 65 154 75 41 44 88 136 94 42 34 73 111 94 47 50 87 120 69 35 40 83 144 68 45 40 97 252 0.03 6 
109 318 85 273 33 83 152 78 55 43 107 182 84 43 55 92 116 107 39 48 88 137 80 43 38 99 139 109 48 48 108 158 73 49 44 106 142 74 39 51 87 145 99 41 40 75 143 82 56 50 77 157 86 51 51 97 129 85 46 42 77 122 94 36 364 0.07 14 
110 314 452 114 25 24 61 95 53 23 27 43 79 69 24 36 46 99 57 28 29 67 87 66 23 34 61 105 46 21 33 58 89 60 35 25 81 101 53 36 30 44 99 67 32 23 53 98 54 31 24 65 86 61 30 33 60 105 58 30 27 70 81 57 171 0.09 18 
111 477 145 63 59 89 57 32 35 68 101 66 31 36 62 89 52 30 24 65 116 65 32 27 79 113 81 33 36 56 122 66 33 33 55 107 55 31 36 62 119 59 36 30 58 120 51 22 26 58 104 50 30 28 61 90 55 32 31 60 126 58 25 31 126 0.05 10 
112 386 335 46 73 45 20 19 42 77 46 24 18 41 48 42 25 20 41 76 43 21 34 63 69 43 17 25 39 88 56 19 28 49 46 42 16 31 42 63 46 23 13 63 80 51 28 19 44 60 43 26 20 40 89 46 30 20 39 81 63 18 27 55 92 0.05 10 
113 47 460 22 17 10 10 3 2 15 4 28 4 5 6 23 0 5 8 13 18 10 7 6 15 2 22 6 9 7 17 14 3 0 12 18 9 5 5 7 17 9 4 6 9 31 6 8 2 6 22 19 3 3 8 16 13 6 8 8 15 8 7 2 33 0.08 16 
114 320 180 194 46 90 192 105 38 47 99 190 76 55 49 111 192 85 49 63 105 166 110 54 40 82 134 102 49 44 80 146 91 41 43 90 187 95 45 53 121 167 102 55 50 107 161 97 45 47 94 176 85 48 35 94 137 121 41 43 99 203 87 53 291 0.06 12 
115 215 418 21 19 19 18 12 10 14 31 21 3 12 21 52 26 17 9 14 36 30 17 11 25 20 17 12 16 22 43 17 13 8 24 38 26 10 7 23 37 28 14 11 18 28 18 10 11 17 35 24 8 10 11 45 27 5 7 39 31 25 6 7 42 0.06 12 
116 417 200 176 99 46 46 78 140 84 34 40 80 130 81 49 47 97 173 85 42 40 95 124 95 53 45 73 136 91 36 49 85 162 87 48 51 106 151 74 49 37 75 157 100 43 47 92 121 83 46 36 77 128 96 37 50 82 150 73 37 37 103 151 264 0.07 14 
117 70 457 83 42 47 97 137 82 46 62 81 170 112 48 42 81 130 65 49 52 82 166 99 46 34 100 156 69 41 32 86 92 78 34 48 69 138 67 29 37 54 141 55 36 30 71 150 65 45 49 76 129 96 42 36 81 114 78 37 47 75 149 89 166 0.08 16 
118 183 425 261 139 80 45 47 74 171 78 40 41 85 139 82 55 37 74 114 88 29 51 85 169 104 36 32 81 148 78 50 35 75 160 78 38 32 102 181 92 41 36 93 151 100 44 39 99 147 99 50 43 90 148 79 50 48 80 163 85 55 52 114 348 0.03 6 
119 366 112 10 21 9 15 4 9 7 20 18 3 4 15 5 23 6 5 13 31 0 0 5 3 33 28 13 11 17 33 21 7 1 0 25 7 5 12 13 12 14 10 5 22 34 5 8 0 13 50 5 0 3 0 0 0 10 3 0 10 25 8 0 20 0.03 6 
120 407 129 36 12 12 13 16 4 3 20 24 13 6 17 20 27 21 9 12 19 45 8 2 15 22 42 11 6 11 9 37 17 5 10 12 30 9 15 4 19 44 2 10 1 16 14 14 6 8 9 33 31 5 2 17 33 25 5 15 12 5 15 14 54 0.07 14 
121 104 442 54 10 28 46 16 14 9 18 50 21 16 12 4 68 43 12 16 43 29 20 23 9 34 42 26 18 10 25 62 15 19 15 15 47 30 6 9 23 96 24 17 12 17 50 48 13 7 33 62 23 13 11 18 37 42 9 13 16 54 22 17 81 0.09 18 
122 181 179 78 84 120 97 43 33 67 134 87 40 31 70 125 89 47 36 78 108 71 36 47 71 115 100 44 31 92 175 66 44 39 72 142 83 42 32 91 145 59 34 33 69 121 93 46 40 81 126 77 40 34 63 159 81 34 41 81 133 84 30 29 156 0.09 18 
123 488 389 188 147 87 49 44 96 135 105 53 43 100 163 80 44 37 84 127 111 52 51 79 141 87 43 39 91 175 82 35 54 102 190 106 49 43 102 126 82 50 50 94 146 92 37 39 110 158 86 39 45 95 137 73 48 53 84 136 107 51 53 94 282 0.02 4 
124 337 121 95 56 62 83 166 100 39 54 85 172 105 42 44 115 173 84 50 50 107 147 88 48 36 109 150 85 36 59 106 153 81 46 59 97 146 82 60 46 79 184 88 44 50 83 154 66 50 49 101 151 86 45 47 84 152 117 43 45 99 152 79 190 0.07 14 
125 464 105 252 32 29 102 153 68 37 37 69 158 64 38 47 72 141 51 41 54 88 144 82 48 38 107 141 73 36 46 99 148 74 41 41 101 145 78 27 32 60 116 104 40 38 91 139 70 46 40 57 157 79 36 45 61 149 93 38 34 79 197 73 336 0.05 10 
126 10 211 108 21 16 29 45 30 13 16 32 66 35 20 12 39 58 38 18 19 38 58 41 14 20 31 56 28 18 16 26 50 32 24 17 33 82 42 17 17 23 77 34 23 17 42 72 51 21 9 36 57 38 23 17 37 81 35 17 19 26 56 30 144 0.06 12 
127 317 248 42 24 23 10 10 15 32 18 12 9 16 28 22 16 11 28 29 23 12 11 15 36 15 12 10 21 47 17 9 7 6 33 25 8 14 25 47 16 9 11 25 30 20 10 11 19 27 15 9 7 30 36 25 10 10 22 35 28 9 9 26 63 0.08 16 
128 407 408 204 66 115 66 27 33 64 120 61 32 33 74 108 76 34 35 81 92 56 34 35 77 118 76 35 32 59 104 71 39 29 77 91 68 29 34 72 104 66 35 27 69 141 64 28 38 67 131 59 42 44 72 99 69 37 37 87 116 61 25 32 272 0.09 18 
129 49 357 80 18 52 77 25 19 20 34 63 26 10 17 34 53 51 11 33 57 72 12 27 22 39 75 35 21 13 35 88 35 32 7 47 75 37 16 16 20 83 34 14 14 48 90 28 14 23 26 59 33 13 19 40 81 55 21 13 44 78 55 14 120 0.07 14 
130 387 9 38 20 23 2 5 16 42 32 8 0 11 46 19 11 3 22 29 35 7 18 0 31 26 14 9 24 39 14 6 21 28 25 32 7 14 7 37 37 14 13 5 49 22 9 3 25 26 0 12 6 20 3 6 14 2 21 26 24 4 10 44 57 0.02 4 
131 34 33 176 81 45 39 93 162 96 38 41 83 136 79 36 38 94 176 71 42 44 99 157 102 45 43 91 134 86 50 40 89 156 91 44 46 95 152 83 37 43 94 147 89 50 53 87 123 84 37 52 78 173 76 41 46 79 149 95 41 36 96 132 264 0.07 14 
132 136 228 45 48 82 64 24 9 45 86 46 23 25 30 46 36 15 8 38 80 57 19 32 34 92 61 21 9 39 72 47 22 27 44 85 55 18 27 35 62 31 31 21 39 79 60 21 24 29 125 47 20 19 42 61 31 19 18 46 54 39 19 21 90 0.08 16 
133 370 210 170 146 81 34 42 73 114 57 41 37 91 152 90 49 41 88 187 84 35 54 96 129 108 49 48 68 116 66 33 41 66 139 85 33 39 86 113 111 36 39 81 166 94 37 52 84 157 80 45 46 89 148 79 39 36 73 169 73 56 45 69 255 0.08 16 
134 7 362 183 111 63 28 27 53 93 61 30 29 49 95 71 43 34 58 70 42 29 40 55 154 60 32 38 42 140 72 22 30 36 81 50 25 27 49 77 55 26 38 58 82 71 19 21 55 136 83 21 25 68 92 77 29 15 56 115 44 43 34 56 244 0.07 14 
135 413 92 177 66 32 34 59 87 74 34 24 65 83 58 31 30 69 109 53 26 36 56 108 69 30 32 51 120 65 27 27 68 94 52 23 30 62 88 60 33 27 72 82 67 30 23 53 82 53 31 26 47 86 64 30 24 64 124 62 28 24 57 89 236 0.06 12 
136 301 10 30 23 13 4 9 15 24 13 4 8 15 27 17 7 9 10 26 12 7 10 13 20 11 4 7 22 20 12 6 10 16 23 7 8 7 18 36 17 8 9 21 25 11 5 4 12 22 2 10 7 13 27 17 7 9 15 14 12 3 7 20 45 0.08 16 
137 160 64 21 11 24 30 21 11 10 19 31 19 8 11 22 37 17 8 9 21 40 16 8 12 15 36 24 12 10 20 32 21 11 11 17 33 27 9 7 16 44 16 9 9 18 30 19 11 9 18 38 20 12 9 23 39 22 10 11 19 40 26 13 42 0.06 12 
138 467 389 78 35 77 167 69 41 25 70 145 61 40 43 82 134 62 39 29 87 137 68 34 37 79 127 85 33 39 80 149 83 32 38 57 134 94 42 33 86 130 82 31 38 102 128 78 29 46 73 113 97 46 35 90 118 84 40 44 79 148 79 39 156 0.05 10 
139 303 257 166 75 41 46 88 150 65 36 40 95 146 77 45 29 79 125 81 36 40 92 146 87 37 42 105 159 78 52 30 81 159 91 36 35 78 156 82 36 45 74 140 80 45 34 87 116 84 38 46 85 149 94 47 33 73 137 101 44 35 75 106 249 0.02 4 
140 95 96 50 44 20 14 11 28 43 28 13 13 26 47 17 12 12 25 39 31 12 19 23 45 24 12 11 18 54 24 15 9 25 44 31 10 12 14 47 21 12 13 22 45 25 19 10 31 38 25 9 12 27 39 34 10 17 29 38 20 9 9 39 75 0.07 14 
141 0 199 198 33 33 56 106 66 30 29 45 86 84 40 41 72 64 63 49 37 76 102 54 40 21 62 117 73 23 41 67 106 103 31 27 61 83 54 36 39 81 81 63 32 29 83 93 49 32 38 61 84 44 33 32 65 102 60 19 25 87 134 37 264 0.02 4 
142 31 144 186 25 42 64 99 44 23 34 75 119 63 22 29 53 81 60 33 32 57 137 59 29 30 57 93 44 23 34 66 95 65 36 35 52 87 55 30 32 65 86 65 34 25 51 85 68 38 28 60 109 62 28 37 44 93 67 24 25 73 108 87 248 0.03 6 
143 66 447 100 153 105 51 57 102 157 104 54 45 81 170 118 45 48 100 154 89 51 58 78 154 116 58 52 109 204 105 54 51 95 160 73 45 48 121 181 105 58 47 82 161 96 62 47 97 134 94 53 39 87 186 87 55 56 106 139 95 55 53 111 200 0.03 6 
144 481 39 22 13 25 36 12 10 20 30 18 9 9 19 33 25 7 15 26 38 21 9 8 14 41 19 10 5 24 36 12 8 7 22 25 19 12 16 22 48 17 8 12 30 34 15 11 8 24 30 25 13 12 18 43 20 8 10 20 47 20 7 12 44 0.02 4 
145 8 234 158 36 104 104 55 52 35 79 136 71 31 44 72 115 106 40 41 91 151 71 42 33 65 147 83 37 33 92 148 74 49 40 79 158 84 32 35 78 109 68 50 37 85 115 84 47 33 73 152 92 27 42 79 120 75 37 28 87 164 66 49 237 0.03 6 
146 91 270 82 44 101 153 92 42 47 79 143 82 35 44 102 127 72 34 34 51 154 87 35 53 82 151 71 39 40 82 146 62 47 33 85 174 96 44 35 73 164 97 43 34 95 115 70 35 36 77 139 89 36 34 64 164 75 40 45 73 144 90 47 164 0.08 16 
147 46 157 162 143 96 40 29 77 134 86 34 42 103 123 91 47 40 77 148 97 41 45 68 129 89 40 50 97 107 74 49 41 66 143 76 46 50 69 132 67 33 38 90 142 74 35 48 89 151 85 41 39 95 112 87 36 52 77 153 70 50 42 88 243 0.09 18 
148 125 172 124 93 69 38 34 65 119 68 24 31 60 92 64 32 26 78 108 50 31 32 75 96 78 28 36 68 95 58 22 25 53 93 46 32 36 60 105 47 26 35 55 131 53 35 25 54 103 59 29 27 56 122 65 31 32 64 102 57 26 30 49 186 0.04 8 
149 375 139 54 20 18 14 30 49 23 15 7 22 50 20 12 13 20 38 38 9 13 31 47 30 14 10 13 65 17 11 17 29 27 21 20 7 41 48 27 12 18 13 48 31 15 15 15 33 23 15 13 32 29 8 6 18 21 35 37 14 10 29 42 81 0.08 16 
150 366 168 38 7 16 40 16 11 6 24 35 19 11 9 14 29 26 10 11 20 33 22 10 7 14 27 16 10 9 14 27 17 7 8 17 25 22 9 10 14 22 18 11 8 23 32 17 12 9 27 38 17 12 11 11 38 22 6 9 20 31 13 10 57 0.07 14 
