150 5 12940
0 66 283 25803 19051 19042 19047 19053 19054 0.01
1 247 45 222 63 113 70 34 32 82 119 63 36 43 79 145 62 40 38 61 109 75 41 36 60 115 61 42 39 71 146 73 45 39 78 144 75 32 32 64 106 71 32 40 63 111 84 34 30 79 102 91 41 43 71 125 68 43 43 296 0.04 8 
2 40 153 92 94 182 90 45 51 103 220 77 39 41 89 157 76 44 43 90 189 88 49 35 90 211 82 47 52 83 146 103 40 47 79 180 85 41 37 88 151 97 57 51 105 142 89 44 54 121 159 68 35 40 102 139 87 64 54 184 0.08 16 
3 474 499 48 12 9 0 12 13 27 33 25 8 4 40 23 2 3 7 15 5 24 23 0 30 22 8 2 10 29 39 21 8 4 35 48 14 5 2 16 13 34 11 8 7 0 17 11 3 14 19 15 1 12 37 32 30 7 7 64 0.03 6 
4 418 180 68 135 79 33 26 78 128 58 20 28 52 106 70 35 37 67 119 74 26 26 62 132 61 32 44 43 166 68 32 37 72 101 77 31 26 59 102 46 35 25 58 124 77 32 26 55 121 58 34 31 99 121 58 31 38 58 136 0.07 14 
5 189 391 35 37 67 31 15 17 25 48 39 16 20 40 51 35 23 14 37 71 37 23 21 38 51 29 24 19 32 52 30 16 22 43 45 38 19 11 41 52 33 12 17 41 47 23 18 23 35 65 25 19 27 31 69 38 17 18 70 0.09 18 
6 167 44 16 8 18 7 7 9 10 24 16 13 4 15 20 15 9 9 15 30 15 11 10 22 23 11 10 9 15 28 8 5 5 17 23 15 10 10 17 37 17 10 6 17 24 25 6 4 7 11 18 5 8 23 26 17 6 7 32 0.03 6 
7 277 34 128 71 38 40 74 93 76 32 29 62 143 61 27 33 81 100 67 25 24 65 129 66 36 30 50 90 54 27 24 57 103 64 35 33 55 116 54 25 26 40 112 68 27 26 54 142 47 32 32 68 103 79 37 26 85 102 192 0.09 18 
8 217 484 297 40 86 171 101 44 43 86 189 78 46 53 90 146 100 53 43 86 138 91 44 59 88 176 101 52 48 79 137 112 53 51 113 180 103 59 48 115 152 115 42 42 92 177 91 45 51 109 152 91 52 57 100 185 80 56 396 0.07 14 
9 197 121 85 93 40 44 79 164 68 37 36 90 182 87 50 50 63 135 73 39 43 66 179 60 39 41 81 154 110 52 29 74 130 81 42 41 60 136 79 46 38 107 165 86 37 42 79 117 69 42 44 87 166 91 39 44 78 190 170 0.02 4 
10 227 210 180 116 39 53 84 157 113 41 39 72 158 96 50 38 85 167 90 49 42 57 169 80 56 49 87 172 108 41 41 89 165 101 28 35 75 139 110 40 46 57 135 102 43 34 73 135 68 41 54 86 118 110 58 38 103 150 270 0.08 16 
11 72 30 64 30 18 15 33 66 36 17 15 36 55 25 17 16 25 57 29 14 12 34 52 28 15 16 38 71 30 16 15 24 60 38 13 12 25 45 32 17 17 23 51 30 14 15 31 49 30 16 20 24 52 33 18 18 38 64 96 0.04 8 
12 445 411 100 89 182 82 45 53 106 158 80 43 48 98 165 112 45 60 108 161 119 57 41 116 147 80 60 51 81 186 81 56 48 108 202 81 42 44 83 148 88 54 45 110 187 105 52 54 110 148 86 49 55 90 144 97 52 45 200 0.08 16 
13 437 96 201 38 32 71 91 65 28 37 87 104 41 35 33 73 89 70 38 34 79 112 83 22 46 77 140 51 40 30 51 148 69 38 34 59 92 54 31 35 75 98 67 31 29 71 109 75 33 26 59 154 47 37 35 52 113 81 268 0.05 10 
14 175 74 52 45 27 14 11 30 51 26 12 16 26 45 22 11 12 32 48 25 11 15 28 33 24 13 11 20 43 25 12 12 27 40 32 16 14 22 42 26 15 11 22 38 25 10 13 26 39 29 13 11 19 38 23 10 11 25 78 0.04 8 
15 301 297 177 35 62 87 62 28 36 54 106 60 22 25 69 92 71 25 29 69 88 50 30 32 44 92 53 36 29 59 119 44 35 30 53 93 48 23 29 60 72 55 34 33 61 113 61 23 27 45 112 65 30 22 49 109 49 25 236 0.07 14 
16 169 218 180 116 61 31 27 63 90 61 33 22 70 116 65 31 34 53 84 53 29 37 69 91 53 24 31 65 87 56 37 34 52 102 53 31 27 60 115 64 27 35 60 87 51 33 34 61 106 70 31 23 68 87 48 29 28 64 240 0.04 8 
17 455 330 267 155 100 53 49 91 125 78 51 46 86 131 101 51 36 90 153 89 44 49 79 170 68 48 44 70 139 74 36 52 101 164 92 50 45 79 153 92 53 49 103 139 86 35 54 83 131 92 37 46 110 152 77 44 38 80 356 0.08 16 
18 276 28 30 5 7 3 4 0 17 12 2 7 3 18 1 11 6 10 5 17 6 4 0 7 12 5 1 3 12 24 4 6 0 24 17 14 3 7 9 21 5 2 2 10 22 6 0 5 10 0 15 5 2 2 3 24 8 6 40 0.07 14 
19 451 472 20 27 12 11 13 31 20 7 10 13 19 11 9 12 24 32 20 10 6 42 38 17 10 15 20 15 16 18 7 20 24 16 11 5 37 28 11 11 9 26 36 19 12 11 11 49 30 7 7 15 42 17 5 11 14 36 40 0.09 18 
20 468 296 52 23 53 75 60 29 21 42 65 47 23 24 54 109 56 19 29 51 84 30 23 29 47 72 59 29 28 68 94 59 27 42 37 71 57 17 35 64 122 70 27 24 42 61 48 21 28 46 109 48 22 23 46 61 39 29 104 0.08 16 
21 93 234 285 85 159 91 56 43 94 129 78 49 46 88 180 87 51 54 81 159 94 48 49 73 140 99 44 39 91 172 102 44 51 110 160 76 42 47 108 188 101 39 40 100 157 95 40 43 81 162 91 38 47 83 184 104 46 44 380 0.08 16 
22 424 474 246 38 68 142 78 42 32 83 110 64 49 33 90 162 67 37 34 81 169 79 42 38 76 150 81 47 41 85 130 86 36 36 95 109 90 33 40 72 124 80 42 43 77 131 85 30 34 76 125 94 35 38 96 147 86 36 328 0.09 18 
23 194 53 104 82 49 29 24 54 84 46 28 30 47 76 55 26 25 46 94 54 25 30 53 104 56 27 26 55 90 55 24 25 45 94 57 25 24 57 90 55 25 28 51 81 58 31 29 64 74 50 24 24 44 98 56 24 23 55 156 0.04 8 
24 192 274 64 7 56 42 39 12 24 28 84 15 10 5 41 78 31 21 25 32 80 21 22 13 28 94 16 20 4 38 84 32 24 15 19 88 31 17 17 26 52 30 15 9 36 53 29 10 26 43 52 8 11 14 32 55 13 25 96 0.07 14 
25 279 319 148 86 90 52 31 36 60 95 83 35 36 68 140 73 27 38 86 127 83 36 41 69 146 76 34 45 90 144 66 31 28 74 104 65 44 31 93 155 88 34 41 66 100 79 33 46 97 120 68 47 31 68 107 91 41 26 222 0.04 8 
26 45 414 141 40 21 19 52 90 46 27 23 51 67 49 21 24 43 86 52 21 27 36 93 42 20 22 45 92 49 25 20 53 68 40 24 22 51 82 52 24 20 49 83 55 25 25 51 76 50 23 23 40 71 51 23 21 56 71 188 0.06 12 
27 324 246 17 33 25 11 8 18 30 16 7 7 18 24 19 9 7 18 26 16 14 7 13 22 19 7 8 17 23 19 5 8 18 30 19 9 5 17 23 21 8 8 12 36 16 7 8 19 24 14 10 8 15 24 16 7 12 22 34 0.08 16 
28 42 261 26 12 31 12 4 0 17 44 10 12 9 16 34 8 2 12 14 30 21 0 3 30 16 20 8 0 0 39 26 2 11 24 15 20 4 8 0 41 15 1 2 3 7 6 4 4 18 27 17 9 0 12 52 27 12 18 39 0.07 14 
29 223 356 282 79 152 87 55 55 81 192 99 48 62 80 162 94 60 48 93 144 83 41 52 79 149 74 51 37 91 145 91 44 53 91 179 98 63 43 86 151 72 45 48 106 119 83 42 43 68 158 76 65 46 114 208 87 50 66 376 0.07 14 
30 245 148 40 16 52 76 35 24 18 38 81 43 13 23 36 77 36 23 16 30 62 34 25 12 41 104 52 22 11 39 82 43 24 14 33 91 48 26 16 33 64 50 16 19 25 72 51 18 17 36 63 31 26 25 58 58 37 28 80 0.03 6 
31 383 308 258 47 80 169 99 43 49 73 143 93 42 44 101 122 89 51 35 97 147 77 40 41 94 126 75 39 38 80 145 70 49 36 83 137 83 40 44 80 149 69 35 40 84 146 71 52 37 89 130 70 48 50 76 131 92 50 344 0.04 8 
32 400 93 140 140 57 37 34 85 131 67 30 31 84 139 69 37 26 85 116 80 34 40 58 120 72 36 38 85 124 73 39 41 71 123 73 33 36 79 129 81 29 40 80 114 68 32 37 68 131 67 35 31 59 103 55 35 35 70 210 0.04 8 
33 155 134 78 63 45 38 75 135 76 35 38 66 99 76 47 28 86 135 74 30 39 100 108 95 45 43 84 119 80 48 46 88 130 84 35 30 90 145 80 46 33 87 131 70 49 43 95 159 77 40 34 80 122 74 37 42 89 157 156 0.06 12 
34 116 128 29 32 50 27 13 12 26 48 34 16 13 32 55 25 14 16 34 48 33 12 14 34 48 20 13 15 23 42 28 14 16 20 43 21 14 18 25 42 35 13 11 30 45 33 13 13 25 57 25 13 13 24 48 33 13 16 58 0.09 18 
35 348 343 48 9 25 45 17 12 6 22 44 19 10 6 21 35 25 12 11 22 28 18 10 15 16 34 19 9 11 18 32 20 15 10 18 39 12 17 8 28 28 29 10 10 22 45 32 10 8 26 46 24 15 8 25 29 25 8 72 0.03 6 
36 57 270 71 73 114 58 41 42 60 104 60 37 33 81 126 70 35 28 81 116 59 42 30 88 97 53 30 26 74 105 76 40 37 81 138 59 25 33 67 109 80 29 37 59 131 75 32 37 84 115 67 41 44 69 124 74 33 32 142 0.08 16 
37 138 140 140 70 30 25 75 125 70 36 31 43 111 78 26 35 64 111 48 27 23 61 120 61 53 39 64 119 67 32 42 61 144 83 33 32 73 141 85 33 34 82 112 64 46 21 57 89 86 29 30 65 132 69 36 36 64 104 210 0.05 10 
38 165 359 170 40 81 191 83 34 47 89 143 74 51 37 88 170 87 42 47 70 107 109 37 51 99 106 93 40 45 89 150 110 43 45 71 118 99 49 43 65 122 80 46 39 77 112 72 36 40 78 163 93 34 38 72 169 81 39 255 0.08 16 
39 82 482 174 47 35 94 136 77 37 42 91 144 103 42 50 95 135 69 53 41 101 145 83 49 47 78 169 102 48 42 99 174 100 50 38 92 142 77 36 41 79 131 73 41 45 103 143 83 49 36 82 160 91 43 49 89 125 79 261 0.08 16 
40 415 345 154 41 41 73 141 78 35 49 76 112 79 31 34 80 111 62 30 26 54 115 65 39 45 62 140 63 43 37 68 172 72 35 30 67 149 82 47 36 81 102 59 33 44 86 126 69 33 27 77 129 88 39 35 61 141 74 231 0.06 12 
41 113 402 141 21 46 114 63 22 17 60 71 44 24 23 68 56 55 26 29 47 67 53 18 16 59 78 28 26 27 49 79 34 29 25 49 98 64 28 23 41 90 46 25 20 55 66 42 31 16 64 89 33 23 20 76 96 42 23 188 0.04 8 
42 439 238 90 33 12 19 31 53 28 13 14 30 39 31 12 13 33 35 29 16 17 26 70 27 17 11 25 39 38 16 18 33 43 27 19 11 30 47 28 13 16 26 52 18 14 20 26 52 29 16 16 29 56 26 14 13 35 58 120 0.09 18 
43 265 318 81 34 72 175 93 34 39 75 103 70 34 41 83 136 85 47 39 83 121 75 37 38 95 132 62 46 37 77 145 85 48 40 84 164 77 37 44 96 154 98 34 35 67 112 56 42 40 73 117 92 47 41 91 131 83 48 162 0.03 6 
44 79 56 180 154 70 38 46 88 155 105 51 47 92 152 73 48 48 91 175 97 52 46 101 134 92 49 47 81 146 83 41 52 96 165 95 43 44 97 158 90 37 47 105 158 83 52 43 108 139 99 47 54 88 176 86 43 49 109 270 0.07 14 
45 48 480 204 28 31 67 110 55 37 27 64 104 76 40 33 66 138 87 36 36 77 142 73 31 39 72 112 56 31 28 51 97 58 30 36 59 121 81 31 38 63 120 65 37 41 60 111 73 35 31 69 94 68 31 35 72 101 64 272 0.07 14 
46 408 206 165 22 74 85 63 25 27 47 72 68 31 29 51 68 55 31 18 69 106 46 33 20 46 91 55 25 31 39 109 47 33 29 48 72 55 28 25 43 135 57 21 28 47 137 51 23 17 67 81 52 34 28 42 124 67 28 220 0.04 8 
47 426 184 94 29 64 41 24 29 44 65 44 25 30 57 48 55 28 28 47 81 52 17 23 44 93 53 23 20 54 82 59 20 25 54 83 55 27 23 58 83 35 21 25 45 96 43 20 25 55 53 49 26 24 38 93 50 26 22 141 0.09 18 
48 270 466 98 25 22 47 85 44 25 25 44 97 52 22 27 42 69 56 22 24 48 78 45 26 22 42 116 45 28 23 55 90 53 27 27 35 107 51 19 22 41 116 48 25 24 58 94 56 30 23 37 86 53 25 27 46 104 50 147 0.08 16 
49 392 84 97 111 152 100 55 50 97 168 82 43 39 94 138 111 39 49 75 145 110 36 46 79 145 110 37 49 105 187 91 52 53 117 162 88 53 41 127 184 90 46 44 97 186 98 40 41 74 181 116 53 40 106 124 123 54 56 194 0.09 18 
50 149 73 14 6 11 16 8 3 15 2 16 9 8 17 21 11 7 4 10 26 8 4 6 18 18 10 9 4 19 23 11 6 7 18 25 16 3 8 17 30 10 5 12 11 17 9 8 5 17 35 17 5 6 8 24 18 4 7 28 0.05 10 
51 29 233 88 43 83 44 24 28 35 66 42 20 19 37 60 38 23 26 41 66 27 23 18 53 75 43 26 26 54 70 50 20 20 42 64 41 20 19 51 73 43 26 20 39 83 50 19 19 43 58 43 21 19 42 66 46 15 22 132 0.03 6 
52 176 66 75 11 10 28 46 21 14 12 22 41 25 13 11 18 44 25 12 14 28 41 22 14 12 22 44 27 13 14 29 43 26 13 16 25 43 22 12 15 21 41 27 14 13 25 36 21 11 12 31 37 18 14 11 22 34 25 100 0.08 16 
53 241 176 47 15 43 60 41 23 22 42 89 74 25 20 48 65 30 20 19 45 88 55 23 23 42 59 37 22 27 41 97 57 17 23 36 78 48 22 30 54 104 39 23 18 37 86 36 25 23 42 68 42 28 18 41 56 40 18 94 0.08 16 
54 177 281 126 36 65 85 64 36 30 61 117 60 36 31 84 114 79 27 37 54 83 76 30 27 60 92 72 34 24 56 91 49 21 24 71 98 66 33 28 58 134 64 31 32 45 110 80 27 33 45 87 57 25 30 53 112 55 35 189 0.05 10 
55 498 127 32 5 15 20 15 8 9 14 49 13 10 6 11 38 13 3 6 7 28 6 10 7 13 22 26 5 16 14 3 18 9 9 29 14 3 10 9 7 35 17 6 6 15 35 10 10 13 17 40 21 5 9 17 53 36 6 48 0.08 16 
56 180 238 90 105 48 18 14 55 81 60 28 28 28 44 35 14 27 53 108 56 16 18 36 47 49 23 17 67 41 44 17 23 43 73 41 17 25 42 76 30 23 22 37 104 57 25 17 47 77 49 19 16 45 108 35 24 25 35 135 0.05 10 
57 100 328 31 41 50 31 16 12 26 59 29 13 14 21 70 17 9 16 29 71 31 14 21 35 76 26 14 15 33 50 47 10 18 29 63 28 16 16 23 57 32 18 15 22 55 17 18 16 30 55 40 21 15 39 46 30 19 19 62 0.09 18 
58 52 245 50 18 20 41 26 9 10 26 34 24 16 10 20 39 26 11 10 19 47 35 13 13 22 48 23 10 12 23 54 23 8 12 18 38 33 17 13 31 42 43 19 19 31 32 18 10 10 13 46 14 12 18 24 42 9 7 75 0.06 12 
59 421 380 150 25 52 66 33 26 18 47 84 48 29 29 49 95 43 21 21 51 81 63 25 21 51 92 52 26 34 37 81 66 28 29 55 94 44 20 26 44 77 46 31 28 51 121 43 18 28 41 121 62 19 24 39 88 44 24 200 0.09 18 
60 130 162 81 9 39 41 27 17 16 30 47 34 13 13 28 55 26 18 14 34 45 28 15 7 30 43 34 15 12 25 40 29 14 14 24 46 15 8 9 33 64 29 12 12 26 39 34 9 12 26 40 18 18 9 25 56 34 15 108 0.08 16 
61 21 94 87 79 131 101 51 37 86 153 102 39 52 84 138 101 38 39 74 156 104 39 51 79 146 80 41 42 78 141 81 44 44 90 146 71 39 37 74 153 91 40 55 78 134 66 42 43 90 144 93 38 40 97 141 81 37 36 174 0.08 16 
62 33 175 194 92 182 78 52 57 111 171 96 56 46 107 157 106 56 50 79 162 105 54 56 117 187 85 43 43 109 195 91 54 55 77 195 95 51 46 77 164 82 56 41 95 157 96 51 50 88 190 113 41 61 81 181 85 46 49 291 0.07 14 
63 472 395 60 28 46 96 72 31 23 45 110 57 32 36 52 114 63 28 35 49 93 56 28 28 68 76 57 29 25 57 117 54 33 35 64 87 53 26 34 52 101 72 27 27 70 99 70 22 28 62 88 70 25 33 53 100 51 30 120 0.04 8 
64 224 286 25 33 46 18 12 8 11 28 27 13 11 39 39 11 15 9 17 42 8 13 13 31 59 15 14 15 22 54 34 15 13 18 68 38 7 14 14 60 45 18 9 23 49 15 4 12 13 51 35 13 11 19 33 23 17 13 50 0.07 14 
65 192 473 90 30 54 40 8 14 24 70 42 15 18 34 50 29 11 17 31 48 37 8 21 22 45 25 17 13 12 22 28 11 5 23 42 32 16 10 20 46 19 13 13 30 35 22 11 19 33 43 26 18 17 30 65 27 10 19 120 0.07 14 
66 85 65 279 44 49 87 166 105 36 36 73 127 91 49 51 89 151 98 53 49 82 149 92 38 54 100 161 108 41 53 87 184 88 38 52 75 201 87 46 46 80 171 83 54 49 77 184 82 51 45 72 151 109 36 45 73 168 102 372 0.05 10 
67 335 258 27 38 12 15 38 61 30 13 10 40 40 23 9 11 43 77 12 8 16 11 46 21 13 9 31 51 19 14 10 35 34 15 16 11 19 27 25 10 13 22 45 26 14 7 25 27 31 10 15 29 20 39 11 20 9 94 54 0.05 10 
68 363 155 74 46 63 35 17 21 34 55 39 16 15 32 75 30 15 22 43 75 35 19 15 32 66 45 16 18 39 63 34 15 19 44 63 40 19 15 36 57 30 19 16 35 72 30 19 20 32 60 40 20 22 32 63 33 18 21 111 0.09 18 
69 332 438 36 11 31 46 15 12 8 28 54 14 9 4 15 9 28 9 8 6 48 14 3 8 8 11 20 8 1 14 35 4 5 15 29 28 7 9 4 7 45 20 2 8 7 32 19 10 10 4 34 13 6 7 21 49 12 11 54 0.08 16 
70 203 185 32 11 45 43 19 15 8 38 25 38 12 10 29 71 29 26 18 28 73 16 13 14 32 41 27 11 21 30 35 44 14 16 25 49 22 14 12 28 45 40 13 13 34 64 49 18 23 30 51 23 14 17 30 56 23 13 64 0.05 10 
71 47 208 140 85 47 34 75 118 49 28 47 80 99 71 29 37 81 116 63 32 35 61 132 55 38 34 53 101 63 30 30 69 125 66 35 33 79 86 68 42 28 55 117 85 28 35 78 122 70 29 39 63 103 56 33 31 73 126 210 0.08 16 
72 177 280 172 42 49 92 171 63 37 50 80 148 98 41 33 83 124 71 42 47 85 169 105 33 46 76 150 74 36 41 65 179 95 46 41 68 131 100 45 38 79 120 74 45 50 96 128 94 36 42 82 116 86 39 49 75 168 71 258 0.09 18 
73 159 98 288 81 59 58 89 183 93 59 51 109 182 98 53 48 94 174 89 43 44 75 146 81 45 52 119 170 106 49 51 86 173 94 51 52 105 181 87 47 40 101 176 92 44 43 90 212 95 43 55 113 176 111 44 47 106 139 384 0.07 14 
74 100 224 82 18 21 46 61 46 24 20 40 53 40 17 21 43 60 41 15 17 41 69 34 19 15 35 69 34 17 19 39 68 41 14 22 32 70 39 19 24 37 61 37 19 17 44 69 35 20 17 54 76 39 16 18 39 72 39 123 0.07 14 
75 46 178 45 7 19 21 13 6 6 17 22 18 7 9 9 38 17 7 8 22 24 11 8 6 16 31 15 4 4 13 28 14 11 7 12 23 20 8 8 11 21 12 1 6 5 20 14 4 6 23 17 10 11 7 10 24 12 6 60 0.07 14 
76 340 485 92 63 48 24 19 52 77 36 27 22 27 85 42 26 23 43 76 44 19 31 50 93 54 23 33 39 73 50 26 26 47 78 29 30 18 53 63 40 24 26 40 102 57 25 19 53 73 42 17 27 71 72 38 23 15 57 138 0.03 6 
77 245 348 213 28 35 76 99 72 34 38 83 117 73 41 37 75 98 77 30 37 72 111 52 36 28 77 94 70 28 33 68 118 67 32 37 56 122 57 31 36 76 133 70 28 25 79 123 70 35 43 76 151 77 34 30 54 110 83 284 0.09 18 
78 355 139 66 75 32 35 82 88 89 29 37 64 108 58 33 30 49 132 37 31 36 61 133 51 36 46 48 129 78 26 43 64 152 49 33 48 66 104 67 34 32 66 123 76 36 28 51 117 51 37 38 82 116 59 37 27 61 83 132 0.02 4 
79 309 95 118 39 42 96 61 30 26 59 104 48 44 21 37 97 46 36 27 69 82 45 36 35 58 66 63 36 32 67 90 46 22 26 43 90 47 29 22 76 99 49 30 19 38 110 59 25 21 44 127 56 17 29 55 77 51 22 177 0.06 12 
80 170 473 198 46 43 84 186 99 40 52 97 149 94 45 56 115 183 87 41 49 79 185 109 45 41 82 157 107 40 46 94 196 90 50 57 85 172 97 41 54 115 160 104 58 41 93 168 98 59 54 113 186 103 40 48 85 141 99 297 0.03 6 
81 191 173 36 5 35 7 3 1 9 10 4 14 12 8 22 14 6 10 0 0 7 0 11 6 20 6 3 0 18 19 11 9 5 7 19 24 0 4 18 9 9 11 6 49 29 6 0 13 8 24 17 9 8 12 11 6 7 5 48 0.02 4 
82 176 225 176 172 107 46 44 96 126 74 49 48 87 123 89 46 48 100 129 79 45 52 94 172 82 51 50 80 155 105 44 44 74 177 83 47 37 89 160 101 35 36 80 126 101 41 44 102 170 93 52 49 69 133 96 41 44 73 264 0.08 16 
83 414 124 41 19 20 39 65 45 19 21 36 98 39 18 21 29 63 42 20 19 38 66 58 19 25 30 110 37 22 18 35 35 38 22 23 47 56 29 25 16 32 66 61 20 18 37 73 45 24 26 31 66 43 24 23 44 58 56 82 0.06 12 
84 337 88 29 10 13 21 49 33 13 14 30 54 34 13 20 33 46 25 12 13 23 64 23 14 16 35 57 29 16 11 39 58 21 16 14 29 56 24 16 17 27 45 23 16 15 35 52 36 12 14 28 41 27 14 16 28 39 25 58 0.02 4 
85 178 428 222 71 31 28 72 131 63 43 42 69 136 72 31 40 78 135 79 33 43 71 130 70 34 47 82 145 83 38 39 70 91 88 25 39 87 142 80 35 40 74 121 65 43 41 51 126 69 36 35 75 132 77 36 38 68 116 296 0.04 8 
86 497 243 138 43 62 29 15 16 63 66 51 28 24 34 91 41 25 22 49 85 43 15 23 46 82 55 27 10 60 48 30 25 20 60 81 38 17 16 33 69 34 25 26 39 84 48 20 16 35 35 36 23 21 49 114 31 32 34 184 0.09 18 
87 147 238 106 56 31 31 52 85 48 28 34 45 105 55 24 28 69 72 40 27 26 60 100 42 27 28 59 77 60 23 27 47 83 46 27 28 73 63 51 24 25 51 70 57 23 34 65 82 56 29 25 49 100 70 28 26 68 81 159 0.02 4 
88 82 344 93 130 82 42 46 101 190 64 37 39 69 150 94 37 47 104 171 79 37 41 92 104 90 53 44 77 139 101 37 49 76 200 108 61 47 69 156 107 60 47 84 137 98 37 37 77 117 115 46 37 99 160 106 62 54 91 186 0.04 8 
89 24 187 168 61 39 31 50 80 44 27 28 64 97 38 34 23 39 94 74 17 22 62 74 57 25 24 40 75 56 23 24 55 79 57 22 26 53 102 65 21 26 43 104 59 34 26 43 75 69 20 24 50 81 35 22 30 60 84 224 0.02 4 
90 233 350 34 6 14 24 40 28 21 11 29 77 42 16 12 40 47 37 16 25 44 67 26 11 25 20 64 29 15 15 30 57 30 18 22 49 54 53 19 11 29 66 48 8 14 27 51 27 11 11 22 49 26 14 15 31 49 48 68 0.05 10 
91 232 159 80 92 131 69 42 40 81 111 89 42 44 87 112 94 33 34 73 156 74 36 50 66 115 88 39 34 67 161 74 36 41 91 149 97 41 32 84 138 66 36 39 75 127 80 31 31 100 150 74 49 39 86 174 73 34 34 160 0.07 14 
92 475 18 80 130 57 38 37 71 125 90 59 46 75 119 88 55 41 64 105 86 36 43 71 149 76 44 35 83 138 74 37 32 97 121 64 38 40 89 147 66 35 33 80 149 82 46 42 74 155 71 44 32 84 130 75 45 35 82 160 0.08 16 
93 41 70 120 37 25 66 82 84 29 38 47 96 79 25 25 53 99 74 39 24 50 75 56 28 33 51 103 56 24 23 51 102 80 40 36 77 86 59 27 28 74 88 63 22 41 48 114 63 29 36 53 101 59 28 29 50 93 90 180 0.03 6 
94 435 96 47 38 94 41 26 23 53 94 47 26 25 51 76 42 24 27 56 82 45 21 22 54 70 52 27 27 55 65 38 22 24 36 80 49 19 22 43 67 54 24 21 54 87 47 24 22 50 67 51 19 23 37 69 55 27 21 94 0.09 18 
95 303 0 234 84 153 75 35 41 93 132 90 41 37 63 152 90 35 32 88 135 67 39 37 78 150 94 41 37 80 158 86 30 37 78 101 71 30 44 73 146 70 34 31 84 114 63 40 40 58 148 66 32 41 73 124 71 40 36 312 0.08 16 
96 485 489 82 23 21 35 97 47 20 17 44 55 43 19 17 38 79 41 16 14 48 67 31 24 22 45 98 40 26 26 27 82 48 20 14 47 62 43 24 15 30 86 29 25 22 48 81 43 19 24 38 69 28 23 9 51 72 44 123 0.02 4 
97 231 491 59 95 45 32 26 46 101 53 19 24 76 104 68 22 21 80 87 58 28 39 44 95 76 35 32 61 75 41 26 19 72 70 77 32 31 69 99 65 21 37 49 104 54 27 15 76 115 72 27 32 61 113 50 23 26 50 118 0.09 18 
98 229 155 138 21 24 43 71 53 23 18 35 80 50 26 25 62 57 50 22 21 40 76 30 24 25 56 80 33 19 27 32 54 28 18 26 32 58 47 21 29 41 64 34 20 20 32 83 37 23 14 52 74 27 23 22 46 92 33 184 0.08 16 
99 223 294 40 38 17 16 45 58 36 19 25 45 29 50 20 15 52 58 46 19 23 42 64 29 20 23 49 87 34 13 26 52 55 36 19 26 48 76 39 16 19 45 68 52 23 10 50 88 33 18 22 38 62 52 19 25 36 73 80 0.08 16 
100 244 70 51 40 75 43 28 26 55 83 56 30 23 50 93 46 28 20 48 68 46 22 22 61 76 50 29 29 45 96 52 24 30 49 91 42 20 28 53 68 47 24 28 59 73 41 24 28 53 80 47 24 21 48 88 60 24 25 102 0.09 18 
101 72 34 13 20 9 20 0 4 17 5 17 3 9 32 34 23 3 3 22 27 0 4 8 5 14 9 3 12 6 0 15 0 5 1 15 14 2 0 10 32 19 9 10 15 0 15 4 7 13 14 23 9 10 1 3 22 10 13 26 0.02 4 
102 52 334 22 8 8 36 0 14 6 18 22 24 8 4 9 7 7 1 6 4 33 0 5 5 9 17 25 20 14 12 13 11 14 5 21 41 3 10 3 19 32 1 4 15 5 31 0 0 4 3 18 12 0 8 26 12 20 0 33 0.06 12 
103 297 354 71 55 40 36 67 113 62 38 35 53 114 68 36 32 56 107 78 30 44 71 125 63 39 41 57 108 68 40 36 72 106 66 29 41 75 145 60 38 43 69 101 63 36 31 75 139 68 34 33 75 101 80 30 40 78 98 142 0.08 16 
104 336 233 162 42 66 131 98 44 46 75 118 91 45 35 82 159 70 32 32 93 99 85 50 37 76 148 84 45 38 74 137 88 36 31 75 152 59 38 39 80 140 80 38 39 95 110 71 40 48 62 126 100 42 45 79 143 72 51 243 0.06 12 
105 491 340 300 38 103 160 72 50 44 88 161 103 54 46 66 158 126 55 53 92 211 121 45 56 96 165 88 44 56 93 162 78 43 52 116 151 90 36 45 110 204 71 37 44 97 150 91 47 58 122 134 85 41 46 81 172 88 40 400 0.08 16 
106 229 327 171 33 44 104 53 23 21 60 112 64 21 31 49 101 44 31 30 46 102 41 30 23 68 85 82 27 23 39 75 72 27 21 49 113 50 26 31 67 96 52 34 23 42 101 49 33 31 60 99 76 25 35 46 95 49 29 228 0.07 14 
107 376 154 86 55 84 50 22 19 34 66 38 21 21 32 78 50 19 22 33 95 36 17 20 53 63 39 19 22 39 56 53 19 17 44 94 44 21 25 30 66 46 18 17 38 65 27 36 13 31 76 37 15 28 38 62 29 26 23 129 0.03 6 
108 308 11 164 175 85 32 41 114 145 73 40 48 79 112 73 36 33 81 91 79 36 41 104 148 97 39 33 108 169 73 46 56 68 112 100 46 36 100 83 86 43 49 77 149 100 44 43 102 139 78 41 54 79 144 83 37 47 82 246 0.05 10 
109 188 46 32 12 21 58 30 15 22 35 41 22 22 21 34 71 44 17 16 24 73 35 14 20 33 41 19 12 13 20 83 25 14 30 26 32 25 23 14 26 58 41 8 21 46 84 32 21 22 33 71 45 13 23 24 46 26 10 64 0.04 8 
110 211 150 122 70 30 31 50 117 67 30 32 62 86 58 26 26 52 100 66 28 32 49 127 74 33 28 49 112 55 34 33 51 124 70 25 24 65 96 46 32 29 67 108 47 25 38 56 91 70 26 28 74 129 53 25 29 70 92 183 0.02 4 
111 20 415 153 55 20 21 51 93 56 24 30 54 87 61 26 27 59 93 55 22 22 56 93 51 26 30 47 105 48 28 29 57 80 62 21 24 53 102 57 20 25 38 78 51 29 19 61 101 47 25 21 61 79 53 25 25 53 87 204 0.06 12 
112 112 287 67 41 38 67 145 56 37 37 55 106 89 36 30 58 85 54 32 34 63 140 52 33 42 66 108 59 29 33 63 122 79 37 23 72 120 66 35 39 75 107 60 25 35 65 111 54 37 31 57 110 70 26 33 54 66 57 134 0.03 6 
113 229 192 243 48 40 65 190 64 42 25 90 86 82 44 33 85 151 87 38 40 71 113 63 37 39 77 148 102 41 48 69 129 77 36 43 111 151 94 49 35 87 134 108 34 47 79 107 93 34 36 74 144 60 37 39 83 138 99 324 0.05 10 
114 178 416 150 38 42 106 115 61 44 54 109 133 39 45 36 85 124 88 35 36 72 129 78 31 33 79 121 58 39 38 63 108 64 32 35 74 141 92 34 36 71 102 86 35 44 89 150 83 28 33 77 134 78 36 42 93 103 79 225 0.06 12 
115 470 442 134 128 54 30 42 78 121 58 30 32 80 106 66 30 38 56 128 59 25 31 28 99 54 39 23 80 86 85 39 35 55 124 70 22 28 88 101 57 31 26 57 118 38 32 33 67 131 82 31 36 83 114 82 42 28 70 201 0.04 8 
116 88 133 68 30 15 21 33 47 35 21 11 28 46 33 30 18 51 59 37 19 18 33 77 41 14 20 36 53 19 16 10 30 81 42 20 20 47 53 28 9 15 34 52 37 24 13 35 74 29 14 17 40 37 35 17 18 29 52 102 0.05 10 
117 272 379 225 45 71 136 78 35 39 70 144 67 42 34 77 128 77 42 35 93 130 72 40 40 77 150 86 30 40 61 112 60 41 37 65 132 83 40 44 62 145 88 32 36 86 147 74 41 31 69 128 78 35 40 61 137 79 44 300 0.05 10 
118 149 366 64 18 22 52 34 14 20 28 55 29 15 21 33 57 36 16 12 31 53 30 13 23 30 46 40 15 19 32 63 30 18 16 34 64 34 13 14 25 42 33 13 11 34 47 37 17 18 36 70 30 13 17 26 61 22 17 96 0.07 14 
119 464 380 190 44 88 181 85 46 45 106 173 115 38 46 70 137 94 43 53 73 177 79 53 43 113 169 101 51 40 73 158 88 56 44 122 151 76 51 48 85 151 77 45 50 112 165 89 40 48 82 167 82 45 38 103 135 105 39 285 0.09 18 
120 174 410 23 25 10 20 9 7 34 36 9 6 13 10 51 15 7 17 40 35 29 10 23 22 82 33 14 21 15 35 21 6 11 22 2 25 10 7 18 59 31 10 11 18 77 17 6 5 31 36 20 12 16 26 53 13 0 5 46 0.07 14 
121 68 221 76 43 35 62 127 69 37 32 84 135 67 30 35 83 139 85 44 32 70 131 83 40 34 81 139 78 42 42 73 137 81 38 42 72 131 84 35 43 91 130 83 45 36 71 151 82 41 42 73 132 72 36 37 77 105 74 152 0.05 10 
122 461 335 184 97 50 39 81 140 74 50 51 112 160 101 44 33 74 166 104 42 49 118 133 93 53 42 77 181 81 38 38 80 167 103 40 54 90 176 81 47 54 83 185 95 54 42 103 122 83 39 45 88 155 78 37 43 99 154 276 0.05 10 
123 138 449 17 20 40 14 11 13 11 11 19 8 9 7 21 6 10 11 17 41 29 6 13 18 30 24 7 5 18 34 10 10 5 7 38 20 7 9 13 39 11 4 10 26 32 10 0 5 8 11 11 14 12 5 20 33 9 4 34 0.03 6 
124 380 248 297 194 100 51 52 116 196 97 49 57 93 173 132 48 50 112 132 96 49 53 88 198 79 58 59 97 190 95 45 52 99 190 88 37 53 82 195 92 44 45 95 159 104 52 43 119 169 102 55 49 83 140 109 57 50 95 396 0.08 16 
125 250 257 61 28 23 57 89 64 29 30 46 103 63 31 28 43 100 53 31 27 65 73 56 33 30 51 143 60 18 21 64 86 65 30 25 51 114 57 21 28 55 138 50 36 26 95 117 61 38 31 36 97 58 42 26 54 122 61 122 0.04 8 
126 150 103 192 74 88 54 31 40 75 98 55 32 40 60 90 56 24 40 69 91 56 22 28 88 93 54 35 28 60 117 66 35 24 56 73 68 29 32 60 92 56 25 30 58 125 46 31 30 56 124 72 26 31 55 97 63 37 30 256 0.02 4 
127 127 158 153 51 76 58 23 18 66 84 53 24 30 49 97 54 23 25 66 86 39 26 19 50 62 40 24 27 61 97 50 25 28 63 84 50 23 26 45 97 59 27 28 53 88 60 18 28 51 92 49 29 29 54 94 44 31 27 204 0.06 12 
128 330 202 92 36 25 25 51 81 50 20 24 52 77 42 21 21 52 91 52 25 30 39 83 41 24 27 49 66 43 19 16 60 65 37 23 24 48 65 58 21 17 44 79 55 19 23 51 67 41 27 26 39 82 44 27 20 51 86 138 0.02 4 
129 277 362 126 72 37 24 20 56 68 34 22 22 34 68 38 23 18 45 81 29 18 24 48 96 56 26 20 48 64 55 25 26 35 97 30 22 18 35 42 50 22 26 52 82 39 24 18 31 82 47 19 13 51 82 31 20 17 53 168 0.02 4 
130 5 329 234 32 100 110 62 43 44 91 169 85 43 25 81 166 65 42 44 79 117 68 47 34 65 131 84 45 43 84 112 52 33 42 73 110 79 34 37 64 113 53 47 36 62 138 95 39 32 73 140 88 50 28 72 133 86 40 312 0.09 18 
131 484 158 74 31 67 128 71 27 35 80 141 65 34 34 84 103 76 33 38 81 112 59 30 42 61 129 66 41 37 65 115 72 37 41 68 152 89 40 37 73 125 85 38 34 89 137 90 43 37 85 137 68 41 40 54 115 82 28 148 0.05 10 
132 432 431 45 5 14 26 15 5 9 11 21 13 5 9 12 27 7 9 9 17 12 10 8 5 12 28 15 9 6 19 23 13 6 5 18 22 16 10 7 15 27 16 5 8 19 24 13 9 8 12 19 11 4 8 18 16 13 6 60 0.09 18 
133 140 439 99 56 49 89 136 79 43 41 87 147 91 44 52 88 182 86 45 45 107 148 96 41 50 100 157 97 49 43 113 140 97 62 52 95 186 86 46 54 91 193 90 54 57 109 179 106 58 42 94 162 112 55 55 86 174 85 198 0.06 12 
134 257 162 196 50 108 156 110 45 51 82 177 93 56 45 106 174 83 58 46 92 186 97 47 40 101 136 87 51 39 101 177 99 57 41 82 181 111 52 45 111 138 84 40 57 84 168 114 55 52 89 168 80 40 49 92 133 94 52 294 0.09 18 
135 262 305 160 85 34 40 66 119 75 37 32 95 164 75 33 47 75 153 72 47 43 69 117 72 34 36 61 123 77 44 45 104 113 75 36 37 79 155 68 45 37 70 114 71 35 35 87 109 68 49 40 83 127 77 39 42 69 140 240 0.03 6 
136 365 476 140 30 27 75 120 65 38 32 68 101 77 39 35 69 94 80 26 24 73 149 84 43 42 59 125 64 40 31 87 135 90 24 37 69 96 65 35 27 64 160 62 43 34 65 139 79 32 37 84 104 85 34 39 65 109 88 210 0.04 8 
137 397 392 138 45 25 19 45 95 48 21 23 34 64 49 30 27 46 75 47 25 20 54 83 42 27 17 38 73 47 22 22 45 75 40 25 21 39 81 48 19 21 36 80 45 23 18 37 84 39 22 26 43 64 56 17 27 40 66 184 0.03 6 
138 221 493 165 29 62 81 67 27 28 51 99 63 24 33 60 106 48 29 30 65 86 63 27 24 60 81 54 26 25 63 83 50 25 29 54 94 49 27 27 52 115 55 24 30 54 78 54 24 29 43 76 55 31 30 47 108 54 30 220 0.06 12 
139 346 215 231 109 89 43 40 85 129 66 37 44 81 149 86 40 34 71 131 89 44 38 64 118 76 36 44 64 141 85 45 47 76 122 82 38 42 84 123 89 43 45 73 137 93 40 30 90 144 67 36 38 84 111 81 39 40 66 308 0.06 12 
140 384 41 94 46 59 76 155 111 47 45 89 149 81 56 44 105 186 77 41 47 84 138 92 56 50 83 137 79 43 52 87 143 99 46 40 86 177 76 48 54 104 148 107 46 44 77 193 106 39 43 108 167 88 55 37 116 142 89 188 0.08 16 
141 480 317 98 30 36 26 43 101 57 21 27 51 79 39 20 24 45 88 51 38 20 44 80 55 22 36 43 109 57 20 35 46 83 45 25 25 23 84 33 27 18 45 88 47 18 24 41 55 42 20 33 71 65 53 22 27 42 97 147 0.06 12 
142 251 486 26 54 44 14 13 26 13 47 15 15 28 54 41 9 6 10 37 11 6 21 11 31 26 24 0 14 19 16 14 13 32 33 34 7 11 8 42 20 12 16 25 49 19 13 9 16 22 11 9 6 25 52 25 16 11 21 52 0.08 16 
143 471 122 118 50 32 30 51 104 59 40 23 50 92 52 20 39 51 102 57 28 23 69 98 73 27 31 56 72 51 22 26 71 109 58 24 27 61 105 78 27 29 62 109 49 32 33 61 101 52 30 34 57 114 66 25 29 57 112 177 0.07 14 
144 367 285 48 36 77 40 22 22 53 73 39 29 20 49 73 46 18 19 60 70 57 20 19 50 68 42 26 23 49 109 27 26 24 56 56 39 25 19 41 75 32 19 16 63 66 38 23 22 37 77 44 23 20 48 75 62 18 24 96 0.04 8 
145 243 203 95 161 84 44 45 69 179 111 37 43 83 174 82 40 53 108 175 123 41 53 104 131 84 45 41 91 191 117 57 51 121 168 101 48 63 76 149 89 39 65 111 121 94 49 47 114 161 115 40 51 113 134 111 42 50 98 190 0.03 6 
146 302 487 184 131 93 39 53 100 145 88 42 52 98 170 78 36 41 99 217 88 49 47 92 147 83 37 51 99 168 121 40 46 80 140 97 47 44 117 129 71 44 46 101 176 95 50 39 80 171 80 41 53 82 165 76 53 42 99 276 0.04 8 
147 115 53 54 24 8 9 11 35 10 7 12 23 49 18 0 8 18 16 21 9 9 19 36 12 7 5 0 34 23 22 10 30 19 17 12 7 30 10 22 7 1 26 47 21 6 4 15 23 9 5 6 26 52 28 2 9 2 48 72 0.07 14 
148 297 197 82 41 60 133 61 39 44 95 131 74 48 47 91 137 73 38 40 71 172 73 38 41 106 155 100 45 29 90 149 63 34 46 67 147 85 44 37 69 127 81 44 45 76 150 88 44 34 80 126 65 35 44 98 159 74 37 164 0.02 4 
149 329 336 42 33 21 20 40 65 35 18 22 46 61 50 23 17 37 61 53 24 17 38 75 44 18 21 42 62 52 18 23 41 75 31 16 20 38 68 52 22 20 39 61 40 19 21 43 63 51 23 27 43 67 46 21 23 38 75 84 0.02 4 
150 307 379 40 16 41 55 50 18 21 46 69 46 23 7 44 61 35 15 17 39 74 43 18 16 49 72 33 17 20 45 51 29 25 11 34 75 26 17 19 36 63 34 21 21 34 51 41 20 20 31 91 49 21 26 33 53 30 23 80 0.07 14 
