25 5 1992
0 293 215 4152 3113 3111 3093 3101 3100 0.01
1 496 153 75 19 16 45 32 29 15 7 30 52 52 19 13 21 59 40 11 20 33 15 51 12 9 12 64 25 6 11 40 52 15 7 16 32 58 22 8 15 16 60 28 14 8 11 75 20 19 7 27 46 27 12 11 27 33 23 100 0.02 4 
2 175 361 48 16 7 68 32 19 17 40 16 17 20 27 26 70 7 10 16 0 54 20 8 13 22 26 22 2 8 27 32 7 8 17 38 28 38 18 12 20 33 14 4 21 34 36 18 10 12 27 33 22 10 14 12 21 39 14 72 0.07 14 
3 263 434 54 12 14 19 52 24 15 12 38 48 29 16 12 23 53 44 16 9 28 41 33 10 12 24 40 36 13 13 23 54 22 9 7 26 22 20 16 18 34 38 14 15 5 28 34 18 13 16 28 51 29 13 8 25 37 24 81 0.02 4 
4 210 362 44 8 19 19 18 8 7 17 28 13 10 11 18 46 27 10 10 17 38 23 7 10 16 49 6 10 11 11 44 21 9 9 27 43 19 16 15 15 28 23 11 7 26 33 23 12 12 24 29 17 12 9 14 50 23 15 66 0.07 14 
5 30 466 44 15 20 44 63 54 23 22 36 77 44 17 18 34 89 38 18 18 47 72 47 24 26 36 79 48 24 19 47 64 46 19 20 47 76 49 22 24 46 75 45 21 20 36 69 44 21 25 54 67 48 20 21 36 74 43 88 0.06 12 
6 486 309 210 64 93 80 38 26 64 133 77 37 29 91 122 56 35 28 61 143 64 26 34 72 117 78 38 34 68 140 80 35 25 79 101 66 34 32 96 120 72 40 32 73 126 69 32 57 73 114 82 30 42 80 150 72 29 38 280 0.02 4 
7 9 46 162 128 88 37 39 83 139 108 43 40 72 119 88 45 31 92 123 95 42 39 91 114 63 31 38 65 125 70 38 34 53 145 77 35 45 93 116 76 47 32 81 149 76 27 38 62 127 106 43 40 72 145 105 32 37 74 243 0.07 14 
8 369 283 70 17 33 46 50 16 13 20 50 29 14 19 30 78 33 21 13 40 54 43 19 16 33 59 24 15 14 21 53 37 21 14 35 55 36 13 14 37 57 26 15 20 38 49 31 13 18 19 61 33 18 14 31 55 40 18 105 0.04 8 
9 405 317 86 12 22 60 75 52 22 23 53 84 51 12 13 54 88 49 26 13 29 79 52 18 19 53 41 41 31 23 53 67 47 30 24 48 32 34 9 19 34 79 48 28 29 41 99 34 26 18 60 57 48 20 16 55 78 73 129 0.05 10 
10 496 302 49 74 38 23 29 55 66 59 21 24 37 73 57 19 24 49 91 43 28 21 62 67 36 24 22 43 107 48 21 11 49 99 44 25 34 46 69 37 23 22 43 111 40 21 20 54 95 56 23 25 49 82 54 20 27 41 98 0.05 10 
11 131 493 231 121 74 38 45 69 101 86 32 40 82 149 101 43 30 79 145 82 36 33 89 116 75 42 27 93 166 72 44 36 88 129 83 36 32 95 95 90 40 39 94 163 52 42 36 68 122 88 34 43 85 142 68 33 27 72 308 0.05 10 
12 394 360 99 40 40 82 203 121 44 53 86 185 100 58 62 98 200 95 64 46 74 178 113 47 53 82 153 96 55 39 81 117 105 46 61 119 181 85 51 52 114 224 88 64 51 80 154 101 55 41 111 176 76 49 44 82 154 103 198 0.09 18 
13 303 459 38 10 17 30 22 6 10 20 54 29 11 9 20 30 7 13 8 20 29 14 10 3 30 29 5 15 8 13 26 19 12 8 11 36 25 8 8 20 32 19 10 7 4 11 25 10 11 16 9 16 8 12 22 25 23 9 57 0.08 16 
14 329 114 88 79 45 22 32 37 70 35 20 23 33 88 43 26 23 46 91 35 20 20 38 53 46 22 24 52 53 44 16 22 58 66 30 17 18 42 64 46 16 16 47 77 51 26 24 56 61 38 23 15 54 82 34 26 27 29 132 0.04 8 
15 166 206 160 35 45 74 128 67 32 35 70 155 70 45 37 66 151 95 38 50 75 100 91 45 37 75 108 79 39 34 78 169 75 49 36 94 145 80 31 34 74 128 75 32 37 75 126 73 35 42 86 146 81 48 47 74 106 67 240 0.05 10 
16 320 40 160 131 78 43 34 60 133 78 37 47 83 168 98 33 48 94 144 76 45 44 85 103 67 40 41 74 146 52 46 37 64 116 69 38 38 74 138 93 42 29 79 159 95 41 29 91 139 78 44 40 71 124 89 42 42 53 240 0.08 16 
17 81 293 94 133 111 54 54 119 138 79 38 45 99 139 84 45 59 93 121 97 44 52 100 158 91 55 58 104 166 73 53 52 96 177 106 47 38 74 156 69 38 46 90 140 100 47 39 102 181 119 62 40 109 139 101 54 46 78 188 0.09 18 
18 274 492 46 15 7 6 19 71 28 4 10 30 46 9 12 8 26 36 19 2 11 41 35 22 11 21 25 31 8 8 12 21 54 21 16 17 22 35 19 12 11 22 24 19 8 4 19 27 24 7 7 20 56 19 19 15 14 42 69 0.05 10 
19 144 80 68 27 43 42 14 21 47 20 43 13 16 22 34 30 16 12 47 3 42 14 14 41 66 30 24 20 30 43 17 36 16 36 42 20 15 9 41 88 30 16 19 31 87 46 20 25 31 63 38 21 14 35 67 32 12 16 102 0.03 6 
20 245 27 38 41 22 17 38 53 35 22 19 31 49 28 20 13 49 69 35 15 18 35 78 26 18 19 31 67 27 14 24 34 71 39 19 17 28 61 39 18 20 32 72 48 17 22 53 69 37 18 17 30 77 39 19 19 47 52 76 0.02 4 
21 487 172 291 83 198 81 46 54 82 158 74 62 49 82 164 85 42 44 114 209 80 56 46 76 167 80 50 56 98 209 86 40 37 93 170 112 48 54 88 156 104 51 54 97 167 76 51 43 107 170 78 44 53 85 146 86 48 48 388 0.09 18 
22 239 396 150 90 43 22 21 60 85 48 23 20 45 95 42 28 23 42 96 32 22 25 38 93 44 27 27 58 97 47 27 26 49 77 52 22 24 52 80 38 26 29 51 91 36 21 22 46 80 39 21 21 48 93 46 22 21 49 200 0.05 10 
23 323 332 177 23 56 119 47 34 21 55 92 60 32 28 61 102 45 33 21 70 126 40 29 24 62 89 61 21 25 54 76 61 28 25 56 98 58 20 30 47 122 64 27 23 59 82 43 23 35 41 105 79 29 26 51 98 66 19 236 0.08 16 
24 52 350 90 8 11 43 66 32 14 16 22 43 45 19 19 35 51 27 11 14 25 27 23 25 16 22 64 39 17 25 28 43 24 11 19 30 64 24 17 9 36 53 22 14 15 27 38 19 14 18 25 16 25 17 17 24 43 26 120 0.05 10 
25 350 75 252 63 32 44 76 135 103 42 52 92 140 100 53 33 91 150 88 49 42 77 118 91 36 43 79 79 77 37 46 88 162 82 46 58 69 134 91 51 29 79 140 88 43 45 77 129 111 47 30 89 157 101 58 42 76 171 336 0.03 6 
