150 20 13401
0 449 418 27121 19943 19960 19951 19942 19945 19947 19954 19943 19954 19944 19941 19961 19946 19952 19946 19943 19950 19955 19959 19952 0.01
1 330 486 138 55 81 35 15 16 36 67 56 22 25 28 65 45 22 22 46 95 41 19 24 62 90 30 26 27 38 58 31 19 23 38 76 39 21 18 51 82 43 21 18 39 78 65 24 19 39 63 60 24 28 46 84 49 24 21 51 80 30 33 26 56 86 49 30 27 42 70 52 18 25 184 0.05 10 
2 109 400 27 44 30 15 10 32 41 24 8 19 25 41 26 13 22 23 45 31 12 11 42 45 28 12 7 44 48 19 13 11 22 53 43 14 7 37 63 26 5 21 21 21 27 8 13 28 46 21 16 14 43 55 22 11 15 46 34 18 12 3 49 53 26 19 15 25 32 11 13 14 35 54 0.06 12 
3 405 16 80 47 22 29 37 79 57 14 9 23 97 32 23 15 39 80 49 28 15 38 57 29 26 22 29 31 54 19 25 35 69 29 19 15 32 73 43 21 15 37 64 43 6 26 42 101 27 17 15 46 43 25 17 24 39 67 32 23 22 37 82 34 24 12 33 67 31 31 25 30 53 120 0.03 6 
4 14 76 99 21 22 35 44 16 15 42 49 25 22 14 44 39 34 21 20 44 49 31 17 18 33 65 28 13 11 40 43 40 15 15 35 40 34 27 17 29 50 29 23 16 43 25 23 8 20 19 63 38 19 11 37 58 38 8 16 30 57 35 13 17 37 55 38 15 15 28 54 20 14 132 0.04 8 
5 213 49 112 32 35 60 116 52 22 31 64 84 44 28 25 64 90 59 23 22 51 91 47 21 33 65 86 66 27 27 52 90 57 26 22 61 90 61 23 31 59 93 57 24 27 51 107 52 25 28 50 101 51 23 24 54 82 50 30 34 68 104 61 27 27 66 82 52 27 25 59 89 69 168 0.06 12 
6 258 471 21 12 24 28 25 4 13 18 0 36 4 16 28 41 26 7 15 25 47 29 3 12 22 24 22 14 14 27 0 11 11 10 11 53 28 14 17 23 22 0 11 8 23 12 29 0 12 13 41 27 2 9 33 54 18 20 16 28 29 41 2 11 17 0 39 7 16 23 57 37 17 42 0.08 16 
7 217 149 273 91 48 39 102 190 92 45 50 75 126 79 43 42 104 143 96 48 49 72 135 89 41 38 107 173 81 52 44 79 154 103 43 39 72 192 97 49 40 83 173 96 39 35 78 139 91 36 57 79 160 75 40 42 87 140 88 48 49 98 154 94 55 51 93 178 104 56 35 69 145 364 0.04 8 
8 100 145 279 34 39 70 166 92 50 44 78 196 81 36 42 93 157 102 54 40 99 187 87 41 48 82 191 90 43 41 88 156 68 48 56 107 151 98 45 44 81 139 92 49 42 87 156 93 41 44 81 172 102 43 50 89 182 96 46 41 96 151 88 43 42 102 139 92 38 59 89 158 86 372 0.06 12 
9 269 376 195 41 33 52 88 57 26 33 62 125 68 35 25 57 110 62 32 35 73 99 66 30 28 66 101 70 32 37 63 113 52 37 37 79 107 53 38 28 56 117 58 30 33 56 114 57 33 30 79 88 71 40 30 51 104 58 37 31 77 108 68 31 35 53 108 45 34 28 62 108 72 260 0.09 18 
10 321 1 192 35 62 120 74 37 36 65 121 62 26 40 76 110 80 28 33 59 112 58 39 43 60 97 60 31 40 61 133 58 33 27 80 120 57 33 40 65 110 66 35 30 55 97 54 28 37 54 112 56 29 27 80 91 59 29 34 81 119 66 32 31 52 120 65 38 28 64 116 63 30 256 0.07 14 
11 123 97 86 78 44 32 98 147 95 42 37 98 167 69 34 36 86 170 71 35 37 98 124 64 47 37 85 140 91 47 49 71 181 91 35 52 94 135 78 41 51 83 168 105 47 45 94 134 86 44 49 86 140 83 44 46 97 110 93 50 41 94 116 74 46 47 76 142 79 33 46 92 124 172 0.05 10 
12 341 127 89 38 102 176 107 51 46 105 143 79 36 38 90 140 83 49 51 80 158 85 46 42 86 125 96 49 37 96 139 107 49 53 100 143 71 46 34 96 144 99 46 52 96 137 97 38 38 78 148 88 45 49 99 155 101 50 43 95 175 79 40 40 78 156 83 46 49 85 144 79 38 178 0.06 12 
13 22 21 66 34 37 69 97 85 27 34 50 93 59 44 40 68 108 57 33 35 65 135 75 28 29 66 93 66 28 31 54 132 76 33 36 68 114 63 41 32 49 125 86 30 29 71 88 62 26 28 60 126 51 37 37 76 115 62 26 36 70 91 72 29 35 59 107 80 35 31 72 103 71 132 0.05 10 
14 141 381 154 33 31 89 110 96 28 42 69 131 67 37 38 89 159 91 40 36 84 139 70 52 29 68 116 78 46 39 77 123 77 38 36 66 164 66 28 39 73 108 87 41 36 68 156 79 49 41 86 135 72 37 31 80 117 86 37 39 94 155 65 32 46 67 131 80 41 31 69 162 82 231 0.08 16 
15 416 446 276 45 51 78 175 104 39 37 75 175 101 52 37 78 138 94 43 38 91 169 102 45 50 95 144 79 39 38 102 132 93 38 45 91 138 75 46 47 76 171 101 54 40 80 130 87 40 49 94 177 73 40 38 87 166 75 48 42 101 169 84 39 47 108 177 77 38 38 93 148 87 368 0.03 6 
16 362 140 87 100 127 85 52 46 89 132 104 53 37 69 122 107 37 47 82 136 80 47 46 82 144 98 41 31 103 157 103 53 49 97 165 73 44 48 92 128 92 40 55 93 181 100 33 56 86 129 93 50 50 88 170 88 36 38 97 140 72 54 43 68 143 95 42 44 96 129 100 61 48 174 0.07 14 
17 90 50 61 33 41 78 68 26 25 66 86 70 35 24 56 106 48 29 24 58 100 45 26 33 61 122 81 30 32 34 130 57 23 34 71 128 73 28 22 82 88 88 40 31 58 115 67 30 35 60 118 59 39 40 54 83 53 32 22 60 95 56 33 26 64 121 84 35 39 79 89 50 37 122 0.05 10 
18 27 52 102 25 16 13 29 45 36 17 12 28 37 42 18 10 28 75 29 13 17 32 44 31 17 15 15 58 42 17 12 36 50 25 17 10 35 82 23 15 13 47 49 40 14 19 33 57 34 15 20 45 69 35 13 15 14 63 33 12 20 42 67 41 12 19 33 55 37 16 17 34 48 136 0.06 12 
19 266 62 189 39 48 124 51 37 32 69 113 54 39 36 42 122 74 21 37 66 110 58 26 39 65 105 52 37 39 49 76 69 35 27 48 92 65 30 22 76 99 77 29 35 65 103 66 30 46 41 105 63 28 24 88 116 49 31 27 64 120 67 25 26 49 74 62 21 24 67 87 60 27 252 0.05 10 
20 394 73 64 16 20 41 50 27 15 17 27 50 25 15 16 23 51 36 16 13 26 67 33 15 12 25 38 28 13 17 28 52 34 17 20 29 62 30 16 17 31 46 41 14 13 22 57 30 12 15 35 61 24 12 16 39 67 39 20 13 24 51 36 18 16 35 75 32 16 9 44 58 30 96 0.08 16 
21 412 42 93 8 26 69 24 22 8 47 52 46 24 11 25 43 32 17 18 33 42 39 13 13 22 70 27 14 16 27 50 29 13 17 30 45 28 19 11 48 53 40 16 15 20 47 31 16 15 17 61 22 11 17 20 32 24 14 22 60 59 53 20 14 24 32 31 16 19 28 51 48 16 124 0.09 18 
22 124 487 225 77 147 65 31 35 62 125 62 36 35 87 147 58 36 27 69 160 67 44 39 82 113 87 41 44 77 140 69 31 33 81 110 70 39 31 79 138 99 39 38 88 111 79 35 33 85 142 67 43 42 86 131 72 39 40 77 128 65 30 35 75 105 75 46 32 82 122 62 45 39 300 0.02 4 
23 102 134 150 33 21 57 140 50 22 17 59 107 54 24 30 40 49 38 16 35 55 65 53 33 23 43 45 48 12 17 79 89 63 25 26 49 95 32 25 25 45 79 41 28 25 40 81 52 17 35 42 72 58 19 21 57 94 44 13 30 45 70 76 23 18 58 113 29 27 19 60 50 43 200 0.06 12 
24 129 333 156 84 44 23 28 49 104 39 28 26 43 86 49 29 24 55 109 43 27 28 53 70 43 26 25 53 77 48 24 28 52 90 58 31 30 64 95 62 26 24 52 89 46 29 28 49 90 50 27 25 49 96 53 30 25 53 95 61 28 28 62 103 46 27 23 52 75 56 24 26 58 208 0.02 4 
25 33 59 134 82 25 39 67 107 55 34 27 71 88 52 37 31 64 130 82 39 33 59 106 54 30 36 68 108 67 43 33 61 88 54 26 32 62 113 49 27 35 49 85 64 30 41 76 104 84 22 35 64 128 53 23 26 76 105 67 32 34 82 111 66 43 34 74 108 68 38 32 85 123 201 0.04 8 
26 282 47 194 137 120 48 42 93 180 110 49 48 101 162 93 45 49 98 190 86 42 37 103 180 82 37 38 107 168 86 46 44 82 203 103 46 43 91 137 82 42 58 93 170 90 49 49 108 152 102 50 57 70 124 91 50 48 116 177 118 54 39 92 148 105 58 44 88 176 135 48 41 92 291 0.03 6 
27 201 32 273 48 83 153 89 51 37 80 185 89 45 51 95 178 72 38 43 82 183 82 46 53 103 162 108 40 52 77 149 78 48 49 73 186 81 51 40 91 172 77 38 49 93 157 90 36 36 103 158 94 39 54 86 127 74 40 49 88 183 95 53 41 77 171 106 51 49 84 136 75 55 364 0.04 8 
28 328 453 93 180 97 49 44 110 149 99 41 55 105 177 80 44 39 97 148 116 42 41 90 159 107 41 49 114 139 106 39 42 105 157 86 45 52 101 181 102 43 35 84 190 82 58 46 99 141 75 47 40 81 153 98 42 39 86 189 78 46 55 77 162 67 45 57 102 129 106 57 44 87 186 0.06 12 
29 423 388 64 83 24 26 50 125 60 37 37 82 136 50 24 33 56 123 45 38 36 52 79 70 31 35 51 107 62 26 26 55 82 52 35 38 63 91 61 29 37 63 127 77 37 22 74 70 54 29 28 67 105 64 34 33 60 86 75 35 29 71 87 60 38 31 67 119 82 40 23 52 118 128 0.02 4 
30 371 297 34 41 19 18 38 60 30 18 17 37 64 37 15 15 35 51 30 20 17 31 52 41 13 15 28 63 34 17 16 36 67 39 20 15 30 61 36 15 13 29 63 33 21 20 31 43 33 17 16 32 63 32 20 18 43 60 35 15 16 36 68 29 17 14 32 50 27 13 13 43 69 68 0.09 18 
31 343 490 100 38 29 26 40 100 51 32 24 43 78 46 19 32 48 93 46 20 28 36 113 38 24 24 59 81 48 40 30 75 62 47 20 40 39 94 29 17 17 56 66 47 25 40 53 94 61 25 23 71 66 41 25 34 48 79 39 12 25 55 88 27 27 17 41 67 36 26 31 40 100 150 0.07 14 
32 500 441 138 31 33 73 131 51 35 27 90 95 73 33 38 69 130 58 33 38 66 117 68 28 30 69 119 64 33 27 89 92 71 26 29 74 116 62 32 40 84 86 59 31 32 83 118 59 27 43 75 114 58 31 32 57 133 75 44 36 90 117 84 33 43 77 103 68 31 26 61 108 60 207 0.04 8 
33 373 114 15 30 11 5 8 20 20 15 8 7 12 25 16 4 10 13 27 14 5 4 6 25 12 9 6 16 32 10 8 6 8 29 12 10 9 11 18 13 6 10 10 25 17 4 7 11 23 18 7 6 11 22 18 6 7 18 32 13 8 9 13 20 12 7 6 15 24 9 4 5 14 30 0.02 4 
34 153 273 255 36 100 122 85 38 50 101 120 94 38 43 83 123 102 40 38 86 125 90 48 38 89 124 93 50 47 70 166 83 40 35 94 165 75 39 42 68 121 80 50 46 98 173 88 34 38 95 169 83 41 42 79 124 79 34 47 98 128 105 46 45 97 113 90 44 43 70 150 83 38 340 0.08 16 
35 148 388 71 22 44 59 97 83 41 24 73 114 69 38 51 71 112 80 36 38 57 139 57 27 31 84 72 65 41 32 62 150 87 29 31 46 91 56 31 33 74 119 55 33 45 72 100 71 40 38 55 124 74 31 42 65 136 85 36 35 59 149 89 35 37 72 107 78 32 33 55 85 61 142 0.09 18 
36 474 498 98 52 21 29 54 83 46 26 21 50 82 53 25 25 44 69 60 27 26 36 91 46 26 22 55 82 43 28 29 45 84 48 22 31 48 79 44 22 21 36 79 64 17 25 36 89 51 21 28 63 74 61 23 26 48 74 51 27 28 51 64 44 16 22 70 81 42 27 24 39 74 147 0.09 18 
37 330 111 30 5 9 14 30 5 5 6 4 17 9 10 3 14 16 12 4 7 13 23 5 1 4 13 21 5 7 7 0 20 14 11 5 14 24 0 5 6 5 1 14 9 5 7 29 10 2 2 7 23 7 7 8 12 26 9 4 5 3 8 0 6 4 5 7 8 5 2 14 0 7 40 0.06 12 
38 186 361 270 46 52 78 158 84 43 46 66 142 96 32 54 95 137 96 45 51 98 140 77 53 43 88 172 92 45 35 99 168 104 41 44 83 157 104 51 47 94 131 111 46 46 102 179 73 43 42 76 143 91 41 55 73 133 80 54 44 78 141 97 54 46 83 145 91 43 36 97 143 69 360 0.04 8 
39 222 439 174 64 104 74 35 17 47 78 41 28 15 60 64 54 25 28 60 68 61 22 29 50 100 77 26 31 53 116 52 29 24 65 105 47 31 37 28 97 61 30 25 62 98 75 20 33 63 86 66 18 26 65 93 52 31 35 66 59 63 27 21 58 108 58 26 24 48 67 39 22 28 232 0.09 18 
40 394 346 32 11 11 16 20 19 0 14 3 16 17 4 5 7 0 0 13 18 40 19 11 0 4 16 17 5 0 13 3 10 22 3 4 3 15 7 6 0 7 52 18 3 11 13 22 15 6 14 23 29 24 15 7 20 10 0 10 8 13 35 4 11 6 5 9 35 14 9 17 7 16 48 0.09 18 
41 176 239 30 15 10 8 4 7 16 8 5 4 10 20 10 3 3 11 19 7 6 2 10 12 11 3 4 11 13 10 6 4 13 11 9 4 6 10 16 10 3 3 11 17 9 4 6 12 18 12 2 6 12 13 14 4 4 4 15 12 1 3 11 18 10 4 5 9 17 12 4 6 9 40 0.06 12 
42 149 310 28 6 5 10 13 2 7 9 13 5 5 2 11 24 13 7 3 11 8 14 2 4 10 34 15 5 11 10 17 37 4 10 23 29 5 1 4 9 31 1 7 15 12 21 23 5 6 10 40 7 8 0 15 50 23 5 7 2 33 14 6 6 11 27 15 9 5 30 20 22 14 42 0.04 8 
43 286 421 60 40 117 72 31 15 74 87 51 32 26 57 82 53 35 21 53 84 70 27 32 53 101 61 25 28 50 96 48 22 32 71 88 58 22 28 58 93 58 20 38 55 114 62 30 21 47 118 62 33 25 87 107 46 31 28 64 137 70 28 28 63 103 46 27 28 63 88 68 34 24 120 0.03 6 
44 188 38 195 62 97 66 18 27 79 100 88 42 41 61 132 42 38 37 60 89 69 28 23 54 72 62 28 33 68 123 64 18 29 51 98 53 37 22 57 114 59 26 36 75 79 79 38 30 56 99 52 25 25 59 85 73 32 37 79 104 62 45 32 80 113 57 27 29 59 115 74 30 34 260 0.07 14 
45 483 470 297 191 115 60 50 92 179 101 40 42 102 141 115 42 46 95 151 94 55 52 114 142 96 44 52 79 175 107 53 40 101 147 92 47 41 113 162 93 47 55 93 144 88 48 46 109 168 109 39 49 100 162 88 42 44 90 182 107 58 47 82 193 79 48 55 77 160 83 60 55 115 396 0.08 16 
46 488 89 279 108 173 95 35 48 80 135 77 38 48 84 144 86 48 54 84 189 91 37 48 94 157 80 49 43 90 156 79 48 40 84 181 73 40 49 97 193 86 44 36 82 176 80 54 48 110 147 110 43 56 97 174 98 40 43 93 145 82 39 55 91 182 101 54 46 91 166 88 47 50 372 0.03 6 
47 121 428 126 53 104 66 27 29 72 116 58 34 37 70 102 57 29 28 54 135 79 36 29 61 107 53 30 22 66 113 51 29 35 65 130 72 37 31 74 89 46 30 27 71 101 72 25 35 56 102 52 25 34 57 90 84 35 33 62 113 55 32 25 71 96 52 33 35 63 97 67 26 26 189 0.08 16 
48 268 95 76 15 41 65 43 23 17 44 81 53 20 28 45 90 29 17 18 40 61 31 19 21 46 65 33 18 11 28 40 28 24 19 33 59 40 18 13 48 66 32 18 15 28 74 29 12 18 39 39 37 29 11 29 91 31 17 21 30 55 32 19 13 54 36 36 20 22 32 78 26 19 114 0.07 14 
49 155 86 90 143 100 40 40 89 155 73 38 46 89 182 92 42 55 77 173 84 37 46 80 147 99 39 42 91 125 93 38 41 104 159 104 36 45 87 179 101 41 48 90 162 100 39 44 90 136 87 50 52 96 153 93 43 46 85 180 88 41 37 82 155 81 43 47 92 145 81 42 45 90 180 0.09 18 
50 233 83 186 84 47 47 95 173 81 46 44 90 150 80 44 40 101 139 95 55 46 77 161 105 48 46 78 159 98 56 46 109 175 88 41 50 77 174 84 47 48 80 142 99 53 40 91 127 99 53 49 78 177 78 36 48 79 149 113 52 46 113 173 108 40 37 92 142 77 47 45 84 147 279 0.04 8 
51 409 19 85 73 48 40 92 136 83 43 40 87 147 83 53 32 95 141 73 39 39 76 152 97 38 48 77 134 87 34 42 100 158 73 39 41 87 137 72 48 46 101 127 80 38 51 81 128 78 44 43 80 137 89 38 42 95 164 83 44 36 65 163 85 49 37 96 163 77 48 33 80 118 170 0.06 12 
52 301 116 67 68 29 33 79 101 57 28 39 60 136 63 37 28 65 135 53 36 29 57 101 58 36 28 79 122 66 40 29 72 111 63 37 28 76 112 70 27 34 59 134 76 39 35 74 143 55 31 40 77 132 69 26 37 80 102 63 27 26 54 108 66 32 36 57 101 71 38 29 63 117 134 0.06 12 
53 367 191 189 27 28 57 126 50 36 33 60 131 59 34 30 53 93 52 34 30 61 92 60 31 31 79 113 59 39 38 64 99 59 34 35 67 94 51 34 34 56 107 63 32 28 71 112 77 24 31 59 95 67 26 29 54 135 53 30 30 71 93 66 29 34 66 86 64 29 24 74 106 60 252 0.07 14 
54 382 416 159 26 64 83 54 30 25 63 97 58 25 24 54 90 49 27 22 54 94 47 24 29 52 91 54 21 27 59 84 49 22 21 50 78 46 32 22 53 99 65 25 25 64 105 41 24 28 54 90 52 28 28 47 83 50 30 27 47 95 59 25 25 62 79 50 29 27 44 87 51 30 212 0.06 12 
55 191 220 66 29 61 31 18 16 25 85 21 19 21 23 51 26 18 13 31 66 23 16 19 18 79 39 20 11 27 60 32 12 16 27 48 44 14 11 38 46 30 13 15 36 58 33 21 19 40 49 38 11 12 37 69 28 17 14 24 71 23 10 12 21 45 36 16 21 39 63 26 21 19 99 0.05 10 
56 0 441 62 112 59 28 40 76 114 66 30 30 74 103 55 32 30 56 112 54 30 22 63 87 65 29 32 62 86 63 22 25 65 102 59 31 25 77 132 70 24 38 58 106 52 31 38 65 120 52 31 31 72 94 60 38 27 80 91 77 29 34 39 96 68 37 26 61 119 55 32 29 59 124 0.02 4 
57 476 309 70 45 30 20 15 33 41 29 20 17 16 77 45 24 19 32 63 35 14 17 27 61 27 18 15 27 55 33 12 19 23 60 38 16 12 30 55 39 21 14 30 65 40 19 20 27 50 29 19 14 36 45 38 16 11 27 50 26 20 20 35 61 57 19 20 31 62 35 18 15 31 105 0.06 12 
58 348 244 90 8 14 24 41 19 14 22 22 61 31 13 12 34 60 30 11 14 44 36 33 13 20 37 45 27 17 11 40 41 20 16 6 26 42 31 16 18 28 55 23 11 13 22 45 28 14 22 23 66 24 14 11 45 43 38 11 12 30 71 23 8 13 15 60 34 8 13 26 48 25 120 0.06 12 
59 389 227 168 37 29 47 104 49 24 29 67 89 54 37 29 56 96 60 18 30 47 98 74 29 32 37 76 57 27 25 59 83 59 24 33 51 94 52 28 25 66 109 66 28 36 63 89 65 31 31 49 78 55 20 30 74 84 52 24 32 61 85 51 27 24 48 93 50 21 21 53 77 57 224 0.08 16 
60 449 332 132 79 26 27 74 113 62 38 36 62 115 59 33 25 68 124 61 31 30 63 123 60 27 29 73 124 78 28 35 67 122 71 33 29 68 110 74 31 34 70 110 77 31 40 69 123 69 29 35 55 118 67 33 38 65 134 58 27 30 61 113 74 30 32 75 112 52 35 22 66 106 198 0.08 16 
61 79 417 153 55 24 24 55 81 55 28 26 56 78 40 27 23 64 85 57 30 21 63 88 47 23 22 52 103 52 22 26 47 93 53 25 23 45 90 42 25 29 39 74 45 21 31 50 91 68 29 30 44 92 58 30 26 61 64 39 20 24 62 74 46 23 27 49 78 49 23 28 64 104 204 0.05 10 
62 367 279 135 41 70 38 23 20 35 62 44 24 22 40 69 46 17 16 52 91 45 22 28 54 89 61 26 20 53 76 42 22 18 45 94 44 22 23 39 62 39 22 23 39 74 42 27 18 49 60 41 26 25 37 70 29 17 21 39 71 43 19 22 56 68 46 17 25 48 91 39 22 26 180 0.06 12 
63 133 78 83 37 68 132 78 43 47 78 160 97 44 47 71 127 95 41 38 75 157 83 40 33 89 119 90 40 49 83 162 85 44 37 81 149 88 43 38 101 124 92 32 44 77 147 87 34 39 84 156 73 41 48 86 150 78 36 40 74 127 76 41 40 79 159 75 47 46 83 137 85 34 166 0.09 18 
64 98 431 31 31 16 12 34 73 30 8 5 27 53 41 16 12 25 57 21 6 17 39 40 16 19 19 37 48 34 10 17 44 48 19 13 21 35 82 34 7 14 23 53 22 12 25 31 54 45 8 20 37 63 28 19 14 35 51 38 14 11 46 55 46 16 10 46 49 38 17 11 30 29 62 0.07 14 
65 431 96 110 50 28 19 59 94 60 21 36 51 69 61 33 27 76 62 73 30 20 55 90 64 22 39 27 77 56 25 30 55 110 58 27 23 30 117 58 28 34 47 127 75 28 32 60 97 63 47 21 65 76 46 26 28 39 95 46 25 28 61 79 54 26 41 55 116 52 22 29 63 91 165 0.03 6 
66 208 420 297 53 94 118 108 53 43 90 161 107 40 47 109 165 113 57 49 101 180 97 43 54 102 144 94 49 40 109 164 96 53 50 102 145 113 38 42 105 213 102 59 41 79 188 119 46 58 118 199 81 56 51 111 175 101 50 52 115 183 75 46 40 114 175 106 60 39 91 150 83 44 396 0.09 18 
67 399 128 154 65 171 72 38 44 68 132 68 45 47 86 113 75 46 32 83 111 91 41 43 62 127 72 42 39 86 138 68 37 32 73 152 76 29 27 75 133 86 28 40 73 129 65 39 40 64 111 58 47 33 59 133 58 41 41 76 150 86 42 32 93 136 68 40 33 101 126 98 48 33 231 0.03 6 
68 429 106 79 82 131 85 33 49 80 138 75 41 35 73 121 84 35 37 71 159 77 43 37 77 117 84 45 44 65 137 59 47 33 73 113 91 46 39 77 117 69 38 40 63 160 69 38 43 84 115 83 36 48 74 149 67 37 35 88 153 68 34 32 69 115 77 43 48 80 146 77 39 34 158 0.05 10 
69 249 306 240 88 46 49 81 129 78 30 45 67 123 90 40 43 66 165 74 36 44 67 145 92 42 46 87 128 90 44 42 64 126 84 47 44 87 119 63 41 44 77 117 90 39 38 97 118 84 40 32 85 136 71 45 34 69 141 99 33 45 96 130 89 34 41 70 159 83 42 39 83 145 320 0.03 6 
70 107 254 47 55 20 15 45 72 40 24 20 46 86 60 28 24 49 81 53 20 20 62 55 39 25 20 39 101 48 20 23 41 68 32 28 24 44 85 46 23 19 45 88 45 22 24 43 80 43 20 27 48 113 56 17 20 77 99 53 26 20 53 74 59 25 28 48 116 58 18 27 44 76 94 0.02 4 
71 33 79 72 41 36 12 16 30 65 26 20 18 10 82 49 17 14 41 76 30 16 20 29 56 16 7 17 45 42 53 18 17 42 59 32 15 16 46 51 17 16 22 54 50 32 14 14 28 83 39 13 28 14 89 55 16 11 35 18 47 10 19 18 54 19 10 22 33 57 31 12 20 31 108 0.04 8 
72 251 112 46 42 81 49 24 25 55 71 45 26 26 56 78 47 31 20 53 89 41 26 23 54 87 46 22 25 28 68 33 18 22 42 104 49 19 17 55 66 42 20 24 49 76 53 21 24 53 78 47 23 19 53 70 37 22 19 47 64 51 19 25 49 92 58 27 23 51 58 35 23 23 92 0.05 10 
73 422 104 19 5 11 25 2 1 10 5 19 25 22 16 8 8 24 15 4 18 0 32 21 11 5 9 44 38 9 9 11 37 21 17 9 5 7 42 12 12 10 25 14 13 8 28 18 0 12 5 11 12 14 13 7 3 0 4 0 11 15 0 14 10 12 25 23 19 4 9 18 48 9 38 0.07 14 
74 237 295 88 25 21 46 85 46 30 24 45 68 44 22 24 41 86 51 22 18 27 68 45 24 23 42 86 38 19 21 59 94 42 18 16 45 71 42 19 16 48 74 36 20 22 48 87 33 20 18 55 77 51 24 20 53 58 54 31 15 36 86 44 24 22 40 69 36 19 19 44 75 41 132 0.09 18 
75 286 450 95 115 160 109 55 56 108 144 98 47 58 95 164 96 42 39 83 187 79 46 42 106 173 94 53 40 78 167 89 43 52 81 158 88 59 48 113 165 119 49 44 94 134 93 42 42 97 184 102 44 45 92 165 99 40 53 107 179 103 43 61 72 199 84 46 43 86 120 113 34 53 190 0.06 12 
76 176 299 186 104 67 27 28 53 89 67 30 30 76 98 67 26 26 57 98 69 35 28 57 90 57 36 29 71 89 58 25 37 61 100 64 27 31 54 91 67 33 31 53 103 75 33 35 55 94 61 33 35 66 90 61 38 29 60 101 72 36 30 68 94 57 27 28 64 91 60 32 33 72 248 0.07 14 
77 393 343 84 101 48 43 99 130 84 41 33 97 127 107 36 36 79 133 85 48 47 87 159 78 47 41 96 175 86 44 43 74 130 84 39 48 76 122 99 44 46 83 155 94 41 36 98 125 91 46 39 89 113 77 38 50 76 151 94 42 35 74 139 96 39 33 72 112 83 47 40 107 129 168 0.07 14 
78 198 136 80 38 71 170 69 26 38 73 152 101 31 43 97 165 96 45 46 79 155 75 31 45 77 147 64 45 36 77 109 75 36 37 100 154 94 29 43 68 154 90 42 32 82 111 93 37 35 101 111 92 35 33 100 144 87 35 32 82 128 102 37 30 53 146 73 29 43 73 125 97 55 160 0.08 16 
79 38 143 104 38 25 33 44 84 56 24 29 61 88 48 23 32 68 82 55 21 26 43 87 54 24 30 52 83 64 29 20 48 97 43 24 24 43 87 51 21 19 55 78 66 23 25 38 86 51 20 30 71 99 51 30 22 68 88 45 28 28 51 93 45 23 29 38 88 42 20 22 55 83 156 0.08 16 
80 49 337 124 73 29 35 67 123 55 31 35 64 94 61 26 36 59 91 53 34 29 72 105 73 32 30 69 112 66 26 29 59 117 64 28 32 71 91 71 27 25 47 91 65 37 34 54 95 68 29 32 68 121 61 26 35 65 111 74 35 27 53 109 64 30 27 61 108 58 26 25 65 107 186 0.05 10 
81 101 1 177 100 67 32 27 58 100 52 22 31 59 116 45 26 28 56 99 62 33 25 62 91 64 31 28 60 97 60 32 26 58 112 58 31 34 52 106 65 27 25 61 76 41 29 27 62 95 66 36 33 60 112 60 25 28 44 95 49 33 33 47 110 58 26 25 50 102 59 34 33 64 236 0.08 16 
82 458 453 267 49 41 98 152 72 58 58 78 145 89 37 44 86 145 78 47 45 73 152 89 46 37 74 139 114 36 48 84 126 80 35 53 66 158 84 60 47 71 164 86 43 45 77 135 90 44 41 74 127 91 48 43 93 183 79 44 40 98 135 102 37 55 86 122 90 48 35 92 135 102 356 0.09 18 
83 429 305 162 50 75 57 34 30 45 73 62 25 19 62 96 49 30 25 48 91 45 23 23 43 73 56 23 30 53 84 57 25 28 57 106 59 23 28 54 116 66 26 25 52 101 44 30 33 56 105 48 28 23 58 113 47 29 24 48 83 47 23 33 67 95 55 26 24 60 94 48 29 21 216 0.02 4 
84 238 211 55 25 55 98 58 30 30 47 85 52 31 24 56 102 53 23 32 45 91 54 29 27 61 102 52 22 33 50 102 53 30 36 59 66 55 27 27 62 91 47 26 23 65 104 52 28 30 63 103 52 33 24 57 89 69 32 31 47 107 60 25 31 50 97 49 29 29 64 87 54 34 110 0.04 8 
85 393 417 291 108 166 108 45 50 82 181 86 48 41 114 165 89 41 55 95 154 111 47 50 89 170 106 50 45 80 155 103 54 46 113 191 77 43 42 99 186 104 43 41 96 192 110 39 50 102 150 106 52 54 89 161 95 56 53 91 162 112 44 40 98 168 85 43 47 82 163 98 52 54 388 0.03 6 
86 69 264 154 34 40 62 126 99 33 47 78 134 91 42 43 78 142 80 43 43 70 131 78 44 41 68 155 73 47 39 70 121 67 34 45 79 115 78 41 38 66 136 62 44 37 81 151 70 37 34 62 128 72 29 31 75 118 101 35 45 70 100 101 43 43 87 122 74 49 43 69 103 92 231 0.02 4 
87 444 274 102 22 32 69 68 28 31 47 63 55 25 28 60 58 39 25 34 68 121 46 20 30 43 96 63 29 17 51 78 83 28 25 46 74 51 26 26 62 130 42 24 35 67 86 46 28 25 68 80 43 28 21 39 68 30 17 20 35 82 49 29 24 57 94 34 34 18 43 67 81 29 153 0.08 16 
88 380 385 132 60 102 57 32 35 56 129 64 23 29 58 122 54 24 35 63 101 87 27 38 84 98 61 30 29 61 114 60 32 39 72 127 68 29 33 62 145 89 29 27 86 105 62 26 35 78 148 67 33 30 55 107 57 25 36 64 145 54 36 26 63 108 64 35 33 59 110 56 27 37 198 0.08 16 
89 295 209 48 66 20 10 6 30 40 18 12 10 33 29 19 14 10 30 15 19 17 12 22 19 31 13 11 25 29 11 11 12 42 42 15 15 10 22 34 24 12 16 23 37 14 9 6 16 35 33 14 10 20 40 25 7 10 39 32 17 15 8 13 26 24 17 8 24 34 26 10 11 17 72 0.06 12 
90 48 366 100 107 146 95 53 57 94 190 139 58 34 91 182 79 41 51 126 159 99 38 41 122 136 83 37 41 102 201 96 52 62 107 171 103 53 40 97 129 95 48 52 77 192 122 51 51 107 196 85 39 45 87 162 98 37 46 92 166 102 43 41 93 146 101 39 42 100 135 101 67 59 200 0.02 4 
91 78 309 190 138 109 47 51 102 153 112 49 42 100 169 111 49 39 86 179 75 48 41 80 162 109 41 49 118 143 106 39 55 112 165 93 47 45 84 185 109 49 49 84 149 109 49 53 105 145 95 42 42 84 189 96 47 40 79 152 108 52 54 88 176 110 47 40 78 147 79 54 42 94 285 0.09 18 
92 311 170 30 2 2 9 23 12 2 6 13 19 3 2 10 0 24 19 1 7 0 18 22 8 4 0 7 0 5 9 8 32 0 0 2 0 26 34 8 4 23 21 13 10 3 28 6 15 0 3 0 8 3 8 1 16 14 21 4 3 14 26 23 5 4 14 2 7 8 10 16 11 11 40 0.09 18 
93 260 347 29 10 29 58 24 16 12 34 48 28 15 15 29 42 26 15 11 21 50 25 12 14 30 56 32 14 12 21 58 20 13 15 25 58 32 12 14 24 44 24 16 12 21 38 35 14 12 24 40 23 12 15 29 47 27 11 12 31 45 38 13 12 24 52 24 14 17 30 57 33 15 58 0.04 8 
94 492 476 176 33 57 96 127 91 37 44 87 124 77 40 36 79 176 67 41 37 93 142 94 39 40 65 126 66 43 42 67 127 109 44 50 106 123 101 45 53 82 124 98 51 44 67 126 103 39 39 63 133 90 53 36 97 128 98 41 47 103 165 73 39 47 109 145 106 35 35 93 194 87 264 0.03 6 
95 165 487 94 93 38 25 12 26 83 42 22 17 41 54 61 15 21 45 76 54 16 16 53 63 49 27 14 43 88 34 27 29 48 98 39 22 22 41 55 38 18 17 44 69 44 31 20 66 53 55 30 24 40 96 59 28 17 44 78 37 23 26 54 84 43 22 28 43 63 46 17 28 31 141 0.06 12 
96 145 299 59 28 76 97 60 29 30 54 100 61 28 25 54 97 67 30 31 57 129 47 27 33 53 97 71 26 32 53 108 58 29 27 67 103 69 35 24 75 84 62 34 28 69 129 50 31 26 61 89 57 23 35 69 95 50 32 33 48 99 52 29 29 50 115 68 36 30 61 101 71 27 118 0.06 12 
97 81 348 84 176 70 36 40 80 140 76 36 33 71 94 89 38 42 76 135 60 38 44 77 152 109 46 41 68 152 65 41 35 91 100 90 34 47 99 142 88 50 40 74 139 102 49 59 76 108 77 50 47 108 162 90 44 37 80 150 80 34 51 116 126 99 45 38 94 125 64 38 31 95 168 0.09 18 
98 112 317 267 88 118 88 39 49 89 173 91 41 39 103 150 100 53 48 78 171 106 57 43 92 143 84 40 38 105 157 77 36 33 88 151 87 42 41 93 150 78 56 50 101 143 84 53 43 90 139 84 39 44 103 179 108 46 49 107 158 96 36 41 112 124 84 50 52 69 128 72 41 38 356 0.06 12 
99 26 385 216 58 132 68 33 34 71 112 78 30 40 80 104 62 30 39 73 123 85 37 35 65 110 72 32 35 61 114 68 33 32 80 119 67 40 37 69 103 61 43 34 76 110 81 40 40 76 146 73 33 43 64 112 60 38 28 82 122 59 37 34 70 125 63 38 33 73 134 63 40 41 288 0.03 6 
100 198 52 86 72 126 79 43 33 79 189 81 49 41 107 156 95 40 44 62 164 111 36 43 77 142 82 31 38 91 128 100 50 33 97 150 109 45 37 97 126 82 50 45 85 123 82 43 33 81 165 84 40 41 103 150 83 39 43 78 181 64 45 42 86 138 98 34 43 85 168 70 44 36 172 0.07 14 
101 459 476 105 14 44 65 31 14 13 40 49 26 11 16 30 41 31 12 13 13 61 35 9 14 26 53 19 19 17 41 54 47 19 16 32 61 34 16 12 33 55 40 19 19 35 81 31 17 11 26 56 34 20 13 45 59 37 21 15 53 53 42 23 14 22 50 25 18 13 41 70 27 25 140 0.02 4 
102 208 233 246 152 82 42 55 83 172 80 34 45 75 116 85 34 44 77 139 81 50 48 64 145 72 36 32 96 150 96 48 36 73 135 64 37 54 100 143 79 47 44 62 147 93 45 34 88 157 87 35 32 71 103 96 52 36 84 146 112 52 42 93 136 110 34 36 73 116 84 30 44 88 328 0.09 18 
103 204 27 62 14 14 31 60 29 11 17 25 62 22 13 13 28 51 35 23 18 39 43 19 14 10 25 47 36 17 13 27 49 37 13 21 39 52 26 15 15 44 62 34 15 20 33 51 28 14 14 38 38 42 17 14 33 57 26 16 18 34 34 31 16 21 32 62 27 13 15 28 73 33 93 0.07 14 
104 200 317 132 82 40 22 16 29 66 55 25 21 46 83 41 21 21 62 86 34 21 24 40 62 63 22 22 50 73 44 22 27 29 80 53 24 31 32 81 47 24 27 44 98 42 22 17 51 92 53 26 28 32 71 68 25 15 48 70 41 14 25 41 63 42 23 23 37 57 37 27 18 53 176 0.03 6 
105 315 395 144 93 53 25 19 49 77 59 21 21 56 72 56 21 29 44 67 51 19 19 51 70 40 23 20 59 84 55 18 24 57 64 52 28 24 38 99 50 28 28 36 94 44 21 23 39 78 51 28 21 51 74 54 21 29 51 73 48 23 19 66 71 44 29 23 42 72 49 21 18 39 192 0.06 12 
106 395 114 138 62 32 18 24 37 89 54 17 29 39 89 64 19 32 45 79 39 20 20 55 71 43 29 17 48 86 53 19 28 49 65 54 22 31 42 125 35 17 27 35 101 51 21 11 46 91 43 27 18 64 64 54 25 23 55 74 66 18 29 55 79 36 21 25 22 97 40 21 23 66 184 0.08 16 
107 470 289 108 15 16 40 55 29 14 19 40 58 44 19 16 34 67 34 13 18 38 67 41 13 18 38 49 34 15 17 40 52 27 20 19 37 56 26 22 19 36 68 37 18 18 39 54 33 17 16 30 51 27 20 21 38 51 30 24 15 35 77 30 17 19 45 67 38 18 21 33 65 44 144 0.07 14 
108 399 296 46 23 43 28 12 10 23 49 20 11 10 21 36 21 8 11 19 35 18 10 11 23 37 24 9 13 22 37 25 10 8 24 32 21 10 13 24 48 24 13 12 21 32 23 10 12 23 42 23 10 13 24 37 21 10 8 22 39 21 13 11 24 37 17 10 13 23 41 27 14 12 69 0.08 16 
109 459 361 140 35 29 69 121 73 29 33 79 116 52 28 38 90 124 74 28 28 58 146 62 43 32 65 104 48 34 31 74 112 65 28 42 95 104 75 31 36 56 138 61 30 31 73 128 64 33 32 81 159 71 39 33 57 111 58 40 34 47 93 52 35 32 73 99 60 33 32 65 106 64 210 0.06 12 
110 344 294 111 23 23 40 50 41 16 19 41 64 26 18 15 48 73 44 13 27 31 41 32 19 12 41 65 44 17 11 40 59 18 22 9 39 57 30 19 23 41 58 31 10 22 53 68 32 17 23 34 67 34 17 21 24 78 52 17 23 30 52 25 14 22 29 60 34 24 16 41 64 48 148 0.02 4 
111 274 169 33 13 16 37 51 29 20 14 32 62 28 15 16 32 63 29 17 15 32 59 33 13 12 37 50 29 18 15 31 55 41 13 17 30 47 36 12 14 31 54 39 13 13 44 68 27 15 19 34 56 27 14 11 24 58 21 20 13 33 55 31 16 12 36 67 45 20 14 26 54 29 66 0.06 12 
112 361 186 300 104 195 103 56 55 99 149 88 46 40 88 194 104 46 46 107 149 116 48 53 111 198 87 58 43 117 189 81 46 53 95 200 100 55 49 90 156 119 52 53 101 180 104 52 54 110 184 113 42 48 80 152 108 42 55 109 182 94 45 50 102 149 112 44 48 116 192 104 45 59 400 0.05 10 
113 409 175 95 43 42 69 186 117 51 41 86 208 104 43 55 85 134 92 39 49 102 172 83 46 42 83 128 88 56 53 93 164 102 46 48 79 202 77 39 48 114 145 105 47 44 70 135 79 50 39 97 174 94 55 45 90 168 113 42 41 90 161 119 39 39 90 147 112 50 52 120 128 102 190 0.07 14 
114 193 169 81 162 80 37 31 77 137 100 45 40 72 109 88 28 33 87 155 70 35 36 86 119 96 38 42 83 148 87 29 37 83 140 87 42 53 74 167 73 41 33 84 138 80 35 41 75 119 73 43 31 68 136 79 33 35 67 147 71 43 42 74 123 71 46 46 71 158 88 41 44 96 162 0.09 18 
115 297 40 27 56 23 11 13 21 49 27 12 10 25 38 23 10 14 30 51 18 15 14 25 44 26 15 16 22 41 35 11 15 25 58 25 13 10 28 52 29 12 15 23 34 23 15 13 22 40 33 12 12 19 44 25 13 12 23 55 27 16 13 32 41 23 13 10 25 50 34 11 17 25 54 0.04 8 
116 171 414 92 99 163 96 54 43 111 161 90 54 34 78 129 98 41 50 110 175 76 43 51 103 146 90 42 48 71 155 73 54 43 111 176 92 34 53 92 141 97 45 60 79 175 105 44 39 92 144 95 56 45 104 168 89 40 51 86 155 109 34 57 80 159 86 39 33 79 133 93 49 56 184 0.08 16 
117 420 498 104 31 61 63 42 35 33 49 93 48 34 21 44 91 41 23 27 43 89 50 19 28 55 84 44 31 31 43 96 63 20 23 61 100 59 21 35 65 104 48 26 24 37 112 55 29 19 47 93 61 24 26 58 91 63 35 24 54 81 47 28 29 50 92 65 28 28 44 72 56 22 156 0.08 16 
118 330 206 134 97 62 36 38 74 129 72 33 28 53 112 75 33 27 76 103 71 36 34 74 107 75 36 29 62 127 67 28 31 72 127 63 38 41 86 119 64 31 37 82 106 77 41 28 70 100 70 26 29 64 115 60 27 27 69 105 82 29 28 64 115 58 36 28 58 97 72 36 41 67 201 0.03 6 
119 172 257 136 75 134 84 47 33 79 164 72 31 34 57 113 55 33 35 69 109 77 40 33 76 109 79 33 27 82 99 69 34 28 89 116 66 29 30 94 122 90 27 37 62 89 60 35 33 72 98 70 37 40 62 122 53 35 30 64 128 78 38 38 80 115 82 34 34 83 125 68 31 29 204 0.09 18 
120 0 101 32 28 14 15 31 45 29 14 17 38 36 50 24 18 39 48 25 15 19 29 55 35 16 15 33 62 31 14 12 36 61 35 17 23 36 54 33 18 16 44 33 33 11 14 29 62 35 8 14 40 59 31 20 11 36 39 33 13 18 27 66 28 13 21 28 48 31 13 20 39 67 64 0.09 18 
121 143 256 150 41 26 25 52 68 45 28 25 51 95 54 28 24 52 78 41 25 25 38 79 49 26 22 52 72 57 25 29 50 93 58 28 29 44 88 51 19 29 50 75 51 29 27 51 94 48 23 27 55 96 48 24 22 45 92 60 29 28 42 82 46 21 28 58 100 45 27 29 44 74 200 0.08 16 
122 444 421 90 77 46 18 24 42 70 39 20 18 48 75 35 21 13 48 66 43 19 17 47 84 48 19 21 39 84 42 24 27 42 59 58 27 18 43 85 59 20 27 45 82 45 22 21 35 73 41 22 24 52 72 40 19 23 36 72 45 23 26 51 87 42 26 25 49 78 33 28 21 44 135 0.07 14 
123 293 83 100 30 26 79 49 19 36 38 84 48 19 25 49 70 61 25 21 52 133 34 16 29 44 91 57 21 36 42 51 67 17 37 60 95 55 22 27 48 58 27 33 26 70 77 41 16 26 56 90 61 27 23 53 91 37 19 24 36 85 37 20 17 57 85 62 24 32 65 86 36 31 150 0.02 4 
124 432 159 35 18 18 38 47 22 14 15 35 47 58 19 16 26 41 26 17 19 40 78 27 15 18 46 51 39 14 19 21 64 22 14 13 49 53 18 17 16 29 40 31 14 9 45 60 45 14 16 43 51 35 22 18 45 56 38 13 18 23 75 35 21 14 39 58 43 18 15 31 61 39 70 0.08 16 
125 477 344 240 87 147 79 45 33 91 132 74 40 45 75 153 79 41 45 65 149 77 43 41 86 125 63 32 41 89 151 92 35 47 68 135 74 43 41 65 133 89 34 46 96 135 80 44 39 68 144 91 37 33 83 157 75 45 42 84 124 64 38 33 92 136 81 34 43 67 123 82 38 34 320 0.04 8 
126 9 438 130 35 28 68 108 77 31 31 62 149 62 34 31 76 102 70 25 30 61 123 65 32 34 71 115 56 40 31 70 95 82 28 29 62 112 44 35 34 82 96 51 36 35 54 122 77 38 34 55 117 80 25 28 64 96 69 39 31 68 122 64 34 23 61 120 73 32 29 73 105 63 195 0.09 18 
127 426 105 267 98 39 44 88 180 83 50 41 88 131 77 35 34 95 178 91 33 38 89 135 103 47 38 102 166 100 37 40 80 118 92 34 52 104 127 94 43 48 96 130 92 35 57 82 130 77 49 54 109 147 86 49 41 94 168 104 31 47 91 169 80 53 46 80 138 106 34 50 92 132 356 0.06 12 
128 182 393 93 104 37 56 99 149 80 39 50 90 168 113 58 46 107 162 71 53 50 80 133 68 40 40 66 177 105 42 49 105 120 109 54 44 75 138 91 48 52 111 147 80 60 38 82 132 81 44 37 94 176 78 39 57 76 155 99 43 51 91 118 83 62 53 120 140 72 38 54 93 128 186 0.09 18 
129 35 158 58 27 56 89 60 34 28 56 87 64 33 28 57 102 74 26 25 47 114 67 36 25 66 102 49 28 25 58 82 47 33 26 58 110 59 23 33 63 112 56 32 24 60 94 64 35 34 60 110 54 23 26 49 99 51 30 29 60 104 55 28 34 53 89 62 20 23 68 106 47 30 116 0.09 18 
130 19 492 44 41 21 19 38 77 50 20 19 42 70 35 25 26 44 61 47 24 19 54 75 37 23 24 39 58 40 23 22 41 70 41 20 24 45 88 41 26 20 50 88 50 26 23 51 83 37 22 19 38 60 47 22 21 45 61 45 19 23 42 57 48 17 19 39 64 38 26 20 45 78 88 0.06 12 
131 103 119 88 83 40 25 19 43 73 43 26 30 50 69 50 22 24 44 78 50 23 26 46 61 36 21 26 42 79 47 17 23 51 78 49 22 18 38 66 40 24 25 37 74 43 18 18 44 71 44 19 17 45 75 43 26 19 47 69 42 24 23 42 68 35 19 26 45 81 37 22 26 35 132 0.06 12 
132 45 283 168 69 40 43 112 145 93 46 46 80 113 88 41 45 99 144 107 41 41 80 125 76 46 41 87 135 75 39 31 79 149 102 35 39 86 93 73 48 35 95 156 67 41 36 110 155 84 42 36 73 175 103 46 42 102 146 75 38 43 75 169 82 47 45 104 143 85 47 39 100 175 252 0.03 6 
133 371 449 42 65 51 24 22 35 80 26 23 18 53 54 37 25 24 30 82 30 24 24 44 88 41 18 19 43 60 48 17 31 34 71 24 18 16 52 60 32 14 16 41 79 38 15 18 31 68 51 17 24 33 60 54 16 26 64 55 55 18 13 33 70 40 17 26 53 95 61 35 26 36 84 0.09 18 
134 139 326 204 42 93 68 27 26 89 123 63 34 32 61 148 66 40 32 76 107 65 33 23 53 108 60 41 30 71 120 60 38 34 53 93 56 35 24 102 112 64 38 25 74 111 70 41 32 68 130 62 34 45 73 145 64 38 38 72 116 68 37 44 50 101 76 38 37 55 130 59 47 33 272 0.02 4 
135 11 17 186 99 57 34 112 133 118 49 45 79 162 76 39 49 89 154 87 47 50 85 173 95 49 38 81 158 111 51 36 108 194 89 54 42 111 166 102 37 42 94 133 86 37 46 79 183 73 40 41 84 156 74 40 41 84 147 79 61 45 90 210 77 45 58 83 178 111 45 37 88 152 279 0.04 8 
136 447 168 171 25 54 87 62 31 23 68 114 44 26 21 65 94 35 25 29 40 109 62 28 39 58 82 59 31 24 72 125 44 26 31 63 104 50 33 27 48 80 47 24 27 54 92 51 26 32 50 96 61 35 36 68 85 73 46 22 36 114 43 29 26 54 92 76 38 21 65 88 67 25 228 0.07 14 
137 220 302 196 44 95 162 79 51 41 80 192 112 39 59 90 185 114 60 43 85 177 90 56 59 91 141 104 57 44 100 155 113 44 51 104 166 83 41 42 112 165 87 44 54 109 166 107 42 39 92 153 109 38 42 108 153 84 49 54 94 168 100 41 44 110 178 108 46 52 97 206 118 43 294 0.02 4 
138 299 408 20 4 12 18 39 21 8 10 19 29 12 6 9 20 33 22 9 10 24 42 9 7 10 29 40 23 7 13 18 34 18 11 9 15 30 25 5 11 24 33 16 14 11 11 30 20 11 6 32 35 21 10 10 18 33 14 9 10 23 39 21 8 12 22 33 23 10 12 16 48 19 40 0.08 16 
139 33 380 285 48 103 201 92 51 43 88 177 102 43 36 112 160 89 47 46 103 190 97 44 48 86 183 87 41 47 97 151 113 50 55 68 175 89 40 37 83 153 111 39 53 83 160 75 40 48 89 178 113 52 42 82 164 88 42 43 103 190 98 38 52 91 144 105 49 59 89 149 118 50 380 0.02 4 
140 163 225 27 50 17 12 5 18 88 34 12 23 27 57 38 17 17 29 52 45 11 14 21 14 15 14 21 25 37 28 10 17 44 53 44 6 21 20 36 21 11 14 33 38 25 10 15 29 34 15 15 15 17 35 28 15 16 30 59 30 1 14 36 25 7 8 13 37 35 24 7 7 20 54 0.05 10 
141 28 329 126 46 69 51 32 28 57 120 37 40 25 62 123 52 31 27 49 137 55 50 19 31 80 48 24 35 62 91 76 37 26 74 105 66 31 29 79 104 62 25 38 48 131 80 27 24 65 75 81 34 27 60 119 63 34 38 71 85 59 40 20 51 101 75 35 42 59 84 81 42 41 189 0.04 8 
142 46 162 46 35 22 23 63 61 51 25 19 59 73 33 27 22 46 83 39 26 23 48 72 53 27 18 54 97 42 19 27 33 100 46 24 26 28 83 39 19 24 39 83 47 19 22 34 89 42 23 19 30 54 39 34 22 38 76 53 21 19 61 59 37 23 29 55 83 59 30 18 42 70 92 0.05 10 
143 158 97 29 29 55 34 17 17 24 62 29 12 19 34 61 22 8 12 47 55 16 17 11 24 54 44 17 13 31 45 23 12 13 28 38 21 17 10 27 59 23 14 17 35 69 25 11 19 29 61 32 15 15 27 45 23 14 15 44 48 38 12 17 11 51 25 17 16 22 41 26 13 16 58 0.07 14 
144 213 196 56 51 23 29 55 105 45 25 32 51 97 50 33 22 63 89 60 24 31 48 84 60 30 28 54 95 55 24 26 44 103 55 22 22 52 104 52 26 26 44 96 61 27 27 61 91 57 23 35 50 97 56 22 25 58 104 53 28 28 61 99 69 23 25 50 102 58 29 31 61 102 112 0.09 18 
145 500 182 171 54 31 33 74 78 75 32 25 56 94 60 30 36 69 68 46 32 30 43 129 38 27 27 53 89 60 29 35 78 82 58 28 39 61 71 54 26 33 61 99 44 25 28 54 74 56 23 36 58 94 91 33 20 59 107 60 27 21 52 83 67 26 29 37 94 74 22 26 69 95 228 0.09 18 
146 318 85 53 47 102 64 22 24 59 71 44 19 22 76 79 50 21 29 54 82 46 24 27 79 78 63 30 26 47 78 60 21 18 43 72 52 24 19 44 111 35 27 22 57 62 41 21 26 79 87 65 31 31 54 100 46 26 26 44 86 39 29 21 42 111 49 29 25 43 75 36 25 23 106 0.09 18 
147 64 13 22 11 23 9 3 4 17 17 11 5 5 10 9 8 5 3 7 17 10 5 6 6 18 9 3 1 4 21 9 5 5 12 25 11 6 4 16 17 17 6 5 10 15 19 5 8 14 19 9 2 0 13 18 14 4 7 12 19 12 4 2 7 18 6 6 8 1 7 7 4 5 33 0.07 14 
148 346 180 28 50 17 15 12 28 41 19 16 15 47 62 22 19 10 32 62 26 10 10 23 57 24 9 13 22 40 20 14 13 61 29 24 8 13 36 41 34 12 18 33 62 33 16 22 38 53 32 14 16 37 67 38 18 13 33 44 26 19 20 12 59 35 7 15 19 43 28 11 10 23 56 0.05 10 
149 168 362 111 39 22 16 30 75 33 19 15 31 64 38 22 17 47 53 39 19 22 43 87 32 11 17 30 68 31 22 16 31 46 38 20 11 36 67 31 21 15 38 75 35 19 13 34 59 41 24 19 42 70 41 23 20 29 67 42 18 20 35 57 36 19 15 29 50 31 17 16 27 68 148 0.04 8 
150 272 408 95 39 106 111 120 42 41 93 151 107 42 41 129 161 82 38 47 78 133 129 40 39 103 168 78 46 58 96 190 123 55 47 109 132 114 48 49 124 150 106 48 46 107 174 106 38 48 111 148 83 45 40 82 153 89 43 35 105 185 71 54 46 77 202 111 54 43 90 196 103 48 190 0.09 18 
