125 10 10536
0 413 287 20314 15992 16003 15999 15986 15998 15993 15998 15992 15991 16005 0.01
1 161 251 19 9 7 24 46 8 3 4 7 11 14 14 23 32 16 8 7 23 31 17 14 7 14 43 19 18 11 37 16 14 9 13 10 35 8 4 10 9 19 12 3 9 9 36 8 8 6 19 32 12 4 10 13 32 9 2 11 1 20 6 6 38 0.07 14 
2 242 477 32 9 35 18 21 18 29 65 31 14 9 28 46 29 22 14 46 63 30 18 14 24 20 26 9 15 30 46 34 15 11 24 43 9 12 19 16 60 36 16 15 37 67 29 19 18 24 46 24 15 16 27 57 42 8 17 30 45 36 16 19 64 0.07 14 
3 6 241 57 19 39 17 6 8 23 26 15 12 9 22 30 16 10 10 20 27 15 9 10 12 40 11 11 8 16 37 14 8 9 20 28 22 9 8 23 34 31 8 6 16 43 20 7 6 19 25 17 9 8 20 24 21 10 8 21 33 11 11 8 76 0.08 16 
4 157 111 52 30 17 9 22 56 17 8 9 18 41 22 12 11 41 53 22 6 17 46 64 33 17 20 9 35 25 14 9 50 52 26 25 10 25 50 17 8 8 23 40 20 0 9 35 38 41 8 9 15 74 24 8 7 26 41 31 11 16 2 36 78 0.07 14 
5 135 146 71 35 36 52 128 62 32 30 65 132 68 41 42 81 115 76 36 42 79 113 72 39 34 61 121 59 31 30 73 120 80 39 29 80 137 66 28 32 75 135 60 35 28 76 140 72 39 38 80 119 66 36 28 77 118 59 34 34 69 103 74 142 0.02 4 
6 112 474 40 42 22 17 50 72 37 18 22 41 64 48 17 16 44 62 45 17 19 34 60 36 21 27 42 72 37 19 17 38 66 33 19 20 45 75 39 21 21 37 60 41 18 16 31 64 34 19 20 38 66 36 17 19 49 77 44 23 17 46 67 80 0.04 8 
7 127 4 44 72 49 21 18 52 77 41 20 20 49 84 46 27 20 51 68 51 22 22 50 78 35 21 24 46 57 50 26 23 51 82 46 26 17 37 85 48 22 20 51 73 34 22 26 39 83 44 22 25 41 70 49 18 23 40 67 38 21 22 42 88 0.05 10 
8 347 245 60 22 33 29 11 6 33 27 3 8 10 11 49 19 11 10 16 29 16 11 9 22 28 28 14 13 22 26 22 5 8 15 34 8 8 8 5 40 12 12 5 14 36 12 13 9 16 14 24 11 11 22 29 28 8 7 28 42 14 5 12 80 0.06 12 
9 258 168 117 12 30 53 39 18 29 33 53 31 19 19 38 42 50 16 25 44 57 51 24 26 37 74 32 21 27 27 68 46 23 21 31 64 33 10 14 39 55 60 24 15 34 63 41 23 21 32 68 51 21 18 18 64 24 21 15 57 59 46 22 156 0.05 10 
10 265 28 44 38 20 22 35 58 44 23 17 44 90 42 25 19 64 73 48 31 24 28 75 52 25 26 41 101 58 22 14 54 109 32 18 23 42 79 42 31 16 39 58 37 20 17 21 56 37 15 16 50 68 37 25 26 56 77 33 26 20 46 68 88 0.06 12 
11 50 120 39 10 8 7 11 17 20 3 5 18 10 18 12 5 13 8 21 5 2 11 18 6 4 6 9 18 12 9 8 12 32 7 5 5 4 18 14 4 5 9 22 18 4 6 10 14 13 2 5 11 19 8 9 8 19 33 6 9 7 9 23 52 0.09 18 
12 402 419 267 161 78 40 52 87 124 100 42 46 94 79 70 48 44 111 124 88 51 46 95 140 116 48 30 99 131 93 42 46 90 196 117 42 37 86 165 76 46 58 71 118 81 47 45 85 135 90 43 52 91 188 121 41 46 81 175 99 55 38 94 356 0.08 16 
13 60 85 84 21 21 33 62 38 24 20 45 78 48 18 19 37 68 54 22 16 38 69 40 19 21 36 71 35 24 23 46 73 46 24 16 31 67 53 26 22 39 63 37 19 20 40 67 36 23 25 33 58 44 22 19 50 93 38 21 19 45 78 39 126 0.08 16 
14 106 136 68 27 59 34 13 19 31 61 29 16 17 42 50 33 17 13 34 64 33 15 16 31 54 35 19 15 39 57 28 22 17 32 72 27 15 16 39 49 33 15 18 36 62 37 19 13 39 63 33 22 14 31 51 25 18 15 24 57 32 20 15 102 0.03 6 
15 196 461 71 73 103 60 39 29 80 112 52 31 36 89 121 66 24 35 65 119 102 43 34 65 141 66 38 27 79 96 88 35 31 56 109 94 24 34 64 129 64 44 36 71 119 61 38 35 83 107 89 39 32 77 95 67 27 35 68 130 62 37 35 142 0.08 16 
16 245 132 98 22 47 99 48 16 28 46 86 56 27 24 54 77 49 28 25 40 86 54 26 26 43 93 46 19 19 58 81 37 21 20 37 65 52 31 25 34 81 60 18 17 49 67 51 24 25 62 102 64 27 27 40 87 46 29 27 57 79 56 26 147 0.07 14 
17 237 97 188 117 57 58 109 155 93 49 39 102 194 105 48 47 98 155 103 40 47 82 153 77 42 36 82 160 100 49 48 90 186 97 43 49 81 175 93 40 43 100 153 74 52 39 103 148 84 48 49 104 137 82 46 56 73 182 90 43 39 98 145 282 0.03 6 
18 220 117 18 7 15 19 16 5 6 24 33 16 15 12 15 46 15 6 6 15 21 21 15 3 10 11 16 9 7 23 26 15 5 13 16 17 15 10 15 18 20 21 9 12 23 17 11 9 8 21 37 16 12 12 20 17 26 8 9 21 45 14 9 36 0.08 16 
19 436 267 170 35 103 165 74 58 38 78 138 107 42 48 96 133 73 47 43 84 139 104 41 38 67 165 102 46 53 70 167 79 33 47 101 168 86 48 43 92 122 80 33 49 92 121 82 52 39 96 143 90 33 44 84 130 91 39 38 100 141 80 41 255 0.06 12 
20 152 223 88 134 96 50 41 72 146 103 43 40 75 150 104 38 38 101 129 97 51 45 79 158 81 38 54 74 129 83 40 41 99 169 103 35 38 89 165 69 34 46 103 161 97 40 36 91 147 78 38 37 92 141 81 41 46 88 163 92 51 36 80 176 0.07 14 
21 149 482 162 75 46 38 66 125 91 37 42 89 117 88 36 48 90 116 84 45 42 78 115 97 37 39 62 116 83 35 43 78 142 93 40 43 73 131 77 39 40 93 110 63 38 45 82 135 64 41 38 94 140 86 45 45 104 134 63 43 32 76 145 243 0.07 14 
22 411 416 32 13 28 55 38 13 18 41 47 31 13 21 43 42 44 12 15 20 45 29 14 17 28 48 25 11 17 33 53 32 14 14 28 62 36 18 18 36 46 24 21 13 44 47 27 18 16 33 37 33 20 19 31 62 33 16 13 30 65 37 11 64 0.06 12 
23 184 144 57 67 103 46 30 23 66 100 54 31 24 63 97 61 21 33 47 101 52 29 28 57 103 46 25 25 68 112 65 35 24 68 95 51 23 27 69 116 51 22 25 49 74 66 25 23 69 91 60 35 27 71 104 48 28 21 64 96 66 26 22 114 0.08 16 
24 392 288 28 57 19 19 15 29 53 36 12 13 34 38 16 15 13 18 52 30 17 13 26 53 38 13 11 29 41 34 9 13 35 50 30 13 14 27 47 31 12 9 22 49 29 10 14 36 25 46 19 15 31 49 24 16 12 16 50 20 14 10 32 56 0.09 18 
25 113 145 44 53 45 19 17 53 52 45 24 15 32 87 37 21 21 44 87 54 23 19 69 65 65 25 19 39 69 42 13 29 35 58 45 30 21 48 85 53 19 16 33 78 65 21 28 70 75 44 18 19 40 90 44 32 16 34 97 25 22 26 42 88 0.03 6 
26 367 114 136 31 72 109 54 34 37 95 109 62 33 37 80 120 67 32 39 56 126 77 28 36 55 123 70 34 39 70 105 67 27 39 55 128 54 33 30 51 120 77 35 29 80 79 62 33 32 78 96 50 26 35 63 115 84 32 35 54 136 55 38 204 0.08 16 
27 59 439 178 74 166 94 42 40 96 113 82 52 48 91 186 125 31 45 109 167 106 45 41 72 152 102 50 35 93 185 97 47 44 97 168 108 36 54 91 175 93 35 44 97 121 108 38 45 110 177 104 48 38 96 163 97 38 42 72 166 83 38 43 267 0.08 16 
28 33 43 69 76 155 65 24 37 42 148 72 34 30 68 111 96 34 27 64 95 70 46 32 71 114 72 34 37 80 129 73 45 29 86 143 82 39 36 74 130 60 38 43 84 106 79 40 32 88 109 61 29 33 68 117 68 27 30 90 95 96 33 30 138 0.05 10 
29 11 288 141 56 23 15 59 79 38 26 27 76 65 49 13 19 55 82 54 15 22 52 85 60 25 22 53 80 44 38 17 47 66 61 14 19 41 59 38 13 17 34 80 50 19 21 71 97 39 25 37 46 68 54 36 21 48 91 66 19 27 38 50 188 0.02 4 
30 52 310 159 51 21 25 42 97 56 24 31 57 100 55 26 27 48 100 49 25 27 58 77 46 25 24 63 83 68 29 23 57 94 49 29 24 62 102 55 31 30 58 93 50 23 29 48 78 56 30 22 59 88 54 28 21 49 72 59 28 26 59 117 212 0.07 14 
31 167 50 89 90 122 95 36 48 89 154 94 48 40 87 122 91 45 36 76 153 81 34 48 91 162 99 42 38 82 137 106 48 53 87 165 76 44 47 76 167 72 43 43 74 157 107 46 45 99 168 111 41 43 101 134 92 44 41 97 182 100 45 43 178 0.02 4 
32 460 481 267 181 94 44 39 104 138 97 52 45 88 145 90 54 53 84 165 74 48 38 82 166 81 57 43 100 136 84 50 37 89 143 105 48 38 86 169 85 44 48 109 122 81 43 36 73 127 90 54 41 91 161 75 42 39 92 168 79 45 44 100 356 0.05 10 
33 309 61 166 122 66 40 46 69 120 80 38 39 69 139 89 37 33 77 156 90 42 43 70 163 80 46 37 92 153 78 44 49 96 134 80 48 32 74 166 66 41 32 96 124 71 40 49 72 140 84 40 43 65 130 67 33 48 82 153 87 39 39 75 249 0.04 8 
34 143 4 32 2 42 24 2 7 11 29 14 8 3 4 44 10 9 6 33 15 5 1 6 16 46 18 5 3 11 40 15 10 3 14 27 10 2 6 9 28 9 6 2 9 11 24 11 6 13 39 26 9 10 13 35 15 7 6 22 22 16 5 4 48 0.02 4 
35 457 275 84 144 88 35 47 67 146 80 47 43 96 126 79 48 36 70 136 78 34 48 72 160 80 43 47 77 156 93 42 40 65 153 94 44 46 93 150 94 47 36 96 138 80 37 36 75 168 74 42 40 83 163 99 33 47 88 159 73 34 46 79 168 0.05 10 
36 60 277 66 14 20 32 52 28 16 14 30 62 22 16 19 31 48 31 15 14 40 67 26 11 9 39 54 29 11 14 23 44 31 17 19 42 53 29 16 19 32 50 36 18 17 37 69 29 18 23 31 58 34 13 12 28 68 26 18 15 22 57 21 99 0.02 4 
37 416 217 98 79 56 55 80 176 112 46 48 114 183 106 49 60 83 176 87 39 60 107 193 118 48 46 91 181 99 53 41 89 178 77 41 46 84 167 84 37 49 100 199 88 58 46 98 162 102 48 40 102 169 86 57 51 100 164 89 41 59 75 148 196 0.02 4 
38 442 455 54 9 33 58 31 16 15 30 31 26 13 8 30 36 11 8 13 26 58 19 13 11 28 66 27 12 10 49 40 38 16 15 29 48 13 10 15 31 55 41 10 13 28 63 25 14 19 26 40 23 12 18 18 53 29 14 15 32 59 34 12 81 0.04 8 
39 333 369 54 27 16 12 19 60 25 13 15 24 41 32 10 12 24 42 28 10 11 30 58 27 15 13 33 55 29 13 15 29 48 24 14 16 30 45 25 14 13 30 50 21 10 10 31 47 26 11 17 28 48 22 13 13 24 44 22 19 14 25 45 81 0.03 6 
40 342 147 164 51 94 136 74 47 35 71 125 83 36 42 87 141 73 49 36 68 121 71 39 46 93 156 95 43 43 82 172 70 41 35 103 122 66 38 33 75 163 97 35 47 84 125 76 38 37 93 154 66 35 47 73 143 71 36 46 69 161 97 41 246 0.06 12 
41 139 9 66 28 42 20 14 11 16 40 25 12 10 13 47 19 14 9 20 28 14 11 7 18 38 21 12 11 13 28 21 10 10 24 39 11 6 12 20 38 19 14 9 22 48 28 15 10 21 40 23 7 10 28 39 19 10 14 15 46 16 9 9 88 0.07 14 
42 44 341 10 2 5 11 25 13 4 4 8 13 10 4 5 8 10 10 4 6 11 18 10 5 5 6 16 6 6 3 11 20 8 4 3 9 11 11 4 3 13 11 7 4 5 12 19 8 6 5 8 12 9 3 4 8 20 10 6 4 10 13 8 20 0.07 14 
43 302 212 85 65 176 73 38 41 84 158 71 33 40 73 134 94 49 38 70 128 74 41 49 83 152 71 45 33 84 163 69 43 56 96 120 74 36 41 74 155 98 42 47 93 160 69 43 37 91 138 79 39 43 66 146 84 32 34 87 137 96 35 43 170 0.06 12 
44 370 451 300 82 57 51 84 198 86 41 42 101 166 112 54 48 91 124 85 52 39 91 191 87 46 49 90 194 104 38 44 86 194 81 46 40 100 161 114 59 50 105 178 102 48 42 126 173 91 52 46 108 196 109 54 53 90 210 71 51 46 83 127 400 0.04 8 
45 98 174 41 31 21 21 41 62 28 20 11 70 60 27 24 21 33 98 31 18 24 49 78 26 17 31 50 70 43 22 21 39 45 51 26 11 32 63 31 24 12 29 75 46 16 16 44 78 43 23 32 46 61 40 18 15 39 42 37 12 16 31 50 82 0.08 16 
46 51 264 34 23 47 53 40 15 17 30 60 50 18 18 28 75 38 21 11 27 69 23 12 19 28 78 28 23 18 17 70 43 16 20 45 60 33 17 14 35 55 22 15 11 17 46 34 11 16 37 32 32 21 19 39 33 26 15 16 21 66 31 13 68 0.09 18 
47 185 141 234 140 89 31 32 94 133 62 36 35 90 126 76 46 42 93 153 58 49 39 64 98 68 36 29 71 126 73 37 41 73 141 91 27 37 66 145 86 40 33 71 154 66 38 41 83 118 71 36 37 62 117 92 42 39 87 97 92 51 39 85 312 0.06 12 
48 58 117 183 48 28 30 77 87 66 28 30 72 95 64 23 39 65 91 59 29 36 65 152 80 27 29 50 85 51 31 24 69 90 59 29 30 63 115 55 36 35 54 104 59 31 28 64 114 84 35 24 73 101 59 26 34 53 111 69 31 28 46 125 244 0.07 14 
49 311 390 182 36 42 73 131 79 36 40 90 133 81 40 39 101 139 102 42 42 100 154 95 50 54 95 167 102 45 43 88 160 81 47 53 89 129 106 38 45 78 148 81 50 39 103 171 79 47 45 84 153 95 53 40 82 162 94 38 48 108 175 105 273 0.03 6 
50 39 432 118 50 25 32 61 91 67 30 27 51 100 74 26 32 50 86 69 39 31 61 109 53 26 26 62 113 46 30 39 58 93 51 28 27 64 87 59 29 20 57 92 46 27 34 50 86 62 25 26 60 91 58 26 33 56 125 54 28 25 51 109 177 0.04 8 
51 172 72 30 8 6 0 10 9 22 5 4 12 57 13 8 3 31 26 18 0 2 5 19 21 1 8 11 3 3 14 2 11 36 16 1 8 9 2 5 0 6 7 19 9 2 11 9 3 3 16 2 1 0 9 7 7 0 42 12 4 13 25 25 40 0.05 10 
52 172 452 118 26 26 60 94 47 27 25 59 84 63 26 24 58 90 58 29 24 64 98 59 25 28 52 113 68 26 26 53 82 54 23 25 60 84 63 26 28 49 114 56 36 25 64 110 48 30 33 48 105 58 36 23 65 87 70 30 27 60 103 63 177 0.05 10 
53 284 155 20 16 10 1 9 0 16 12 6 3 15 4 23 7 0 3 31 6 1 8 8 3 20 5 0 9 17 28 3 1 6 19 9 2 4 0 27 10 0 6 3 24 2 3 2 9 0 0 4 12 16 12 19 6 0 12 15 11 1 5 0 30 0.07 14 
54 30 417 114 65 101 51 22 23 58 98 55 27 30 66 92 58 29 30 48 112 47 25 33 63 89 64 29 25 48 101 55 28 30 48 100 61 24 28 51 82 65 29 25 52 96 63 33 24 66 92 66 31 28 64 87 55 28 32 52 104 50 28 29 171 0.09 18 
55 37 430 43 14 28 61 65 13 19 46 71 48 9 21 34 71 40 23 17 38 81 39 21 21 40 72 46 27 29 52 69 60 23 27 53 54 43 20 19 42 66 33 18 19 38 59 25 16 18 38 55 47 28 17 35 51 52 15 17 38 72 46 27 86 0.06 12 
56 357 352 128 71 94 71 29 29 71 116 58 28 25 71 102 55 34 32 64 112 71 29 39 63 100 52 28 35 53 120 78 25 32 68 88 61 25 37 54 109 63 38 28 60 90 69 38 29 48 108 51 37 39 55 106 72 31 37 64 92 70 26 27 192 0.06 12 
57 108 217 70 48 38 15 20 40 51 26 17 14 41 66 32 22 12 27 59 34 19 17 34 74 25 15 20 29 54 38 17 17 39 58 33 16 17 30 58 40 18 14 38 59 36 15 16 40 56 41 13 18 36 70 21 17 16 35 50 40 15 16 36 105 0.05 10 
58 23 232 130 32 32 70 85 53 32 28 85 106 76 35 31 79 133 52 30 28 75 85 82 41 36 85 98 58 37 29 75 95 71 31 26 65 114 62 34 29 79 119 74 26 30 49 99 71 38 37 73 98 50 37 27 79 130 65 37 31 76 99 56 195 0.04 8 
59 252 361 49 60 21 25 52 88 49 31 26 55 92 56 25 32 52 88 52 30 27 46 51 55 22 32 49 46 53 29 16 37 71 40 21 19 39 87 45 19 26 77 95 40 19 25 53 106 48 33 19 49 75 50 25 16 48 80 43 21 31 39 59 98 0.04 8 
60 224 115 200 42 90 195 95 57 58 83 165 86 56 51 102 167 111 46 40 115 170 107 54 58 105 188 87 59 48 98 162 92 48 60 99 147 94 49 54 121 167 100 55 56 99 190 114 58 44 110 168 107 53 43 81 166 103 57 53 120 166 117 56 300 0.06 12 
61 86 181 44 22 56 73 50 22 22 47 59 41 23 22 41 64 38 25 24 47 62 50 25 28 43 76 39 18 23 39 83 38 22 17 45 70 57 18 25 50 75 46 24 17 52 79 47 24 19 38 59 34 25 26 38 79 48 20 20 40 83 48 18 88 0.09 18 
62 204 424 204 80 114 93 30 37 67 100 82 27 28 65 130 54 25 37 54 110 70 36 31 69 140 59 34 39 65 101 84 33 35 65 102 82 32 39 55 141 60 39 27 81 129 65 41 38 59 123 76 36 28 50 135 61 34 34 57 132 65 41 38 272 0.09 18 
63 235 59 148 37 80 135 85 39 26 72 129 76 41 30 62 126 72 30 30 70 143 64 37 32 81 135 67 30 40 71 132 74 30 35 84 141 52 36 31 79 109 64 37 33 77 150 79 39 45 73 112 79 39 37 67 122 73 34 41 69 134 64 38 222 0.03 6 
64 159 419 52 23 28 46 65 49 31 23 47 69 41 24 23 50 86 45 21 26 44 86 41 31 24 49 105 33 20 31 56 102 32 22 23 65 91 57 32 20 40 100 70 22 30 44 138 30 33 26 52 84 57 19 20 50 75 60 25 25 48 100 47 104 0.05 10 
65 209 114 162 37 40 104 145 103 45 36 68 133 78 34 50 81 120 64 44 47 73 164 87 39 38 82 143 70 32 42 79 162 71 44 33 82 141 72 43 45 69 99 90 46 43 94 160 79 44 45 75 118 89 47 36 66 144 77 43 38 70 134 91 243 0.09 18 
66 173 464 20 24 47 22 7 11 15 20 15 6 16 6 36 29 5 5 11 26 27 8 13 28 55 20 11 9 18 37 20 8 8 18 45 15 10 11 9 35 14 15 7 20 22 15 12 15 17 36 27 11 9 27 48 24 3 12 34 26 25 6 13 40 0.09 18 
67 176 113 58 98 57 33 27 47 103 49 26 35 44 107 34 39 25 71 79 65 34 37 51 95 43 25 33 59 101 64 30 22 46 138 55 26 26 72 75 60 32 31 55 117 63 25 28 56 91 67 29 25 65 98 61 38 21 58 96 38 26 33 62 116 0.02 4 
68 468 146 84 45 36 79 168 98 39 43 74 151 69 35 45 91 130 88 35 34 82 155 92 35 35 68 152 79 35 45 87 130 64 50 39 105 133 91 32 40 94 152 75 47 43 92 145 98 47 44 82 151 89 39 35 72 147 95 36 42 77 157 75 168 0.02 4 
69 309 387 100 33 26 53 73 55 29 23 57 74 51 27 19 67 76 34 30 25 43 97 41 20 28 52 83 43 29 30 51 88 66 24 21 55 94 42 19 32 41 78 51 19 30 40 89 36 21 26 45 98 43 27 23 45 75 40 27 29 38 81 42 150 0.04 8 
70 115 27 180 126 187 90 51 42 90 170 95 43 46 89 124 80 46 40 96 123 74 38 38 89 147 92 51 45 108 161 86 43 51 83 153 81 45 37 74 160 78 46 43 109 178 98 42 29 93 124 103 40 36 97 184 83 42 45 77 137 81 48 46 270 0.07 14 
71 222 265 13 4 8 20 41 0 3 7 12 43 11 1 9 11 59 30 8 14 16 25 13 0 12 20 30 3 13 1 19 48 45 13 11 13 29 10 8 4 19 8 36 4 6 13 2 17 11 4 13 9 26 8 7 19 42 23 1 0 12 30 2 26 0.04 8 
72 92 81 54 62 29 28 44 88 52 25 40 66 99 54 20 36 57 71 54 21 27 42 94 61 31 27 52 90 38 31 26 50 110 40 20 30 45 94 64 24 13 72 75 59 28 27 49 77 64 33 32 35 70 41 26 31 41 91 62 28 27 45 100 108 0.04 8 
73 296 207 17 23 20 7 8 16 37 12 6 6 17 36 14 8 9 13 33 9 6 10 21 34 19 9 6 16 15 15 9 6 9 24 11 10 4 24 14 29 6 12 16 16 18 10 11 20 23 11 10 9 15 29 15 7 11 23 34 22 16 7 17 34 0.06 12 
74 355 486 85 44 74 151 87 38 48 90 161 82 42 42 75 130 71 47 47 71 117 73 33 46 83 159 94 34 43 93 138 79 36 47 78 162 102 40 43 86 148 96 34 47 72 119 71 37 34 88 129 70 40 32 98 169 97 44 38 92 140 99 49 170 0.02 4 
75 299 275 68 56 140 55 44 33 54 101 75 38 34 59 135 66 43 29 60 133 44 33 26 61 100 57 44 28 61 121 80 40 29 58 121 81 32 48 85 133 73 38 34 52 147 59 35 37 56 119 70 27 27 55 130 55 34 31 67 112 75 36 28 136 0.05 10 
76 406 464 194 156 97 48 57 93 178 76 57 57 93 172 89 38 41 114 150 108 38 42 96 203 77 47 62 105 179 104 57 41 95 188 94 54 39 92 152 103 43 55 88 148 116 39 50 121 138 92 43 41 98 173 77 41 48 116 178 87 54 43 107 291 0.08 16 
77 455 61 276 153 110 41 40 97 125 100 50 33 69 182 68 48 45 91 150 86 53 45 87 150 90 47 47 100 196 84 39 56 96 196 90 48 56 75 158 89 48 53 82 168 85 55 62 84 123 102 46 43 90 141 82 35 53 88 122 109 46 35 88 368 0.09 18 
78 451 79 84 148 98 43 46 72 117 99 46 46 77 89 88 38 36 78 154 82 35 46 81 116 92 43 41 92 129 92 36 37 76 142 80 28 41 76 151 85 35 47 74 133 69 28 43 102 162 80 46 31 74 149 90 42 37 63 130 69 46 52 99 168 0.05 10 
79 129 463 189 22 74 97 54 27 27 51 101 65 28 31 75 138 64 37 26 60 94 64 29 36 69 105 69 27 32 58 88 53 29 30 63 94 70 34 26 64 111 69 34 25 55 101 75 32 38 46 87 86 31 36 71 95 59 31 27 70 90 53 29 252 0.04 8 
80 153 372 285 137 125 52 53 97 165 108 42 49 83 143 83 54 43 115 164 95 47 55 96 192 84 62 54 112 173 58 41 46 68 174 63 46 49 87 185 80 49 52 97 170 77 46 44 86 165 101 53 35 102 166 75 50 59 78 179 96 66 54 101 380 0.07 14 
81 478 131 39 7 5 3 16 22 13 6 6 10 23 9 6 5 7 24 13 6 3 13 18 19 6 6 15 10 9 7 6 12 23 8 5 6 8 24 11 5 5 12 22 14 9 9 16 33 8 6 7 13 23 16 4 4 9 20 23 10 5 15 16 52 0.03 6 
82 216 106 42 12 33 15 8 6 15 34 16 11 8 24 21 19 5 12 8 27 12 6 5 20 14 8 7 6 10 35 10 7 9 17 18 15 7 6 17 22 21 6 2 8 29 19 7 3 8 28 16 5 3 10 25 14 11 9 8 14 18 11 4 56 0.07 14 
83 246 76 17 32 29 5 2 10 23 6 3 11 18 34 11 14 2 17 58 14 12 0 3 25 11 7 9 12 38 7 0 4 18 41 28 17 4 31 28 18 12 2 5 27 19 10 5 8 27 5 11 15 11 13 12 8 14 23 10 18 13 10 0 34 0.06 12 
84 179 439 33 35 11 11 16 92 35 25 14 26 54 18 12 22 37 37 35 12 17 32 59 31 16 20 46 51 30 20 23 31 50 36 14 6 34 47 33 22 16 17 62 55 18 26 32 73 25 14 9 38 62 19 22 19 18 57 29 8 18 26 63 66 0.03 6 
85 324 369 243 111 52 43 110 148 93 35 39 60 156 74 42 31 85 132 76 42 44 83 176 87 33 56 80 148 64 29 45 99 117 80 41 36 76 138 68 50 33 82 113 80 47 44 80 155 99 42 39 76 152 84 41 53 63 159 69 40 46 71 162 324 0.05 10 
86 209 453 45 19 39 69 41 23 20 39 79 51 19 20 43 68 48 28 21 45 91 35 16 19 35 82 39 20 26 53 70 43 28 27 33 80 37 23 20 56 79 45 18 19 45 62 39 27 20 34 73 55 23 28 40 93 51 20 23 32 60 49 21 90 0.08 16 
87 182 256 76 42 49 84 149 66 31 34 71 130 86 35 37 65 128 61 32 37 90 155 78 36 31 58 129 77 34 32 85 116 88 41 37 78 116 56 40 31 86 136 78 32 32 76 103 63 38 35 75 124 62 32 40 78 120 59 31 38 82 135 79 152 0.06 12 
88 148 287 24 12 5 5 11 19 9 6 7 14 25 13 9 6 15 23 15 4 5 12 19 9 6 6 15 17 9 6 6 13 20 7 7 5 14 23 12 5 5 11 25 13 6 6 10 17 11 4 8 8 28 11 6 6 14 26 9 3 6 12 23 36 0.03 6 
89 265 227 100 51 112 44 24 27 55 89 43 28 21 55 82 51 22 18 64 96 53 27 26 43 83 44 21 27 49 70 58 29 32 45 81 45 26 22 49 71 50 20 28 43 88 45 21 27 51 76 47 24 28 48 74 56 30 24 49 84 43 24 23 150 0.02 4 
90 492 119 154 34 87 130 87 41 32 65 141 67 43 36 69 148 83 36 41 69 140 86 45 33 75 159 66 44 36 82 150 84 38 45 69 129 63 38 38 72 122 77 38 47 80 139 71 32 47 69 145 67 30 36 79 132 74 37 36 65 148 81 35 231 0.06 12 
91 185 61 164 48 101 157 88 37 33 82 107 94 37 41 65 131 98 43 41 71 168 77 42 36 57 141 65 41 43 62 138 75 34 43 74 155 96 47 35 81 135 68 39 42 92 113 87 43 42 71 135 80 44 40 69 157 77 33 42 65 129 69 37 246 0.03 6 
92 88 249 146 77 129 84 36 39 79 120 96 34 48 79 121 67 41 29 61 131 59 39 35 63 160 82 29 35 76 134 70 38 30 69 155 76 29 39 75 116 79 36 47 79 101 47 27 35 68 143 64 38 34 92 119 61 32 44 73 130 54 39 34 219 0.02 4 
93 72 170 105 15 18 31 48 26 18 18 32 55 31 17 21 35 56 32 20 12 28 66 27 19 17 41 62 40 16 17 29 62 27 16 17 30 60 42 19 19 31 67 28 20 15 40 59 34 16 16 35 57 40 13 15 31 71 33 18 16 30 64 33 140 0.05 10 
94 101 324 160 84 141 88 36 41 68 146 63 40 39 75 132 82 35 37 81 121 75 35 34 90 122 69 40 41 69 149 96 33 41 87 130 82 43 41 85 130 63 37 41 102 152 76 33 34 87 131 79 43 38 81 136 76 32 36 83 147 91 41 39 240 0.02 4 
95 7 180 153 107 57 21 28 48 88 57 28 23 42 97 56 22 30 53 81 58 21 23 50 96 41 26 20 51 97 45 30 26 49 104 56 26 27 56 88 46 28 25 56 77 54 19 25 57 96 50 22 25 50 79 55 23 20 62 72 37 28 22 55 204 0.04 8 
96 346 278 124 60 40 37 73 83 91 27 34 56 109 66 33 30 65 104 63 26 30 80 68 49 23 26 77 125 66 32 34 84 138 41 24 28 46 118 52 25 34 87 111 82 24 35 58 119 69 30 40 64 118 53 25 31 52 75 66 28 29 54 74 186 0.03 6 
97 437 422 261 153 97 50 48 78 164 92 52 47 84 171 71 38 38 95 164 88 32 37 69 129 72 35 35 85 161 101 47 35 73 144 87 37 46 83 135 89 49 45 90 134 69 44 37 94 129 89 47 41 90 153 93 35 37 107 153 71 37 40 73 348 0.07 14 
98 273 363 249 81 154 86 44 52 84 104 76 37 45 101 139 84 35 33 102 128 90 44 35 65 150 92 34 45 97 151 94 35 50 73 127 78 46 35 111 122 85 43 33 87 143 106 37 36 90 145 102 35 41 66 152 69 33 34 70 148 81 40 44 332 0.09 18 
99 148 114 56 28 23 43 94 46 27 24 47 103 56 30 34 44 91 58 26 34 58 87 66 34 32 53 138 36 33 28 28 101 58 19 33 56 88 60 27 36 70 111 51 37 29 71 63 48 19 20 47 92 55 25 28 47 85 50 29 33 49 93 62 112 0.02 4 
100 465 101 237 76 31 34 72 153 80 33 42 84 113 96 46 42 70 154 96 45 38 80 155 81 42 40 74 134 87 41 30 61 118 99 41 45 72 106 73 44 39 64 139 77 46 34 81 133 77 34 37 92 150 75 37 44 64 116 86 36 30 66 143 316 0.03 6 
101 402 107 34 19 47 13 6 10 8 22 17 6 6 12 39 23 11 8 17 27 25 9 6 11 29 12 8 5 25 36 15 10 10 9 22 23 5 5 17 24 21 4 7 15 30 14 11 10 13 24 21 12 7 19 36 28 8 8 11 19 29 8 10 51 0.09 18 
102 348 271 132 34 64 98 59 28 35 75 98 61 28 32 61 134 57 35 23 64 105 55 34 39 70 102 53 35 36 60 114 70 28 34 53 87 54 34 31 73 122 60 26 27 58 99 77 30 33 57 107 70 36 37 56 103 71 31 39 53 102 74 35 198 0.02 4 
103 312 437 122 79 128 63 25 26 56 100 73 29 24 49 129 50 27 39 58 116 57 30 32 68 115 58 25 31 64 89 58 24 31 57 95 63 27 32 61 99 45 33 36 65 106 48 26 29 57 115 58 27 32 57 94 53 26 23 49 82 63 35 27 183 0.07 14 
104 263 326 194 53 96 148 105 55 44 99 178 100 40 44 125 124 89 42 57 93 168 132 52 41 100 170 116 55 44 84 191 88 39 42 109 169 82 42 47 87 138 119 39 45 107 118 110 52 46 84 160 102 47 50 92 166 72 38 41 67 176 93 39 291 0.02 4 
105 108 51 180 97 47 26 35 64 102 69 33 37 55 103 51 27 24 45 121 67 28 32 45 90 52 43 23 79 100 60 28 27 63 93 79 34 33 72 94 54 31 46 47 91 59 35 24 62 102 64 28 33 45 100 48 23 28 69 96 76 21 25 80 240 0.02 4 
106 85 420 110 54 39 24 47 81 66 23 21 61 81 57 25 22 52 106 52 24 33 46 105 49 22 26 52 93 45 22 31 54 141 54 22 30 61 106 53 33 26 61 115 55 23 27 65 80 55 32 39 59 57 52 22 22 64 89 74 15 23 42 86 165 0.02 4 
107 492 214 88 94 44 39 89 132 97 39 49 90 146 81 40 44 96 166 85 44 49 92 178 79 51 54 117 172 94 46 46 101 167 83 43 39 72 154 81 45 39 95 136 88 32 35 89 135 74 38 52 86 128 99 48 43 83 140 81 42 45 76 158 176 0.07 14 
108 110 36 72 123 71 42 31 67 145 78 32 37 77 170 51 32 44 57 87 61 35 28 67 144 61 32 35 65 141 79 45 51 55 116 90 36 27 59 110 76 31 38 70 158 81 27 28 84 137 70 26 34 65 99 77 31 43 56 101 63 32 27 86 144 0.04 8 
109 400 87 15 14 9 5 16 43 18 6 5 11 24 13 7 4 15 30 18 9 6 12 19 15 10 6 17 30 14 7 6 19 34 16 6 8 13 24 16 8 9 12 22 18 11 10 15 23 16 5 7 25 25 12 8 7 15 29 10 5 5 19 24 30 0.05 10 
110 138 465 182 43 110 138 94 50 49 100 133 87 50 46 99 139 95 40 35 79 179 107 35 38 103 133 79 49 46 98 175 79 36 53 95 145 96 43 47 79 164 88 48 34 93 177 83 39 52 102 152 93 49 40 107 155 96 36 50 93 151 78 53 273 0.09 18 
111 56 240 264 100 130 86 38 46 75 130 98 45 35 87 136 79 38 48 100 152 76 45 52 97 171 98 47 50 99 176 88 37 41 106 148 68 45 36 76 123 102 44 50 80 123 71 37 36 91 170 90 46 46 82 169 95 37 35 102 156 75 50 46 352 0.08 16 
112 250 306 204 73 29 39 85 115 52 36 27 63 102 60 32 35 66 98 75 39 35 77 100 62 23 40 72 108 56 47 25 56 131 93 27 46 77 121 51 29 35 72 117 66 28 37 78 83 72 31 30 60 92 75 36 24 54 102 74 44 17 49 127 272 0.03 6 
113 43 375 66 20 38 21 9 12 30 36 18 10 7 28 38 29 12 13 17 31 18 9 8 20 28 23 12 8 18 42 23 8 7 28 40 16 12 10 22 24 19 12 8 24 25 14 14 8 21 57 28 11 10 18 38 23 12 8 25 50 21 17 13 88 0.06 12 
114 239 449 37 54 22 18 22 41 107 52 25 16 23 58 10 7 26 33 51 37 17 10 38 82 44 14 18 33 65 37 11 12 27 89 50 12 18 50 74 32 16 16 40 28 40 9 16 41 52 60 22 21 39 77 53 18 23 38 40 27 18 16 30 74 0.09 18 
115 134 330 30 9 10 8 4 15 11 0 6 3 5 10 13 4 4 5 16 9 7 1 4 8 2 6 2 15 26 14 5 8 5 22 12 2 6 9 23 15 1 3 12 15 6 3 3 17 23 7 7 5 7 7 14 7 5 6 15 9 1 3 9 40 0.07 14 
116 153 246 108 35 20 25 23 57 43 16 11 42 60 20 16 23 39 64 26 7 23 28 51 28 13 24 31 75 30 13 16 20 41 58 12 25 59 69 37 11 22 23 23 38 19 21 28 58 46 20 18 37 51 20 18 27 33 54 41 19 18 22 82 144 0.04 8 
117 440 193 48 24 29 54 89 37 23 26 49 90 48 25 29 52 79 60 28 19 37 82 39 18 25 45 91 51 21 27 41 74 54 22 18 49 71 40 27 22 44 75 59 26 24 50 60 53 25 21 45 82 48 19 20 60 93 45 25 25 54 86 53 96 0.07 14 
118 188 245 29 42 20 16 11 34 49 26 17 13 25 48 32 15 18 26 47 29 13 14 32 46 25 14 16 26 54 22 16 13 33 55 26 14 14 22 51 26 14 13 32 51 30 16 16 23 52 31 14 11 33 45 35 11 15 24 46 26 13 14 29 58 0.04 8 
119 296 474 196 97 42 47 96 161 108 38 40 95 138 84 56 62 104 181 102 47 48 120 172 115 56 40 90 168 110 41 48 114 145 123 58 43 86 202 101 55 53 104 152 96 47 51 106 158 91 57 47 109 139 101 46 52 122 163 109 47 52 91 166 294 0.04 8 
120 472 293 72 37 40 84 105 85 35 42 62 117 75 39 29 78 116 77 43 40 70 126 76 35 37 65 121 80 34 36 67 130 60 33 38 64 103 79 43 30 60 137 58 40 30 76 121 81 30 41 74 144 69 34 31 62 128 77 29 38 80 102 78 144 0.06 12 
121 385 45 56 29 31 50 126 56 19 38 45 79 44 23 30 53 92 58 30 35 60 75 50 34 30 60 113 55 19 18 52 73 65 27 25 64 76 61 22 24 72 98 57 23 24 54 83 43 34 25 52 93 53 20 28 61 80 50 32 27 49 88 58 112 0.07 14 
122 89 221 136 33 44 71 128 51 36 32 91 169 72 27 27 69 127 62 44 31 75 107 61 26 37 53 124 53 28 23 84 124 68 42 32 61 103 62 34 40 96 127 61 30 32 77 101 70 38 32 71 137 51 33 31 77 95 48 33 32 68 146 58 204 0.07 14 
123 160 245 50 22 12 11 27 43 29 11 16 24 55 29 9 11 21 46 25 11 14 28 42 29 12 10 16 32 21 12 12 21 54 19 11 12 32 45 20 14 14 18 44 21 13 9 20 47 28 11 13 26 53 22 14 17 28 38 24 13 11 22 46 75 0.04 8 
124 492 12 171 25 62 111 71 32 25 62 52 66 20 35 69 80 68 31 28 48 75 46 23 33 41 84 76 33 21 54 132 47 34 39 48 72 62 25 28 57 85 58 36 19 35 71 59 27 24 66 104 62 27 35 54 81 51 28 24 54 86 60 24 228 0.05 10 
125 46 469 87 37 80 115 78 43 42 92 122 70 56 32 82 163 89 29 49 79 151 101 50 52 103 161 85 57 44 101 165 109 42 43 111 119 108 54 39 86 191 73 52 46 90 121 85 37 31 74 145 96 36 44 119 118 83 47 36 87 183 94 48 174 0.08 16 
