200 5 16221
0 459 409 33348 22599 22598 22601 22601 22599 0.01
1 453 148 234 68 39 37 81 109 65 38 28 77 153 81 36 37 100 149 66 44 40 81 104 90 45 49 83 119 85 34 42 70 144 66 35 38 90 127 64 40 40 82 132 55 33 33 73 123 52 48 32 69 74 94 52 37 74 165 312 0.02 4 
2 424 152 140 62 86 106 28 40 62 100 67 29 39 81 93 62 47 44 82 130 52 33 36 84 96 60 42 31 61 143 66 25 20 59 92 53 36 28 58 141 55 30 27 64 141 64 32 26 70 152 54 38 30 64 138 60 42 33 210 0.07 14 
3 231 223 192 46 50 106 166 98 51 53 81 194 94 46 57 102 194 115 43 50 106 154 93 40 40 119 136 72 46 42 109 153 101 45 54 99 151 96 51 51 89 209 116 35 57 107 160 73 54 57 87 179 83 54 57 91 183 84 288 0.02 4 
4 110 280 68 50 62 148 54 38 24 73 115 68 24 27 81 108 55 26 29 74 108 75 36 25 68 92 41 32 35 76 117 53 36 37 75 125 77 44 31 50 114 57 32 30 76 135 68 38 30 50 101 97 35 32 70 131 53 23 136 0.05 10 
5 95 437 246 33 44 78 121 58 35 46 93 120 93 33 33 76 150 90 45 40 79 153 82 48 41 79 116 104 48 54 74 159 68 33 31 89 143 89 53 46 79 119 76 38 32 78 144 78 40 48 89 128 103 38 38 91 130 92 328 0.04 8 
6 486 213 37 26 47 85 33 15 31 27 53 25 13 10 39 59 41 23 22 26 61 36 19 23 23 88 48 21 20 23 64 10 18 17 45 53 45 20 19 33 56 48 26 22 26 44 19 23 9 44 59 34 18 16 45 62 48 11 74 0.07 14 
7 10 295 61 29 60 90 52 28 33 61 111 52 30 28 46 81 59 28 27 45 76 55 21 30 84 84 62 35 23 69 90 56 34 34 65 89 70 29 26 72 107 74 30 32 72 94 54 31 33 51 96 63 34 41 62 107 61 25 122 0.05 10 
8 212 122 279 56 95 173 70 57 56 88 161 86 40 39 95 183 82 48 41 117 99 98 37 44 88 161 121 47 54 112 170 93 53 45 77 159 105 56 39 94 114 108 34 54 85 154 107 39 40 94 177 71 29 48 105 135 96 46 372 0.05 10 
9 471 350 27 14 29 12 9 31 42 24 16 8 18 35 27 7 11 32 28 22 17 15 16 54 37 15 8 23 52 26 7 13 29 37 15 18 14 30 41 25 9 15 29 48 31 9 10 19 42 13 15 13 25 34 12 9 13 24 54 0.05 10 
10 28 0 267 74 151 87 51 52 96 150 74 45 51 84 161 96 36 37 102 152 81 48 46 90 149 102 55 36 102 163 86 42 38 72 174 72 36 44 85 129 97 49 49 98 167 83 48 41 77 147 99 39 41 85 144 85 43 43 356 0.07 14 
11 51 476 20 11 9 11 19 28 25 9 8 17 50 18 9 10 13 31 15 9 9 27 16 18 9 9 23 24 17 10 12 16 37 26 10 10 17 34 15 12 11 14 38 18 9 9 18 42 25 9 8 11 26 23 8 8 22 31 40 0.09 18 
12 459 148 70 66 133 79 27 35 66 97 71 39 36 74 130 87 35 25 69 105 94 25 31 73 104 86 31 37 68 125 77 29 30 67 128 81 28 44 62 133 65 33 31 83 106 63 46 27 54 120 68 26 30 69 111 81 39 35 140 0.08 16 
13 439 366 51 29 55 75 53 25 23 44 99 74 23 21 51 95 57 24 25 47 91 41 26 26 45 70 50 21 22 60 89 49 25 25 49 84 59 29 24 50 80 56 32 20 52 95 43 28 23 55 95 49 31 22 58 68 56 27 102 0.04 8 
14 218 175 66 38 37 55 111 70 46 26 49 110 88 32 36 75 92 72 32 28 70 119 55 40 29 68 90 47 29 25 55 140 48 28 32 62 126 56 36 29 72 111 61 30 46 54 128 51 37 25 63 121 60 31 22 73 101 64 132 0.08 16 
15 162 416 19 15 20 39 23 10 9 29 66 32 8 19 12 15 31 10 4 21 51 17 9 10 8 41 26 14 5 15 37 22 7 7 20 32 11 11 7 14 33 31 4 7 24 24 23 16 13 20 22 20 3 10 11 25 32 2 38 0.02 4 
16 291 312 14 13 23 15 6 8 8 18 14 4 7 12 18 17 7 6 19 24 12 10 5 12 22 17 6 3 9 15 22 8 2 7 23 12 7 11 15 20 12 8 11 15 13 14 5 5 8 13 12 8 9 13 18 19 6 5 28 0.07 14 
17 34 262 93 85 48 10 16 56 54 35 13 17 19 66 23 14 15 13 44 29 18 15 30 63 29 8 16 23 44 31 16 10 24 63 24 9 16 36 78 32 7 14 25 65 26 11 10 48 46 49 12 16 29 34 16 10 13 29 124 0.06 12 
18 57 246 48 20 42 94 39 29 24 46 65 40 24 22 54 94 42 20 22 42 88 54 22 23 43 74 57 26 21 49 67 54 23 25 44 87 45 25 20 45 73 54 17 22 48 75 38 19 23 42 79 46 26 27 55 80 49 22 96 0.05 10 
19 207 277 108 42 96 51 28 17 47 101 65 30 23 51 82 49 24 33 48 72 59 26 27 46 90 56 32 30 57 95 60 23 26 57 96 65 26 27 50 113 68 22 25 41 91 54 24 31 64 90 54 33 29 65 98 54 22 27 162 0.03 6 
20 16 335 156 30 46 90 55 20 21 48 76 47 27 30 48 88 45 26 21 42 90 56 23 29 57 91 62 21 25 56 85 53 29 25 49 93 46 28 24 43 104 56 21 31 47 102 49 28 31 41 104 57 23 28 46 102 46 29 208 0.07 14 
21 331 275 228 68 128 63 40 30 87 140 68 47 40 90 151 82 46 34 86 117 80 44 38 66 103 82 40 41 79 151 87 38 47 68 113 91 50 35 68 142 92 34 29 66 164 74 44 31 88 119 70 36 42 77 167 82 31 48 304 0.02 4 
22 202 135 279 54 47 117 174 91 51 54 98 188 94 49 49 100 172 64 49 44 79 163 96 39 44 114 172 97 38 51 124 179 111 42 37 90 216 82 42 58 111 162 111 54 56 108 116 111 41 40 75 176 101 40 38 87 152 100 372 0.02 4 
23 267 24 33 17 17 25 61 34 20 17 30 49 34 18 19 34 59 33 11 15 28 44 28 20 18 32 58 30 15 14 29 48 34 12 16 30 67 40 13 17 25 49 33 17 15 28 52 27 13 17 37 46 36 19 19 30 47 29 66 0.09 18 
24 348 177 30 4 4 5 21 2 10 4 13 10 8 3 5 17 28 13 6 6 14 12 17 3 7 17 25 8 3 2 6 13 8 4 4 9 18 4 6 4 12 18 6 6 5 16 18 0 4 7 5 20 5 6 5 11 28 23 40 0.05 10 
25 416 409 11 22 14 2 5 4 28 16 3 6 15 20 15 6 3 11 26 12 6 8 17 16 8 8 4 10 14 13 5 2 12 23 13 3 4 8 19 8 3 4 6 22 11 6 4 15 10 12 5 2 11 15 10 5 5 11 22 0.02 4 
26 318 480 84 10 30 43 20 17 11 25 37 25 20 5 18 33 21 11 17 27 46 31 12 18 39 29 29 11 10 24 67 35 15 5 36 53 43 7 9 23 25 18 14 9 22 47 26 14 8 33 53 29 10 10 36 73 10 20 112 0.03 6 
27 288 389 279 126 102 49 44 99 151 96 38 40 81 150 107 56 40 96 154 86 40 44 92 141 79 41 47 86 136 98 52 46 111 138 95 47 40 70 147 85 53 43 78 135 76 41 45 94 116 83 52 53 95 154 89 37 46 100 372 0.07 14 
28 449 100 153 25 103 64 18 20 47 89 73 28 21 42 68 32 20 38 38 69 57 26 21 46 110 50 24 21 59 64 40 26 38 61 80 49 26 22 27 110 50 27 24 61 87 45 31 20 56 73 42 22 30 50 74 61 26 36 204 0.02 4 
29 428 446 31 4 9 24 27 43 12 12 30 81 33 16 23 28 45 29 19 14 11 54 25 29 14 34 38 32 10 6 40 41 29 21 9 41 101 30 11 23 39 65 27 19 16 22 83 29 11 16 26 65 27 20 20 14 52 37 62 0.08 16 
30 221 418 67 41 22 55 88 71 32 37 71 96 68 34 28 74 134 62 35 29 59 169 48 30 32 57 86 57 25 28 69 109 102 30 28 47 104 96 29 25 85 90 63 27 45 60 105 63 45 29 73 142 61 34 45 66 142 74 134 0.06 12 
31 300 125 285 41 79 175 94 51 39 99 145 88 56 55 104 160 115 40 49 79 191 92 46 42 93 138 102 38 54 110 183 77 39 54 92 169 113 39 45 90 167 81 40 45 106 179 113 49 50 76 156 104 45 40 109 135 113 45 380 0.04 8 
32 407 92 25 9 15 49 15 11 14 20 38 22 8 15 27 66 34 11 15 25 52 15 12 13 17 54 21 18 12 22 34 27 16 15 25 67 40 6 22 26 45 26 8 12 34 45 26 15 11 27 37 32 11 6 35 53 16 11 50 0.05 10 
33 323 161 84 127 64 36 47 82 176 70 47 40 74 155 68 51 43 70 132 99 48 46 88 140 71 47 41 96 168 74 39 52 77 117 97 34 47 72 139 78 35 37 91 169 92 38 51 82 142 101 45 50 69 156 68 47 41 85 168 0.07 14 
34 184 127 20 3 15 22 61 19 11 13 32 53 24 3 14 29 46 10 4 3 32 32 25 16 9 32 43 24 14 11 6 24 4 7 17 20 74 29 11 0 19 41 20 8 14 28 25 1 11 15 12 33 27 12 15 0 36 25 40 0.05 10 
35 143 182 104 122 48 30 22 62 127 44 30 28 45 80 48 23 24 49 92 49 19 27 45 73 42 23 33 62 91 43 24 23 52 96 45 33 24 43 54 29 24 20 69 89 38 26 20 40 77 50 21 19 62 97 51 33 36 59 156 0.02 4 
36 303 206 16 11 41 10 4 7 9 9 9 7 7 19 34 17 9 4 18 26 15 4 6 21 25 9 8 7 9 15 18 6 7 15 25 12 8 6 8 33 15 8 6 15 20 9 9 7 14 29 22 11 11 7 26 23 9 5 32 0.08 16 
37 351 338 78 21 47 40 38 26 15 44 110 41 10 9 54 62 37 16 22 40 78 46 22 21 50 67 36 20 18 40 61 40 17 10 37 86 39 16 16 29 72 41 18 13 32 65 45 15 24 49 67 54 18 18 29 67 40 24 117 0.09 18 
38 51 54 186 31 59 104 57 24 32 56 104 57 34 28 56 131 59 30 24 63 97 68 26 25 80 109 42 31 33 70 84 53 26 35 59 104 83 29 32 74 104 45 26 34 61 129 66 37 32 44 97 64 34 32 72 80 66 33 248 0.06 12 
39 86 284 22 9 38 19 9 5 19 0 12 15 3 11 23 22 2 5 11 0 4 1 7 15 15 12 7 5 10 21 17 8 6 13 24 3 8 5 12 31 5 4 3 12 23 8 7 7 34 3 9 5 12 10 9 0 10 11 33 0.07 14 
40 364 397 204 33 31 80 79 56 31 41 61 114 45 36 29 65 115 90 38 37 67 114 66 34 25 72 122 66 36 34 68 121 63 45 35 56 93 68 38 37 59 101 44 39 30 65 119 70 35 34 43 80 63 31 29 63 107 53 272 0.07 14 
41 98 66 39 22 27 8 9 9 26 7 8 4 13 0 10 8 0 0 27 9 12 1 25 18 0 10 4 0 2 11 2 15 20 12 15 4 5 21 37 3 0 6 5 13 6 9 9 19 16 22 10 5 1 26 26 10 22 0 52 0.04 8 
42 136 333 36 24 37 24 7 10 9 43 22 6 4 12 21 26 14 5 25 37 18 5 8 14 14 32 13 0 17 39 15 8 6 32 43 11 14 6 30 33 23 18 13 26 25 16 4 9 18 63 19 14 7 17 18 29 7 6 54 0.07 14 
43 359 73 192 33 35 61 122 52 39 30 58 123 55 38 25 54 98 67 33 33 64 104 84 38 27 61 129 78 31 21 58 135 51 34 44 55 119 53 35 24 56 113 79 33 32 57 99 64 34 35 47 135 59 36 31 72 115 59 256 0.09 18 
44 423 350 84 71 42 19 26 42 47 20 22 24 41 81 29 13 18 33 71 54 19 14 46 68 53 20 20 56 72 34 26 25 46 66 66 18 26 43 66 47 23 26 30 109 47 15 23 21 91 44 15 16 29 55 41 17 29 32 126 0.05 10 
45 5 453 98 38 81 48 24 27 39 75 42 28 22 51 96 48 28 20 53 99 46 26 21 59 84 42 23 23 48 74 48 20 24 58 89 48 24 18 44 95 40 20 27 42 76 46 23 26 55 81 54 26 19 58 71 52 26 23 147 0.03 6 
46 477 26 124 64 31 25 70 119 64 35 32 68 103 55 29 35 65 97 62 36 26 73 115 50 34 27 60 110 70 35 33 61 87 65 31 36 53 101 67 37 32 69 90 53 32 31 59 91 57 30 32 68 89 56 25 24 53 100 186 0.09 18 
47 415 225 177 73 25 31 62 114 61 23 43 58 78 70 21 30 43 99 57 31 24 38 127 41 36 30 52 85 61 29 40 52 95 76 31 22 47 83 61 36 42 50 86 57 37 21 80 100 58 25 32 71 120 67 31 33 49 74 236 0.03 6 
48 325 444 40 4 18 16 0 10 61 20 5 7 16 13 53 7 9 27 37 5 2 19 9 50 0 12 12 36 36 26 11 5 15 38 28 4 6 19 25 8 13 22 10 43 13 11 4 32 44 24 14 8 21 22 32 6 7 23 60 0.08 16 
49 444 316 219 27 75 146 69 35 47 87 140 61 39 42 97 120 99 38 38 83 138 61 36 31 68 116 69 31 26 51 129 62 34 28 96 95 83 29 30 77 114 85 33 38 59 142 104 38 35 60 97 61 31 33 55 118 97 33 292 0.08 16 
50 354 148 120 65 30 29 53 115 68 30 36 50 94 54 27 34 52 78 55 24 33 65 101 50 36 35 60 88 68 23 27 51 101 54 24 27 47 89 61 32 23 63 80 69 31 29 48 118 68 27 34 45 106 61 29 31 62 88 180 0.06 12 
51 74 447 44 39 17 25 41 66 46 20 23 31 69 60 15 23 46 66 39 19 18 43 72 46 18 27 42 94 29 21 20 46 62 41 12 18 45 62 49 16 29 44 59 46 21 25 37 64 39 17 19 30 92 43 25 15 46 73 88 0.06 12 
52 439 250 59 42 110 69 32 29 57 77 48 45 29 56 93 55 24 22 85 103 52 28 37 55 90 35 27 35 57 104 42 17 35 63 104 58 39 37 62 115 61 35 39 77 113 44 25 24 76 89 68 24 32 77 123 54 18 19 118 0.09 18 
53 33 326 90 19 21 54 78 41 25 22 38 65 48 23 21 46 68 42 23 26 39 63 47 21 21 42 68 45 24 24 44 92 43 20 28 45 60 37 19 24 46 64 42 18 21 43 78 48 24 21 41 71 38 21 30 41 59 52 135 0.04 8 
54 313 479 285 126 97 38 54 77 156 115 40 37 119 186 116 51 44 106 183 112 45 44 102 160 95 51 41 81 157 94 57 44 98 141 80 42 43 108 170 80 56 47 102 151 103 41 52 82 135 80 46 43 76 164 83 40 45 81 380 0.05 10 
55 361 289 47 25 31 70 58 23 26 51 67 36 14 24 58 75 53 19 28 52 88 35 17 23 53 71 33 21 27 40 91 56 23 25 55 79 47 30 20 54 85 39 27 18 50 79 33 28 21 42 81 49 23 24 46 69 44 23 94 0.09 18 
56 312 290 200 79 51 54 114 173 79 52 45 114 145 96 56 47 89 196 76 61 49 100 192 82 39 41 101 186 117 45 50 112 173 85 45 49 99 190 85 56 50 122 195 96 50 43 102 169 99 43 50 96 151 83 60 55 83 186 300 0.03 6 
57 13 402 152 60 37 35 60 113 73 43 39 67 133 66 43 34 64 127 76 42 37 86 153 86 29 30 67 114 86 38 32 61 142 79 33 38 68 141 88 31 41 72 148 81 31 43 81 151 82 43 44 87 154 70 36 47 65 131 228 0.08 16 
58 6 179 22 5 15 21 12 6 5 8 20 12 8 6 12 18 12 7 6 7 31 12 5 6 10 15 9 2 4 6 24 6 3 5 12 25 10 4 2 12 17 11 2 3 12 14 17 6 5 9 16 9 5 4 7 18 11 4 33 0.02 4 
59 116 64 123 81 38 27 21 33 61 41 22 21 37 74 40 19 23 42 54 38 21 24 42 56 41 16 20 38 72 38 19 22 46 72 34 16 15 42 70 38 22 18 36 66 43 22 19 43 56 39 19 16 40 72 46 21 15 39 164 0.09 18 
60 431 435 255 56 134 76 41 41 106 125 97 32 53 85 134 71 36 41 85 168 91 35 45 97 129 88 27 38 72 154 82 47 50 86 153 74 39 31 109 134 68 46 37 72 155 109 41 44 68 113 80 53 48 73 126 69 49 54 340 0.04 8 
61 52 40 74 74 113 76 34 40 81 115 64 36 32 79 116 73 30 41 88 111 69 34 33 75 150 81 42 38 78 125 79 33 27 65 109 58 44 33 74 146 79 41 35 75 144 79 33 46 66 119 74 27 31 77 118 77 33 41 148 0.02 4 
62 480 110 87 27 51 28 20 18 31 47 33 19 13 38 37 26 15 16 35 32 25 14 15 29 51 31 17 15 20 67 30 19 17 28 44 34 20 24 43 41 22 14 12 25 43 33 10 14 20 61 13 8 16 41 29 43 11 19 116 0.04 8 
63 338 69 84 44 40 50 20 23 45 44 52 26 23 45 82 56 17 23 31 86 44 10 17 32 70 43 18 20 38 32 22 13 11 33 54 38 19 22 40 76 39 23 24 54 64 26 17 21 54 79 61 13 26 41 72 47 22 13 126 0.06 12 
64 60 359 81 38 17 34 13 10 22 38 35 16 10 21 45 29 13 16 24 62 26 14 23 25 32 24 9 9 30 30 11 12 10 20 46 35 15 14 29 65 28 14 4 32 60 23 13 15 27 25 20 15 14 31 34 29 12 5 108 0.03 6 
65 456 128 159 45 86 50 29 24 43 80 53 25 27 49 84 65 30 26 59 83 41 23 26 52 90 39 24 29 55 94 65 27 23 60 64 49 24 23 51 92 56 30 27 48 67 57 25 26 45 78 61 24 26 45 92 47 24 25 212 0.05 10 
66 408 268 252 35 67 152 92 35 42 84 151 61 48 46 84 170 76 39 34 116 166 80 34 44 97 112 66 39 33 65 196 79 40 50 78 171 70 48 38 70 154 114 41 43 82 130 73 56 44 79 115 96 42 37 74 122 75 37 336 0.04 8 
67 261 238 72 22 39 60 44 16 21 33 42 47 10 26 40 87 27 12 19 24 55 23 14 20 48 86 45 12 17 35 66 34 21 15 35 42 40 16 16 34 50 28 16 16 51 59 32 20 16 49 57 27 25 17 23 57 31 19 108 0.02 4 
68 328 48 84 95 144 71 42 38 91 119 88 41 49 91 160 91 27 39 74 145 66 43 42 108 119 71 32 45 63 166 69 30 44 71 114 75 33 47 66 175 80 40 59 57 121 102 41 33 109 109 102 35 53 92 158 88 34 30 168 0.06 12 
69 125 275 42 11 21 29 54 10 6 21 4 31 28 5 11 24 36 28 6 19 37 42 6 15 15 24 33 24 12 18 11 19 20 12 3 33 36 15 17 11 16 73 32 17 11 29 38 19 13 8 19 36 9 18 21 7 47 8 63 0.04 8 
70 116 484 10 18 8 5 6 13 19 11 7 3 11 8 13 2 4 11 20 9 5 3 12 18 10 2 4 9 15 7 5 4 8 19 12 4 4 10 17 7 3 2 11 18 10 5 4 15 14 10 3 3 10 16 7 8 5 11 20 0.02 4 
71 35 378 18 7 21 59 16 14 10 13 20 0 13 12 20 34 16 10 17 18 29 28 7 2 21 26 10 3 10 26 30 13 12 14 7 25 0 12 2 16 11 9 0 10 6 33 30 15 7 23 26 15 1 7 29 56 22 2 36 0.06 12 
72 1 352 144 51 70 45 25 25 49 72 42 29 30 42 88 54 22 26 52 96 39 24 20 44 77 39 23 30 45 62 52 19 21 50 79 51 27 23 47 83 50 21 21 46 76 43 25 18 44 84 53 22 22 37 92 47 23 29 192 0.09 18 
73 466 316 54 42 108 47 26 29 64 75 61 24 24 51 69 51 27 28 70 88 62 22 28 57 84 57 25 25 66 94 52 29 23 58 94 53 30 22 54 92 43 35 29 44 73 57 26 30 50 74 61 16 27 50 85 51 30 28 108 0.07 14 
74 183 384 87 13 29 51 36 17 10 26 40 26 13 8 18 33 31 8 17 30 55 23 20 11 37 36 12 12 17 28 39 26 16 22 33 55 17 15 12 24 50 37 14 13 30 45 30 14 15 25 44 36 14 17 28 40 26 14 116 0.03 6 
75 207 194 188 133 104 51 45 91 165 85 40 44 109 170 106 50 44 111 151 91 48 41 104 152 98 51 49 77 137 84 40 39 80 173 77 40 47 110 155 86 53 40 95 151 79 49 45 108 130 87 53 47 92 140 106 51 55 94 282 0.07 14 
76 374 292 87 42 71 161 83 35 35 86 134 95 39 38 75 166 94 49 48 73 159 103 46 41 79 141 103 40 46 75 145 89 42 40 73 121 103 48 40 88 170 77 49 47 98 164 102 47 44 81 144 79 39 39 70 143 100 45 174 0.09 18 
77 457 410 82 18 38 63 50 22 18 31 66 39 28 24 40 87 36 26 23 38 85 37 15 17 27 68 36 21 13 51 50 26 25 26 54 60 41 16 22 57 86 50 19 17 46 71 32 24 27 40 71 35 17 17 30 81 31 19 123 0.06 12 
78 128 362 67 32 37 77 112 83 34 29 60 117 65 29 33 68 104 71 34 34 75 108 52 34 29 57 116 58 39 37 74 102 76 31 38 68 101 77 35 36 64 125 77 29 39 69 136 79 31 44 72 131 61 37 40 70 107 54 134 0.04 8 
79 47 104 228 80 125 65 36 36 67 133 76 40 39 81 108 65 32 39 74 109 65 35 31 73 134 76 31 40 71 133 85 34 42 84 124 75 31 33 79 109 65 41 45 72 113 75 36 39 70 123 67 41 34 64 147 84 43 34 304 0.07 14 
80 227 465 126 49 29 30 53 100 54 24 35 52 105 72 36 34 39 109 88 35 20 51 93 60 35 33 62 132 58 30 42 68 100 68 38 34 62 129 61 37 26 54 102 51 24 31 50 137 62 29 27 80 125 58 32 29 67 117 189 0.09 18 
81 36 268 258 121 105 41 52 98 130 107 43 42 94 119 83 51 39 95 141 64 54 33 84 131 90 40 37 86 159 81 36 44 82 140 96 52 49 90 174 78 44 52 91 137 72 37 40 89 135 97 45 44 101 109 72 45 44 73 344 0.09 18 
82 414 2 210 30 70 122 66 29 37 48 111 61 32 34 61 123 65 32 35 60 96 69 37 28 81 125 56 29 40 60 108 65 30 41 72 125 69 33 31 72 99 66 42 39 59 117 78 39 37 73 120 76 42 36 66 133 72 39 280 0.08 16 
83 1 237 13 6 8 11 24 12 5 6 10 9 12 7 5 11 22 10 6 5 13 13 11 8 9 14 21 13 5 7 13 15 8 8 8 18 31 12 7 7 14 24 15 8 6 23 16 16 6 8 9 21 9 8 5 16 16 9 26 0.09 18 
84 287 475 153 58 19 27 50 86 57 22 25 41 76 53 29 26 45 95 42 30 20 49 77 42 20 25 51 91 53 33 26 50 102 40 26 30 55 98 49 24 24 45 84 47 24 22 53 90 43 22 32 46 74 55 26 23 54 108 204 0.03 6 
85 97 497 14 6 4 18 46 19 5 10 14 43 22 11 2 10 20 8 7 14 12 34 18 4 4 11 39 14 7 4 14 23 3 8 5 7 0 10 3 7 26 18 9 3 10 13 29 21 2 1 9 31 9 9 10 21 8 19 28 0.08 16 
86 453 265 64 19 19 31 45 23 15 14 36 47 33 17 12 34 50 28 17 17 33 69 35 13 15 26 53 36 16 17 34 56 41 11 15 21 64 36 9 13 28 38 29 14 21 38 56 30 14 18 31 57 38 16 13 31 57 28 96 0.06 12 
87 439 83 64 115 50 36 33 57 119 67 36 28 64 78 57 32 32 56 129 66 40 37 75 137 54 28 41 32 113 65 22 33 78 148 70 32 23 54 120 70 29 22 41 62 72 34 28 71 107 76 41 26 46 90 78 17 27 57 128 0.02 4 
88 235 7 96 56 27 22 45 64 43 20 26 45 66 41 25 26 49 78 48 29 19 51 109 42 23 17 71 79 54 18 21 30 49 59 16 22 44 98 48 25 18 42 87 50 22 27 47 79 42 19 28 26 76 32 19 19 52 77 144 0.09 18 
89 376 394 100 48 29 22 60 91 61 25 25 58 78 45 23 31 38 93 47 27 24 44 85 49 31 28 47 73 50 24 22 54 79 47 29 22 41 99 53 24 30 61 91 54 26 19 54 83 56 25 24 64 90 32 27 26 44 74 150 0.03 6 
90 479 357 87 12 40 34 29 13 12 34 38 17 13 13 33 67 27 12 13 36 58 25 13 18 32 46 19 11 11 31 52 36 15 17 32 45 39 7 8 36 51 34 13 11 40 41 19 15 16 24 44 25 6 11 30 31 17 19 116 0.09 18 
91 469 190 291 143 102 50 40 109 154 91 37 65 101 136 115 59 47 107 150 85 41 57 129 158 108 44 42 100 124 89 47 68 103 157 128 37 51 76 183 93 45 46 93 170 84 46 41 96 210 95 36 44 84 146 91 43 35 115 388 0.09 18 
92 2 243 93 64 40 14 15 37 44 24 9 14 51 49 22 17 22 55 51 21 22 10 22 44 5 13 15 33 81 43 9 6 28 49 23 24 12 29 38 36 16 18 33 61 53 12 21 39 60 14 6 24 38 61 35 13 27 18 124 0.03 6 
93 72 164 237 36 32 64 125 64 32 39 86 135 67 39 36 83 156 79 45 34 71 127 101 43 32 93 156 77 31 37 67 140 75 43 38 84 126 74 35 40 81 133 61 40 44 69 123 75 36 31 96 165 83 40 32 86 119 74 316 0.09 18 
94 103 279 114 34 61 32 16 20 33 65 36 21 20 42 52 36 13 18 37 63 33 9 21 39 79 47 22 16 33 66 40 17 18 38 67 34 18 24 26 60 35 22 15 38 79 36 18 19 48 65 42 24 13 41 61 39 15 21 152 0.07 14 
95 144 44 34 39 57 52 21 7 41 57 27 33 24 48 54 31 13 10 29 69 35 9 10 39 53 28 6 21 41 96 29 15 20 33 38 47 18 34 44 53 37 12 20 37 77 40 24 18 42 90 41 9 16 27 46 59 10 18 68 0.02 4 
96 434 40 30 23 5 35 32 28 13 17 29 42 25 16 11 26 38 28 9 6 35 59 25 12 9 22 29 35 14 23 27 30 33 10 13 19 44 9 17 21 24 31 38 12 17 26 48 20 7 15 25 58 33 10 13 38 64 41 60 0.02 4 
97 304 402 294 86 171 93 60 43 113 174 87 52 34 110 167 115 47 64 81 191 98 64 35 96 141 91 58 35 129 150 77 53 47 107 165 89 43 50 97 167 95 42 38 94 205 97 53 37 115 155 103 62 47 86 168 110 52 38 392 0.06 12 
98 323 253 59 46 84 60 32 25 79 78 45 36 28 55 90 49 31 34 64 100 55 28 28 64 118 56 34 22 71 73 61 30 30 61 103 58 37 30 54 110 62 33 29 51 69 78 32 28 54 107 56 28 27 61 97 63 24 28 118 0.05 10 
99 131 399 174 34 86 129 78 51 51 76 151 73 41 38 82 131 79 46 36 69 146 79 33 42 71 143 73 51 45 85 142 96 45 36 104 143 92 42 42 99 155 101 33 36 98 134 80 40 46 80 137 81 36 38 86 122 97 34 261 0.03 6 
100 96 325 128 66 120 70 37 31 51 80 55 34 40 75 110 61 34 31 69 104 55 36 30 54 97 74 27 32 82 89 77 29 28 64 114 57 25 43 62 115 67 34 34 49 125 67 39 37 70 126 79 29 26 49 101 51 27 27 192 0.09 18 
101 141 312 66 24 41 17 11 8 20 35 23 10 11 18 35 25 11 9 18 37 23 12 13 23 42 24 11 9 24 42 19 11 9 24 33 27 8 12 21 28 27 12 14 24 44 26 9 10 20 30 25 8 14 21 35 17 12 9 88 0.08 16 
102 147 19 27 17 22 42 29 12 9 24 60 21 13 8 24 30 24 11 18 29 63 24 15 11 31 53 32 8 13 21 40 23 10 9 29 46 40 11 10 25 25 31 21 13 27 32 19 11 10 21 35 52 19 9 32 46 27 14 54 0.04 8 
103 358 18 160 105 47 46 92 121 81 40 32 68 141 83 43 36 87 182 96 34 42 60 167 65 32 31 82 153 73 40 34 76 108 76 45 29 87 136 90 33 47 83 119 92 31 38 70 159 74 32 38 79 118 106 42 41 86 124 240 0.05 10 
104 141 379 89 80 163 69 38 50 104 149 106 39 42 84 173 94 61 41 90 155 83 48 53 101 121 74 40 57 76 144 93 46 55 103 138 98 40 56 81 166 103 37 41 90 169 91 44 55 107 195 80 36 51 102 168 104 43 48 178 0.04 8 
105 4 412 44 22 23 41 93 37 16 20 40 72 51 22 20 49 71 37 17 18 43 64 42 24 22 48 82 47 20 21 43 85 39 21 23 37 69 57 17 26 34 80 43 19 24 45 91 47 17 25 39 93 53 17 23 47 72 40 88 0.06 12 
106 347 165 35 22 17 16 28 58 27 15 20 31 42 22 16 16 38 71 32 17 11 41 58 45 16 21 29 52 33 22 22 27 78 36 15 18 32 62 27 16 19 33 55 33 13 17 41 64 20 20 19 26 66 23 16 21 24 69 70 0.08 16 
107 285 192 15 17 15 7 7 22 29 14 4 7 19 27 11 9 6 14 21 15 5 6 15 25 16 8 7 15 33 13 6 5 17 22 9 5 8 15 28 16 7 9 15 10 11 7 7 18 33 17 4 10 10 30 15 8 9 16 30 0.04 8 
108 263 375 141 83 41 28 26 39 61 50 19 18 54 62 58 17 25 51 67 39 25 18 31 78 47 15 25 39 82 38 23 24 47 78 51 22 22 37 99 28 24 17 45 88 37 21 25 39 87 46 13 21 65 85 32 20 16 32 188 0.04 8 
109 253 23 246 37 71 173 73 49 41 79 122 89 33 37 74 147 80 47 45 60 131 80 38 44 69 124 90 36 44 79 146 71 47 37 105 126 81 51 47 103 181 94 38 38 86 119 77 45 41 61 159 100 35 36 129 112 85 38 328 0.09 18 
110 103 289 78 16 22 30 57 35 19 20 48 77 38 20 16 41 61 44 16 22 39 51 43 21 16 30 61 33 21 19 38 66 33 21 19 40 67 42 20 19 38 74 40 16 16 33 61 36 21 24 34 69 35 16 16 45 70 36 117 0.08 16 
111 223 237 68 40 61 33 20 17 39 24 32 9 11 39 78 36 18 19 19 57 62 13 15 44 70 30 18 23 34 51 65 7 9 37 62 37 14 20 36 59 24 29 11 30 57 29 15 14 35 76 44 27 18 33 42 37 13 14 102 0.07 14 
112 101 449 100 66 82 42 18 21 38 111 36 20 21 52 65 65 16 22 39 101 27 26 14 50 79 26 26 24 59 67 47 41 33 34 82 45 31 24 43 93 57 25 25 41 76 47 18 17 52 94 42 18 26 65 82 66 27 21 150 0.06 12 
113 185 459 183 60 127 59 21 37 57 117 52 18 29 82 92 45 24 30 57 113 51 31 29 57 82 75 30 37 52 103 61 35 30 63 109 47 25 35 71 121 51 39 29 51 88 55 31 22 45 127 64 25 25 63 97 42 26 26 244 0.02 4 
114 204 134 34 6 11 24 19 7 8 14 32 19 7 10 16 42 22 11 7 20 35 11 10 7 19 31 11 5 4 15 20 16 11 10 19 32 22 9 12 10 34 17 7 8 17 30 19 10 8 27 23 11 5 6 10 32 19 7 51 0.03 6 
115 230 21 64 30 54 123 73 30 32 61 100 75 36 29 60 84 59 33 31 64 109 64 38 28 59 99 65 35 31 83 116 54 31 23 76 110 56 24 25 69 122 73 28 28 70 98 75 29 29 68 113 70 25 30 78 118 74 26 128 0.03 6 
116 390 471 48 6 17 36 20 9 12 14 32 6 9 6 28 16 15 1 5 14 45 22 5 7 15 30 26 12 12 11 10 8 9 5 9 11 0 9 6 9 17 13 7 8 24 32 21 9 7 6 33 17 6 7 17 48 7 1 64 0.07 14 
117 424 314 30 49 29 15 18 23 46 32 21 9 42 73 23 15 12 31 59 29 11 9 19 47 18 15 18 41 53 16 15 10 20 62 24 17 14 36 65 39 10 16 27 63 25 14 12 30 52 23 16 16 27 36 29 9 13 29 60 0.08 16 
118 409 205 126 30 18 62 95 76 38 35 67 95 49 29 39 89 81 77 33 38 57 112 52 38 36 68 94 62 29 44 64 103 64 40 19 56 138 43 23 35 70 80 53 29 36 64 104 79 28 28 40 94 57 38 41 46 97 71 189 0.06 12 
119 495 342 276 82 51 42 73 176 89 40 47 89 175 113 53 39 76 171 112 37 40 86 191 119 40 48 85 163 95 54 36 104 148 86 35 46 99 167 107 48 55 106 138 93 40 37 82 148 71 61 43 104 184 86 52 57 114 120 368 0.06 12 
120 374 329 51 61 24 24 45 86 49 24 22 45 86 46 24 27 45 81 55 20 23 58 80 52 27 26 47 88 54 25 23 45 89 55 30 20 39 73 44 20 28 54 68 57 27 27 45 93 52 26 24 56 87 50 27 31 47 81 102 0.02 4 
121 198 185 94 47 35 23 50 79 44 21 32 45 98 27 23 27 71 59 41 22 15 36 77 41 19 23 43 57 62 34 13 40 75 23 23 30 61 83 45 25 28 61 120 54 18 24 36 60 41 25 15 58 82 34 26 26 59 73 141 0.03 6 
122 462 473 183 31 74 90 54 27 35 63 89 62 26 31 57 90 59 30 32 62 111 75 22 32 77 101 59 33 38 70 116 74 36 26 69 91 73 34 30 51 121 71 34 31 74 111 56 25 34 66 122 59 37 25 76 90 72 28 244 0.03 6 
123 219 225 24 9 23 48 17 8 11 18 43 21 17 14 19 53 25 7 9 22 40 32 13 11 26 31 30 8 10 10 51 26 10 11 28 41 23 14 8 22 58 19 8 2 24 51 22 11 11 25 31 25 11 5 19 43 24 8 48 0.03 6 
124 293 194 16 32 16 6 7 17 18 14 8 7 18 33 13 10 9 14 34 15 9 7 19 31 18 10 7 17 30 15 5 5 14 24 15 8 6 16 13 17 8 5 13 28 17 9 7 10 34 21 5 7 16 37 19 8 7 17 32 0.08 16 
125 473 100 114 24 33 58 108 49 30 26 36 79 56 30 33 62 108 57 35 26 70 80 59 29 23 59 97 49 25 29 40 100 53 22 36 61 116 53 25 29 74 106 48 23 31 46 101 42 20 34 62 98 65 26 35 49 94 62 171 0.05 10 
126 417 359 180 26 26 64 96 56 38 24 61 112 38 37 31 61 90 65 32 26 53 115 73 28 21 63 124 57 25 26 62 78 56 30 24 62 142 68 16 33 65 137 66 38 24 65 92 67 27 26 60 63 57 28 21 81 82 54 240 0.03 6 
127 136 322 94 51 103 167 91 47 43 83 169 89 48 51 77 172 99 45 44 98 169 110 45 46 104 124 109 39 41 77 183 86 39 55 86 153 109 48 47 108 123 87 44 44 81 132 85 43 56 97 145 89 50 35 115 129 76 45 188 0.04 8 
128 297 57 118 61 134 53 28 24 77 115 56 29 31 70 105 54 27 23 50 146 86 32 29 57 82 75 34 29 68 130 46 28 21 57 86 50 26 28 77 112 49 35 37 64 128 49 19 25 79 60 59 23 18 80 95 90 27 27 177 0.03 6 
129 306 307 264 41 91 169 84 42 48 102 131 84 41 39 106 145 75 43 56 69 153 94 46 48 72 139 68 57 45 93 149 77 35 49 106 152 74 47 43 82 132 114 48 39 86 138 115 42 46 81 138 83 50 49 93 129 92 43 352 0.09 18 
130 391 227 60 24 58 45 19 13 26 51 38 7 9 31 77 36 13 15 22 50 21 14 12 38 57 24 14 14 26 60 53 14 16 25 42 36 19 13 34 63 29 11 20 25 64 29 17 11 26 50 35 14 12 33 37 14 12 18 90 0.08 16 
131 448 383 201 66 31 29 76 101 64 34 38 44 120 74 36 38 36 127 66 32 27 51 159 65 27 27 99 167 66 33 31 61 138 64 35 41 49 133 57 31 44 45 132 70 39 36 65 91 68 24 39 47 112 61 33 44 76 112 268 0.02 4 
132 351 127 62 26 14 3 30 48 27 14 12 27 22 46 21 9 44 14 17 13 12 27 61 38 14 20 33 46 8 7 13 34 71 23 12 24 35 61 35 19 20 19 35 27 10 13 33 55 32 8 19 32 36 34 20 11 40 98 93 0.09 18 
133 335 274 80 65 40 38 83 122 83 34 45 85 125 99 26 44 104 122 81 41 41 68 156 80 45 39 93 133 93 40 31 81 141 76 49 34 70 97 74 44 45 83 162 80 39 40 84 127 62 35 40 62 137 94 53 31 100 126 160 0.06 12 
134 165 459 75 138 70 44 40 62 119 73 35 39 70 119 86 30 43 48 103 70 38 35 83 133 78 42 32 89 142 79 46 30 86 141 65 30 47 82 145 74 47 35 82 119 62 36 44 82 90 65 27 38 71 151 66 32 39 61 150 0.08 16 
135 326 54 228 33 33 87 139 63 34 36 73 117 77 35 34 89 137 75 28 33 66 157 68 36 43 78 109 93 37 31 78 148 61 32 31 83 118 91 35 30 62 102 91 35 34 69 125 68 38 40 84 121 90 35 37 73 132 71 304 0.05 10 
136 0 457 37 37 93 35 23 14 33 50 50 10 11 45 65 29 10 18 30 64 26 22 10 32 67 33 21 18 31 58 24 17 17 26 49 27 16 7 33 69 45 16 27 36 46 45 16 17 24 57 31 19 20 23 28 33 24 18 74 0.03 6 
137 362 460 90 24 20 58 13 13 5 21 53 17 13 11 42 61 18 15 6 28 75 7 24 14 47 18 28 6 14 26 53 26 9 19 34 40 34 9 16 31 50 44 11 22 46 56 26 13 18 35 50 34 6 8 28 77 21 13 120 0.07 14 
138 85 90 93 44 24 14 18 35 59 36 11 13 28 64 32 12 22 23 62 30 17 14 25 60 30 17 20 31 56 32 18 24 22 54 32 14 15 40 45 35 17 16 41 63 31 11 18 35 59 41 24 15 33 74 24 13 16 26 124 0.02 4 
139 34 485 172 40 33 94 157 76 38 51 92 156 89 49 38 86 142 94 37 49 102 154 97 36 53 79 170 92 38 49 100 112 97 38 44 72 175 75 40 46 86 150 96 52 41 67 134 92 49 49 97 168 91 47 34 90 132 79 258 0.05 10 
140 116 380 92 129 95 37 55 98 134 103 38 41 93 168 114 38 49 76 157 111 49 51 70 138 80 38 38 114 203 79 51 50 83 134 109 43 51 72 119 104 47 28 71 129 81 46 34 91 169 84 54 51 108 138 87 44 40 72 184 0.07 14 
141 15 29 117 18 19 37 72 59 16 19 37 65 33 12 22 37 80 46 16 18 54 39 52 19 32 25 71 31 14 22 33 52 42 20 25 48 59 24 20 30 48 48 46 19 13 25 68 21 18 22 46 79 38 16 23 23 49 39 156 0.05 10 
142 283 458 168 99 48 28 25 71 108 63 30 30 55 110 60 32 28 61 89 65 27 35 50 93 48 32 31 46 104 47 23 30 59 101 48 30 26 52 95 46 25 22 52 101 66 27 26 62 89 43 21 29 56 77 60 31 29 53 224 0.02 4 
143 159 249 158 152 76 37 37 72 154 95 45 34 93 141 82 39 39 82 161 71 40 30 97 175 93 38 42 79 154 93 36 34 102 131 83 47 43 74 165 92 42 39 68 130 65 43 43 69 147 56 33 45 85 122 60 38 43 92 237 0.04 8 
144 472 217 98 56 44 103 159 116 54 43 97 176 103 46 51 127 161 102 49 62 89 179 97 63 47 78 169 103 40 38 95 162 101 39 56 86 134 103 42 47 110 174 96 61 59 81 146 99 43 37 120 162 101 45 44 118 140 88 196 0.07 14 
145 465 454 22 7 6 2 17 2 10 3 2 18 6 7 0 0 31 0 6 0 12 18 8 2 0 15 31 25 1 3 21 14 8 3 7 15 9 1 12 6 7 23 10 8 3 8 7 8 12 1 9 31 5 7 6 13 16 10 33 0.04 8 
146 359 264 14 7 9 12 16 44 13 9 7 11 16 12 7 7 12 13 10 8 7 14 28 18 4 11 7 24 9 11 7 25 32 20 7 6 5 23 7 5 7 6 23 16 9 6 19 37 12 9 5 15 43 10 5 14 21 21 28 0.04 8 
147 425 384 97 56 111 138 114 49 60 85 167 110 42 39 110 165 109 44 41 90 162 94 40 52 80 160 94 54 53 94 156 112 42 42 107 185 89 46 52 88 146 104 55 45 97 154 111 51 54 87 184 85 38 55 87 138 100 56 194 0.09 18 
148 37 6 110 98 51 27 22 49 92 48 18 28 45 110 42 27 20 66 102 66 30 24 67 106 44 27 30 58 75 59 23 40 40 95 57 18 25 58 92 63 27 27 48 79 49 30 32 60 94 51 33 36 58 77 54 18 27 71 165 0.04 8 
149 121 445 90 29 15 15 29 54 26 10 13 41 55 32 14 14 38 52 33 13 14 29 59 34 14 14 31 54 23 14 13 26 44 34 14 15 25 51 29 13 16 29 43 29 12 12 30 46 33 10 18 26 54 30 11 14 26 45 120 0.07 14 
150 415 44 84 138 89 42 45 100 149 87 36 41 72 127 74 45 37 70 166 94 40 39 76 149 71 48 35 94 131 78 35 38 88 145 81 34 51 88 137 79 39 44 80 125 98 36 38 100 138 71 46 43 85 135 93 41 47 78 168 0.09 18 
151 40 350 75 87 105 83 44 34 62 135 78 31 37 55 150 66 37 39 79 105 68 38 44 79 145 89 36 33 80 115 64 35 44 76 135 63 32 44 66 103 63 48 32 68 123 78 42 41 64 117 82 44 42 67 131 64 39 36 150 0.09 18 
152 210 197 172 47 48 77 154 85 48 45 75 154 96 49 46 91 162 78 44 50 94 144 104 47 34 66 123 76 36 44 83 149 71 48 35 69 153 91 43 37 108 125 77 39 37 67 121 70 50 40 68 130 81 35 39 104 153 71 258 0.08 16 
153 90 34 118 65 43 40 72 102 62 27 25 57 88 52 25 28 66 115 43 29 27 70 99 65 26 28 66 78 56 24 27 40 86 65 31 35 54 124 47 31 26 68 80 64 22 27 41 106 46 23 32 62 106 72 21 24 64 98 177 0.07 14 
154 147 105 83 147 69 37 46 88 141 77 46 49 92 156 93 32 41 89 166 69 44 34 93 160 72 34 43 87 167 80 43 36 74 151 81 50 39 93 145 76 37 42 78 157 75 31 38 66 124 79 34 35 88 146 69 42 31 85 166 0.07 14 
155 290 493 40 21 9 3 21 20 28 9 13 27 20 23 7 4 23 29 5 15 13 41 53 13 3 5 18 47 19 9 7 23 30 10 6 11 16 21 25 12 11 27 41 14 13 13 26 15 3 11 7 13 45 38 14 4 22 43 60 0.06 12 
156 122 460 246 35 95 143 94 41 38 96 133 86 47 36 91 145 72 40 36 93 138 100 43 42 88 144 73 44 45 84 139 85 34 44 84 157 82 44 42 71 126 80 35 36 77 134 74 47 51 90 146 70 46 41 97 160 98 46 328 0.02 4 
157 60 43 58 14 25 58 26 12 14 23 53 28 11 16 32 61 37 15 15 29 44 35 12 16 27 46 26 12 16 23 42 31 11 13 21 44 28 13 17 29 39 27 12 15 22 57 34 13 14 28 57 23 15 16 25 56 27 11 87 0.05 10 
158 114 403 114 103 69 30 37 68 76 72 24 36 80 100 56 26 40 55 79 61 25 23 53 81 76 26 31 57 102 56 33 28 44 86 72 30 17 63 99 57 25 27 63 87 58 33 39 58 74 60 27 32 46 72 51 29 19 51 171 0.09 18 
159 258 136 273 99 163 84 37 50 91 139 107 55 47 88 131 102 37 46 100 146 84 58 48 71 154 79 41 54 76 166 108 50 45 76 169 102 45 51 108 138 75 43 52 99 181 106 47 47 90 153 87 59 37 91 182 81 51 46 364 0.07 14 
160 43 80 78 36 85 131 73 40 42 76 113 85 44 36 77 113 67 40 38 86 161 66 45 33 72 137 89 44 44 79 173 92 33 35 69 116 75 35 47 74 148 80 37 29 93 126 63 33 37 63 141 87 31 30 81 119 62 32 156 0.06 12 
161 401 197 37 21 22 44 51 13 35 23 46 49 20 21 18 101 29 22 15 36 81 33 24 19 40 61 35 18 10 26 47 33 25 12 22 82 19 23 16 34 75 66 15 23 49 32 63 11 14 31 65 39 15 14 31 66 36 25 74 0.03 6 
162 127 25 270 152 73 47 40 103 158 90 40 39 106 134 86 49 47 85 171 91 36 47 74 155 82 42 53 101 141 80 52 48 106 145 107 48 41 81 133 71 52 40 106 159 92 38 50 98 169 87 41 42 85 152 106 39 41 80 360 0.04 8 
163 132 463 200 119 180 83 60 56 100 136 83 51 59 74 125 112 67 48 98 166 76 43 52 95 130 102 37 71 94 233 114 49 40 100 190 112 62 59 78 160 79 52 54 101 143 95 46 41 109 180 76 51 57 104 182 106 41 45 300 0.03 6 
164 392 109 27 10 44 49 18 15 14 27 32 26 12 12 24 57 40 20 17 22 55 7 11 18 33 48 33 6 6 28 58 42 12 11 26 28 36 6 11 27 62 19 14 19 24 38 24 10 17 22 70 19 21 23 13 56 26 15 54 0.07 14 
165 391 266 76 29 56 41 23 15 36 64 40 18 19 39 55 50 18 23 36 73 37 19 19 33 71 32 29 14 34 57 40 18 20 39 53 38 19 16 34 50 36 19 17 37 56 34 22 23 32 65 32 20 18 42 59 53 21 12 114 0.05 10 
166 399 269 176 101 146 107 38 50 98 149 79 46 43 75 130 102 46 45 86 168 86 34 48 79 178 76 43 36 77 169 99 40 37 67 130 87 47 50 91 130 89 47 49 96 167 83 36 48 94 122 103 36 41 68 149 98 49 51 264 0.03 6 
167 299 336 86 18 40 89 52 17 17 79 80 38 24 24 26 39 58 13 26 33 45 47 23 9 33 52 55 24 22 54 107 39 22 16 52 108 28 15 26 45 56 54 13 23 31 84 59 17 21 50 63 44 18 15 37 41 47 21 129 0.05 10 
168 350 493 75 63 35 31 73 122 91 36 31 79 130 66 33 39 86 99 68 27 25 75 124 68 33 30 82 142 85 43 36 56 101 77 34 34 53 147 74 43 39 86 126 73 38 33 87 143 84 38 48 91 97 91 46 44 79 128 150 0.08 16 
169 114 243 159 72 58 27 23 57 110 40 24 17 53 116 36 33 21 46 83 53 32 25 60 76 42 29 27 59 82 52 20 31 45 117 63 24 24 74 114 48 33 27 69 102 41 31 31 77 60 47 26 28 56 111 47 34 26 62 212 0.02 4 
170 84 372 158 128 86 36 38 78 94 57 33 34 78 169 93 41 36 76 159 105 24 29 83 130 64 36 43 74 137 81 33 32 72 147 42 36 29 78 186 82 32 37 91 160 75 37 42 64 120 69 35 34 91 156 60 33 36 72 237 0.03 6 
171 338 103 104 25 27 56 101 52 24 22 60 93 40 25 28 59 75 61 34 23 47 75 63 30 26 45 93 45 21 27 57 92 51 22 26 56 102 57 19 30 57 95 62 19 27 50 84 49 19 22 46 61 53 19 24 45 112 63 156 0.04 8 
172 476 490 20 0 15 8 19 4 3 6 32 10 6 7 15 19 0 3 5 0 26 6 0 9 20 20 16 11 10 8 16 21 5 0 0 28 6 7 5 26 10 18 12 0 9 11 13 5 9 18 17 20 1 3 9 21 0 2 30 0.06 12 
173 308 344 99 44 107 169 111 42 53 108 156 87 42 58 90 169 104 60 53 113 155 116 47 54 75 172 98 47 50 87 145 115 57 56 80 183 104 58 51 90 154 93 41 43 114 186 83 43 49 106 185 90 49 57 89 153 98 41 198 0.04 8 
174 42 306 64 32 56 31 16 11 31 61 29 11 15 30 49 23 12 19 33 51 25 16 14 23 41 32 11 11 35 60 32 17 12 26 54 40 13 17 29 64 30 19 13 31 62 30 15 18 37 54 35 19 14 23 53 27 15 16 96 0.09 18 
175 89 243 144 24 38 101 47 21 22 46 88 52 27 26 53 68 47 22 19 40 98 49 26 27 42 86 46 22 23 45 85 57 27 22 47 93 38 23 24 35 76 54 24 27 44 74 60 19 25 45 69 52 21 26 60 84 43 19 192 0.06 12 
176 215 257 158 82 43 34 78 150 69 34 33 86 106 85 38 40 88 161 69 39 36 79 148 86 33 40 76 108 88 38 47 75 154 100 49 39 69 116 73 45 40 83 157 89 47 30 77 135 59 46 41 88 138 92 37 43 81 111 237 0.07 14 
177 249 277 189 70 35 37 63 104 77 30 35 49 133 51 36 30 70 96 50 34 31 53 111 51 25 33 66 101 59 36 26 70 134 69 34 28 65 95 57 26 29 61 89 55 30 36 60 97 56 33 26 58 93 53 34 34 61 126 252 0.05 10 
178 339 368 153 94 41 20 24 44 96 65 25 26 53 53 50 27 30 71 78 47 22 27 36 65 53 31 31 53 84 71 19 29 47 63 57 25 27 47 79 46 25 15 59 65 53 24 24 47 93 46 35 25 57 85 39 25 24 57 204 0.05 10 
179 233 274 91 43 103 163 91 41 47 106 160 90 38 37 80 177 87 43 51 107 147 71 38 53 75 171 89 39 46 80 161 74 36 44 87 140 103 45 50 98 146 88 49 42 108 176 109 54 37 81 152 107 55 42 92 155 87 47 182 0.04 8 
180 422 83 108 95 80 24 19 77 64 52 29 27 37 122 62 21 31 45 90 34 22 19 46 92 43 27 27 38 71 58 25 37 44 98 75 22 19 49 98 70 16 31 55 83 50 16 29 56 70 71 35 25 38 98 52 31 35 46 162 0.06 12 
181 184 66 123 22 24 55 85 52 26 24 35 78 53 18 21 42 75 53 21 14 53 76 50 26 30 40 55 29 25 20 47 101 32 23 17 36 76 40 23 26 47 67 42 18 19 48 64 40 15 18 36 74 30 21 30 43 77 61 164 0.09 18 
182 72 39 71 34 35 52 151 68 28 39 55 131 65 27 36 65 102 81 44 36 76 136 72 28 35 59 112 58 29 31 78 129 56 37 39 65 103 69 35 30 87 102 89 41 42 73 134 75 28 28 69 126 76 35 39 77 154 62 142 0.02 4 
183 444 282 108 38 56 54 15 19 43 60 22 18 11 44 58 37 24 23 36 92 31 13 18 35 63 40 11 21 40 86 17 14 27 33 64 36 14 18 34 49 34 17 23 57 51 19 14 19 44 80 33 15 11 38 74 30 21 19 144 0.07 14 
184 174 323 276 158 95 36 51 100 154 98 53 40 93 136 82 45 55 77 181 93 43 36 93 153 102 40 49 80 153 100 39 45 103 182 91 46 42 106 137 110 41 51 103 167 79 40 41 95 156 90 46 39 81 169 100 52 48 103 368 0.08 16 
185 213 371 156 142 86 41 45 82 136 83 39 35 94 134 89 33 32 90 135 62 37 46 66 121 73 33 43 80 133 66 42 32 64 160 81 38 43 73 105 72 35 42 77 137 76 43 41 95 117 82 36 34 85 136 75 30 50 77 234 0.06 12 
186 311 332 52 26 9 9 22 22 27 20 11 0 31 42 13 1 28 31 59 13 6 13 52 26 12 17 24 87 17 22 2 17 44 10 2 18 23 31 37 11 12 2 31 31 15 19 13 34 43 16 11 19 78 40 13 13 12 81 78 0.02 4 
187 349 168 54 3 13 35 7 11 13 25 41 11 10 5 33 37 12 13 25 4 43 0 2 13 28 40 12 5 2 2 29 28 12 14 18 31 18 21 12 2 22 30 0 16 10 13 31 14 27 12 81 7 20 14 13 11 18 9 72 0.07 14 
188 128 331 279 37 45 99 163 92 58 43 91 167 90 42 46 90 148 97 45 48 66 178 102 53 49 106 189 88 42 42 100 142 100 46 56 88 157 112 54 52 93 180 75 47 53 92 171 95 36 57 81 196 94 39 44 92 134 88 372 0.07 14 
189 389 418 132 19 43 76 39 25 17 45 77 37 27 21 38 66 46 18 24 50 79 43 26 22 45 75 39 24 23 45 90 44 27 20 40 66 45 23 19 42 90 48 20 17 35 71 43 24 22 40 74 38 20 19 43 70 49 19 176 0.03 6 
190 498 9 150 42 73 42 22 20 56 84 42 20 26 51 89 53 22 23 53 84 55 19 27 57 75 58 26 26 55 101 56 22 20 44 76 54 23 26 60 70 61 27 23 48 85 55 33 23 55 97 48 28 24 37 75 48 25 28 200 0.05 10 
191 444 143 90 46 49 57 21 14 43 59 47 20 23 39 77 38 19 19 40 59 53 17 31 51 46 60 20 31 45 81 47 21 28 50 76 39 22 20 48 39 65 31 19 28 78 39 22 16 36 51 50 22 22 44 66 37 19 25 135 0.06 12 
192 426 293 147 47 19 24 30 100 38 22 25 49 75 49 23 27 53 98 47 22 22 38 86 47 23 32 55 80 55 22 29 50 86 59 21 26 54 92 45 24 32 46 81 45 24 22 29 73 49 24 19 45 100 61 23 20 51 62 196 0.06 12 
193 353 83 64 38 19 12 28 48 33 16 13 33 49 25 15 14 32 61 37 17 11 37 46 33 18 14 29 58 31 13 19 34 55 27 15 17 30 61 34 12 15 24 57 29 13 16 30 52 36 16 18 35 43 37 11 12 28 48 96 0.06 12 
194 477 186 183 29 34 51 114 62 34 37 64 117 51 38 29 71 115 66 37 35 57 111 70 32 31 70 90 53 30 25 63 81 66 27 28 43 95 65 30 30 59 99 58 33 31 64 107 64 38 39 64 120 62 34 33 52 114 68 244 0.02 4 
195 20 36 51 12 0 6 43 5 2 22 18 8 0 4 10 6 35 18 10 9 16 12 7 9 9 14 24 36 10 7 13 3 17 8 4 30 24 12 5 15 0 18 7 9 7 8 33 9 7 14 12 23 30 5 4 7 38 49 68 0.04 8 
196 464 50 20 24 52 14 6 17 17 31 24 9 1 19 25 24 8 14 10 28 21 9 11 12 39 17 9 12 12 27 16 19 4 18 19 44 12 17 30 35 35 12 10 28 14 16 6 8 28 14 15 12 9 16 8 27 6 8 40 0.06 12 
197 72 48 95 117 38 56 80 137 96 35 47 119 162 94 41 41 107 149 82 46 58 104 152 95 53 56 116 140 89 43 36 103 169 85 48 37 97 172 99 47 50 84 159 105 42 46 82 155 75 49 49 87 154 99 43 43 98 127 190 0.08 16 
198 265 419 87 53 26 16 13 23 53 27 17 14 20 44 26 17 16 30 48 25 14 14 36 43 26 13 13 24 55 32 16 13 42 56 33 14 17 27 43 25 17 16 23 39 33 12 10 26 49 22 13 14 28 53 35 14 12 29 116 0.07 14 
199 3 250 222 62 101 72 33 38 79 121 69 34 39 49 133 75 40 33 82 122 62 35 32 62 118 77 40 41 86 135 62 33 39 92 143 67 36 30 67 130 66 35 32 63 112 73 32 41 73 141 63 41 28 63 115 82 40 31 296 0.04 8 
200 31 140 47 45 88 46 20 26 39 99 43 21 31 36 109 50 24 28 44 66 41 22 17 44 86 46 27 23 50 103 38 22 31 57 80 42 19 20 46 83 39 23 23 38 71 34 32 24 42 94 58 23 14 49 79 41 17 24 94 0.05 10 
