200 20 16440
0 17 12 34149 24593 24598 24597 24596 24598 24602 24606 24591 24596 24596 24600 24601 24601 24596 24597 24602 24602 24591 24601 24596 0.01
1 468 163 162 83 133 75 43 31 71 133 81 47 39 106 123 81 32 44 68 137 68 36 39 86 169 95 37 35 85 145 70 42 35 98 149 82 43 49 103 160 70 34 49 68 126 90 43 43 86 154 64 44 45 80 150 95 45 52 79 137 78 33 37 102 147 82 46 36 94 131 102 41 30 243 0.06 12 
2 396 124 279 44 125 204 77 47 42 74 188 79 49 50 77 167 113 41 47 103 168 101 38 49 107 169 73 45 51 93 171 108 44 43 104 127 98 56 56 72 152 94 47 42 67 137 124 54 56 111 163 81 40 46 114 169 82 43 45 69 169 112 42 41 66 133 86 46 39 81 162 67 48 372 0.05 10 
3 268 499 90 59 61 16 18 48 80 46 21 27 44 71 47 20 21 42 85 45 26 26 42 60 47 15 28 45 98 61 27 21 50 72 45 26 24 32 66 41 22 24 42 61 59 30 24 49 84 51 28 27 29 63 35 24 24 45 79 59 24 20 37 69 42 24 21 47 94 57 22 20 30 135 0.05 10 
4 413 355 104 94 46 23 30 59 85 51 23 26 44 83 47 29 20 51 79 47 25 19 67 95 54 24 26 37 97 40 29 27 50 63 60 25 26 54 76 48 24 14 37 92 54 22 26 45 99 36 29 33 66 111 55 34 20 62 121 57 19 25 55 87 54 24 20 67 98 48 23 33 56 156 0.02 4 
5 448 397 174 31 58 71 73 25 41 59 105 71 36 28 46 117 50 27 26 32 114 50 21 30 94 100 45 32 27 62 108 55 30 34 64 103 36 34 32 54 83 61 24 30 61 105 47 33 27 60 107 35 26 28 65 91 70 24 38 53 89 49 33 41 67 87 52 24 37 59 97 70 32 232 0.05 10 
6 275 242 54 6 17 34 29 11 12 22 37 20 13 7 24 39 13 11 9 27 25 23 8 15 23 22 18 12 10 15 15 9 8 9 12 19 16 9 10 22 34 11 12 9 15 31 21 8 9 16 16 18 4 7 9 30 16 8 9 19 22 17 6 9 29 30 18 4 10 22 11 15 6 72 0.04 8 
7 64 374 210 34 27 74 156 76 35 27 75 113 49 34 43 70 143 63 41 30 79 130 71 34 31 62 124 56 34 44 63 88 65 27 39 74 123 82 29 31 85 97 53 26 34 51 135 73 25 37 77 113 66 30 41 76 76 47 30 30 70 126 85 24 44 68 102 63 48 30 39 158 39 280 0.02 4 
8 287 479 10 12 11 6 4 7 19 10 6 5 9 19 6 5 4 8 14 10 5 4 13 12 10 3 3 11 22 6 6 3 12 14 6 4 6 6 14 8 5 4 8 20 13 5 6 12 21 10 3 3 13 15 13 3 5 11 18 11 5 2 11 16 7 4 3 7 24 14 6 5 7 20 0.09 18 
9 238 121 87 21 15 13 37 38 31 10 10 38 44 16 7 21 33 35 22 16 9 32 50 29 13 12 22 54 33 11 13 11 45 42 11 10 20 47 34 13 22 55 75 19 19 9 35 64 20 13 10 30 22 26 8 18 27 61 26 16 11 35 61 44 16 18 17 54 25 16 18 18 42 116 0.05 10 
10 92 196 184 107 43 37 99 178 98 53 52 82 152 112 41 50 70 153 89 37 42 79 140 120 40 48 91 124 74 54 43 123 162 90 51 58 70 149 92 35 44 75 121 99 50 47 78 155 90 46 52 93 198 118 57 35 115 140 91 48 48 81 137 75 39 45 112 174 88 40 42 82 159 276 0.08 16 
11 211 472 55 42 124 62 42 28 73 118 62 27 34 71 87 61 28 22 57 104 48 21 29 56 91 58 26 23 58 88 48 19 16 54 87 52 28 31 79 107 70 41 26 49 83 64 21 25 65 113 50 23 28 38 108 49 34 28 62 125 81 23 27 48 124 53 23 29 38 109 49 22 24 110 0.05 10 
12 201 252 186 23 72 85 65 28 39 55 112 59 28 23 56 112 61 37 32 56 107 53 16 46 44 72 61 31 25 70 125 59 30 27 64 121 75 23 21 53 79 54 23 23 63 82 42 33 34 81 117 59 43 33 55 89 71 37 35 62 125 60 21 34 55 93 58 41 32 70 164 71 24 248 0.07 14 
13 354 438 273 51 46 78 173 105 33 45 93 124 95 38 44 101 139 100 35 52 89 140 77 42 40 103 168 109 44 46 97 196 81 49 46 72 144 69 37 38 82 176 82 41 49 108 142 83 45 55 107 163 88 41 53 106 155 79 49 32 83 163 99 50 42 71 148 75 43 48 98 150 88 364 0.06 12 
14 1 98 172 40 76 161 80 36 39 100 129 77 40 50 89 157 92 44 41 77 178 89 40 34 75 161 96 47 43 78 181 97 41 45 87 136 100 49 45 88 168 75 36 50 74 126 77 40 39 84 140 80 47 36 71 128 94 34 35 87 133 98 51 47 103 145 62 43 47 103 151 95 52 258 0.04 8 
15 38 294 201 70 37 31 67 115 68 33 32 74 102 52 34 41 68 89 58 34 43 74 101 82 44 36 63 118 54 26 31 73 117 83 30 29 54 152 51 27 32 79 113 59 42 36 69 65 67 24 39 68 92 58 34 33 70 133 78 26 24 52 100 55 37 40 45 106 60 37 34 81 107 268 0.09 18 
16 448 162 174 197 109 48 40 94 173 78 36 53 106 132 94 36 36 76 134 98 39 29 100 136 73 33 44 80 143 79 39 37 86 132 79 39 54 61 163 91 40 48 81 180 67 38 37 82 163 78 50 34 74 164 79 38 54 94 154 79 44 39 108 137 89 40 43 82 139 68 50 37 68 261 0.05 10 
17 252 160 255 82 111 92 57 50 72 131 100 44 37 79 137 77 47 42 84 98 102 37 54 95 146 95 34 32 88 121 79 41 36 69 103 107 43 51 76 158 79 47 40 69 138 83 35 49 73 133 91 41 42 71 97 107 38 58 81 123 73 34 38 86 132 81 36 46 112 113 77 36 34 340 0.03 6 
18 238 344 201 103 75 42 36 56 100 59 41 31 57 108 71 39 36 63 117 58 30 30 60 114 68 38 33 75 118 77 29 32 88 121 51 39 38 72 98 68 27 38 72 111 80 36 36 55 99 51 27 36 72 122 69 35 33 65 127 68 32 39 65 111 56 37 42 67 111 67 39 37 66 268 0.09 18 
19 114 48 237 36 95 149 68 43 41 80 116 75 36 46 87 133 79 45 35 69 150 62 45 36 88 130 87 32 47 61 142 79 34 41 82 134 78 39 33 86 135 62 45 38 78 126 80 45 33 66 159 64 41 32 73 155 69 48 44 75 152 82 41 40 96 140 85 46 33 97 154 90 38 316 0.02 4 
20 234 175 78 19 12 14 25 47 28 16 14 28 41 22 16 16 36 61 19 14 13 25 34 22 13 11 28 48 25 12 13 23 46 32 11 11 21 43 26 9 12 19 53 24 13 12 22 52 20 12 14 28 51 29 13 11 25 51 25 11 9 22 42 27 14 13 30 41 25 13 18 29 38 104 0.02 4 
21 466 148 88 46 37 95 146 73 34 51 80 169 91 33 47 77 140 67 46 49 90 198 74 44 56 90 117 92 39 47 85 161 71 48 46 87 148 86 47 34 73 138 105 36 48 109 141 93 41 33 96 148 92 36 41 75 126 83 38 41 108 125 99 36 44 86 129 85 35 40 81 131 98 176 0.02 4 
22 63 229 273 84 161 78 52 51 90 130 85 50 36 79 119 85 37 47 109 139 97 49 39 75 146 93 53 53 87 165 92 50 43 76 179 71 39 52 93 135 113 53 54 106 167 73 39 38 91 165 85 40 45 80 127 84 43 53 108 131 82 44 44 107 152 83 39 48 99 157 75 41 47 364 0.02 4 
23 447 494 79 33 64 138 72 37 43 74 137 94 42 36 80 149 79 46 38 92 132 83 47 35 112 162 105 47 32 80 151 85 39 39 82 142 78 39 38 80 103 88 43 30 87 120 71 43 35 60 149 67 44 53 91 123 103 51 32 78 135 71 39 43 81 128 87 51 45 90 118 73 46 158 0.08 16 
24 424 268 87 127 94 40 33 107 158 77 49 53 73 165 85 39 47 76 141 73 50 37 79 117 83 48 41 90 151 94 40 31 76 116 71 45 32 88 125 103 53 46 81 176 89 48 40 87 155 63 39 37 92 174 71 53 50 115 140 76 37 38 84 155 86 45 46 90 153 79 58 40 89 174 0.07 14 
25 8 193 138 83 105 61 41 31 68 97 62 29 32 83 114 58 35 36 71 111 69 32 30 81 137 67 40 38 66 115 68 29 26 73 107 75 44 36 59 99 56 32 32 69 109 71 27 25 61 105 78 26 29 69 109 70 35 45 66 156 73 30 41 74 120 65 32 33 71 115 74 32 41 207 0.06 12 
26 452 164 112 33 36 54 88 49 21 32 57 98 66 25 27 41 77 59 29 27 48 104 45 33 27 56 81 52 31 30 40 99 50 29 25 45 82 65 36 29 59 83 46 27 29 58 100 48 32 38 55 86 64 28 30 63 97 60 22 23 44 95 59 24 33 65 99 64 26 26 49 108 57 168 0.08 16 
27 51 216 56 33 28 61 101 70 31 30 52 91 59 23 27 57 85 57 27 33 57 115 55 28 32 49 81 48 25 23 48 69 73 29 27 51 102 62 24 37 43 105 47 24 23 55 106 53 23 31 54 97 62 32 31 51 99 50 22 30 72 83 63 27 26 51 127 62 31 30 54 77 49 112 0.08 16 
28 53 385 108 26 22 51 91 46 24 24 46 83 53 21 23 40 94 49 25 21 60 97 50 25 28 51 96 45 22 25 50 83 45 29 26 62 79 37 26 28 44 101 56 23 22 62 78 68 24 23 68 107 51 22 30 47 98 42 21 26 49 79 47 32 28 62 99 46 31 30 45 87 46 162 0.07 14 
29 38 80 50 23 41 88 69 23 18 59 104 64 25 27 50 124 51 35 14 55 79 56 23 31 60 78 47 29 27 42 71 40 32 23 51 78 50 25 22 45 83 50 34 18 55 77 33 26 22 58 111 43 18 22 44 75 41 21 25 36 74 42 30 27 28 77 50 29 28 52 60 57 17 100 0.05 10 
30 280 498 36 8 6 13 24 13 2 3 11 18 15 7 3 17 17 27 3 6 5 27 6 7 2 20 20 22 7 4 9 19 21 11 7 12 17 12 13 5 26 17 18 8 4 6 31 8 2 5 8 14 6 8 0 15 20 7 6 7 11 33 13 9 5 17 12 14 4 4 7 16 9 48 0.04 8 
31 130 382 68 13 44 61 23 13 8 20 48 39 12 11 25 62 40 16 17 13 45 21 17 23 30 67 33 9 13 16 69 27 14 7 32 54 40 17 25 25 39 31 19 13 36 50 32 25 22 35 76 34 14 19 26 60 24 18 15 33 40 26 23 16 30 80 24 12 22 38 57 38 16 102 0.09 18 
32 182 245 25 24 10 9 17 41 29 17 11 27 42 23 14 16 25 42 21 9 17 19 33 28 10 10 30 52 30 11 10 18 40 23 17 12 25 40 25 10 8 20 40 20 12 15 22 35 28 10 9 35 43 20 14 11 28 41 25 13 12 19 40 22 18 15 32 49 26 14 14 26 50 50 0.03 6 
33 395 339 158 44 65 140 58 34 31 69 119 73 43 46 73 132 89 37 32 62 118 86 45 32 71 157 84 46 43 91 105 75 46 32 85 136 105 35 32 68 103 76 42 43 74 138 84 38 37 75 120 81 36 42 95 130 74 43 36 89 146 91 33 37 73 131 69 35 33 85 143 85 39 237 0.04 8 
34 447 175 186 57 79 47 33 41 43 79 47 41 33 48 93 49 42 37 55 111 125 34 36 64 130 62 28 31 75 114 72 27 29 47 101 50 51 23 53 110 45 25 26 66 92 56 44 42 71 107 50 29 28 56 113 95 30 26 64 89 98 33 38 68 109 64 33 31 41 109 49 26 39 248 0.09 18 
35 424 5 186 32 25 62 97 51 32 25 54 96 64 25 34 47 110 58 45 25 79 120 50 28 25 69 98 55 32 14 54 96 65 39 26 64 101 70 24 34 53 95 42 31 24 88 119 54 37 28 49 97 46 22 33 55 100 77 31 31 65 107 68 29 26 47 108 61 27 28 42 110 62 248 0.02 4 
36 183 220 73 42 84 125 75 38 37 93 129 69 40 31 97 118 64 33 36 67 115 81 43 37 77 93 60 39 41 70 126 64 38 45 68 150 66 48 31 81 134 90 31 39 71 120 79 43 36 80 136 72 36 26 67 141 90 31 31 78 134 78 35 31 78 128 98 42 38 96 95 91 42 146 0.03 6 
37 248 26 84 41 71 38 25 22 50 80 36 20 21 43 73 40 20 24 33 82 42 23 26 32 69 36 16 26 49 75 41 21 16 43 61 35 19 25 39 74 48 17 23 38 65 31 17 22 42 69 39 28 20 44 80 48 16 25 41 81 35 17 19 46 62 35 21 19 40 78 40 24 18 126 0.06 12 
38 181 334 70 61 39 36 59 117 70 28 40 71 135 57 34 32 82 143 83 42 39 66 105 83 28 42 67 116 68 30 43 57 96 59 35 27 68 147 87 32 39 53 96 74 27 26 81 99 78 32 29 56 110 53 25 37 78 128 68 43 44 50 110 81 39 25 83 142 72 39 44 82 141 140 0.06 12 
39 292 413 39 13 28 0 5 10 12 15 7 5 6 12 21 4 3 7 13 18 14 4 4 7 21 20 7 2 12 27 13 5 8 13 16 15 2 4 2 18 12 5 5 13 26 29 8 9 4 36 13 7 6 8 18 20 7 4 11 18 15 5 8 16 26 11 6 4 15 22 18 9 7 52 0.08 16 
40 299 474 66 31 23 15 4 21 34 24 8 14 17 37 21 14 13 16 25 30 10 14 13 28 25 9 11 23 29 17 8 10 11 22 16 6 10 22 41 23 8 9 12 31 30 10 16 25 23 17 7 11 21 55 18 7 8 23 41 29 9 6 23 31 31 12 9 18 44 21 11 9 10 88 0.05 10 
41 258 335 138 79 41 38 84 113 57 32 28 62 128 62 34 35 78 122 57 29 28 68 140 70 33 34 65 128 71 34 39 67 129 71 41 38 73 113 52 38 39 75 98 83 36 35 69 108 77 32 33 70 112 82 35 31 83 127 76 42 40 54 99 75 39 31 67 120 60 36 37 58 98 207 0.05 10 
42 111 296 240 36 32 85 159 96 46 45 72 133 69 44 38 66 94 71 47 37 72 119 104 38 42 82 124 100 47 47 65 138 80 39 36 75 164 65 39 42 82 134 65 43 39 70 147 90 35 36 63 121 75 36 39 74 114 74 52 37 88 148 90 34 40 85 125 67 48 36 65 150 58 320 0.05 10 
43 401 389 112 22 71 106 62 31 32 42 114 61 27 22 50 86 64 26 28 59 103 47 35 21 48 81 63 27 22 55 78 55 23 30 55 86 55 25 26 54 77 59 31 23 59 93 52 27 25 50 87 40 27 24 62 112 63 31 30 49 112 69 27 32 74 79 53 27 30 67 95 49 29 168 0.02 4 
44 195 442 78 19 46 81 36 19 15 32 66 48 18 20 37 61 45 21 15 42 59 32 18 20 41 59 44 20 16 34 72 34 19 20 43 73 43 18 15 39 73 38 17 15 32 68 31 22 15 37 75 41 17 18 36 61 44 15 21 40 67 32 17 22 31 56 36 23 23 35 77 32 22 117 0.03 6 
45 456 130 50 35 29 24 55 84 50 28 29 34 77 54 19 20 57 70 35 15 19 37 67 46 26 22 41 44 72 28 20 64 58 51 33 22 65 92 46 31 24 31 106 32 18 18 39 102 61 18 22 54 70 34 24 14 51 82 57 28 21 61 45 42 23 21 45 86 53 31 24 42 86 100 0.06 12 
46 224 373 106 64 24 29 55 84 43 20 25 63 106 48 21 28 64 100 43 25 28 52 99 43 28 24 53 88 59 25 25 57 75 45 28 29 50 85 46 30 24 52 85 49 25 30 66 99 41 24 29 57 79 51 26 27 44 88 48 27 24 40 77 59 26 29 53 96 48 27 27 45 82 159 0.02 4 
47 310 35 96 81 140 90 41 42 95 144 87 37 45 96 136 80 36 44 87 195 98 54 40 80 139 80 50 45 78 151 76 45 51 86 181 79 49 37 75 156 87 57 51 87 152 86 43 39 82 154 77 51 38 81 158 119 51 50 100 174 116 48 51 97 185 106 49 53 85 156 109 46 36 192 0.05 10 
48 271 252 58 15 36 13 23 11 17 21 71 35 12 19 38 64 29 20 17 22 71 28 16 6 34 34 34 14 14 26 69 23 9 12 39 71 42 13 14 18 70 31 13 18 35 74 42 5 14 25 39 22 16 22 36 37 27 10 15 22 46 25 18 18 21 55 30 13 7 33 49 32 21 87 0.02 4 
49 291 9 62 28 26 54 104 74 34 32 68 94 64 32 34 73 95 79 27 23 52 109 53 31 34 61 109 52 34 33 66 118 51 32 31 52 88 61 37 31 65 119 65 30 26 64 120 59 35 28 58 122 67 28 36 66 102 54 37 33 73 95 69 30 34 60 91 60 23 30 67 120 57 124 0.02 4 
50 469 412 195 28 26 59 111 53 37 32 69 120 58 26 39 73 92 63 34 29 71 97 41 26 29 60 110 68 28 31 64 125 89 31 34 56 112 71 26 33 58 97 55 31 29 68 122 56 29 37 72 115 59 34 24 61 124 66 36 34 61 124 60 31 28 72 107 71 35 32 70 101 64 260 0.07 14 
51 32 419 170 77 47 39 81 127 55 40 39 91 154 90 40 31 102 130 90 31 38 71 174 104 41 33 106 146 83 32 53 92 136 85 48 35 76 131 69 39 52 67 142 74 53 54 72 151 105 42 44 61 117 102 46 51 102 145 67 34 39 80 121 68 49 43 85 118 67 49 37 70 165 255 0.08 16 
52 189 107 22 13 15 23 25 18 8 8 27 59 21 5 11 20 32 22 11 6 20 33 28 14 12 21 41 15 5 11 20 38 21 8 9 24 40 19 11 8 26 37 24 14 9 28 50 19 13 12 18 41 22 6 18 19 55 27 9 10 22 29 26 4 17 26 41 25 11 12 33 23 28 44 0.07 14 
53 382 463 66 11 22 14 31 14 12 24 29 25 21 9 23 35 22 11 14 2 24 26 14 11 18 45 24 8 9 33 18 17 21 9 15 42 29 12 22 21 36 14 10 4 25 46 23 11 10 27 31 12 7 4 14 33 20 18 11 23 23 9 14 12 23 66 19 16 9 22 36 25 14 88 0.03 6 
54 205 229 207 69 101 59 39 32 71 91 66 31 27 72 113 67 29 39 83 100 53 38 33 55 129 68 44 40 76 105 57 26 34 74 135 67 30 33 76 135 85 39 37 74 112 67 28 30 68 106 71 35 36 74 98 60 31 38 61 117 68 34 36 71 110 58 34 33 51 98 67 30 33 276 0.09 18 
55 300 222 50 66 51 28 21 46 84 43 26 24 44 67 62 21 25 50 84 44 21 26 42 77 41 21 24 57 79 57 26 25 35 91 54 24 31 43 88 46 24 19 45 96 59 24 25 48 85 49 19 26 41 83 54 26 18 51 65 37 19 22 57 85 45 28 27 53 57 53 23 25 61 100 0.09 18 
56 256 377 29 33 11 19 23 24 30 16 16 21 74 23 12 22 28 50 19 6 9 24 64 32 8 10 20 42 27 11 17 30 49 24 14 11 20 56 28 14 16 32 52 33 9 10 28 52 33 16 15 25 50 38 14 14 15 62 31 8 8 27 58 46 19 13 24 40 24 13 19 31 46 58 0.04 8 
57 211 157 68 52 96 84 33 31 66 115 66 24 30 48 145 72 41 28 64 94 95 32 39 58 115 61 26 32 58 139 65 29 43 68 128 74 29 37 53 110 81 43 33 51 122 59 38 37 63 116 69 32 42 62 86 48 38 44 73 107 52 32 24 47 95 78 42 37 76 99 101 37 48 136 0.05 10 
58 374 120 94 37 89 176 110 41 50 73 201 87 62 41 86 158 101 45 41 92 137 95 40 47 91 181 98 53 42 83 135 82 60 52 85 148 89 49 49 106 197 111 45 59 93 149 108 28 51 117 143 120 40 43 97 140 77 39 55 97 162 114 44 42 94 151 84 43 58 101 137 78 36 188 0.02 4 
59 166 255 219 71 108 76 29 39 61 127 53 39 29 81 151 60 43 27 87 147 78 30 29 65 129 63 31 31 91 123 90 35 38 88 122 76 36 32 62 116 76 39 30 66 112 82 28 35 61 132 78 45 30 74 131 75 44 45 75 121 71 31 38 73 130 96 41 41 60 135 89 33 40 292 0.09 18 
60 308 29 249 78 40 36 73 144 110 51 39 86 134 84 39 52 72 124 77 55 50 70 134 80 40 44 89 132 54 40 37 66 121 69 38 41 82 179 67 45 52 92 165 105 41 46 84 125 78 41 35 57 146 80 36 44 76 118 78 34 35 107 126 94 38 50 68 187 96 46 31 78 148 332 0.08 16 
61 401 410 88 38 46 77 171 86 56 42 107 176 97 52 41 87 137 101 43 50 99 156 84 40 50 82 111 77 38 50 112 185 112 35 33 69 130 102 37 40 91 159 64 45 47 78 140 72 36 35 92 171 92 35 37 84 145 58 34 50 67 118 64 31 29 74 136 86 32 40 81 109 64 176 0.09 18 
62 383 300 75 11 27 31 12 15 31 25 40 10 11 27 25 16 2 6 20 38 47 8 12 34 18 14 15 18 39 46 28 8 15 38 10 28 13 14 22 48 25 5 13 28 43 20 16 19 28 46 30 10 8 35 46 37 2 14 17 18 31 9 14 12 36 9 13 18 20 43 33 20 13 100 0.09 18 
63 76 20 74 66 134 77 39 41 85 136 92 29 46 78 146 73 45 39 59 130 65 36 40 68 128 83 41 38 80 127 84 38 46 64 126 57 37 44 81 162 73 40 44 70 115 68 37 45 75 141 86 39 31 62 135 72 32 36 73 118 77 34 39 80 135 87 36 29 85 148 74 31 34 148 0.02 4 
64 44 233 132 71 151 64 28 42 76 99 58 35 33 56 139 68 32 29 63 83 58 26 33 55 96 66 32 46 58 107 61 34 42 59 80 66 35 36 62 116 86 25 36 75 110 54 29 35 84 160 50 30 37 51 125 78 24 31 61 130 64 31 32 50 105 68 39 26 55 87 59 21 26 198 0.02 4 
65 423 352 40 34 20 21 29 67 49 35 21 34 51 58 25 18 31 78 35 16 16 52 60 39 18 27 46 55 35 26 14 52 85 35 15 20 25 74 64 24 21 56 49 35 19 22 37 77 63 17 15 61 110 45 19 21 24 66 30 29 12 61 91 24 21 21 40 84 33 19 15 33 75 80 0.04 8 
66 358 378 64 38 56 30 15 12 36 53 22 16 14 43 56 31 18 17 36 49 27 14 18 38 42 36 10 17 27 65 24 15 19 27 65 40 13 13 29 37 33 21 15 30 54 42 12 13 28 41 30 17 22 22 56 28 13 14 25 57 35 15 14 32 59 29 13 17 34 47 30 15 16 96 0.05 10 
67 357 373 15 9 18 15 21 5 13 9 35 15 4 8 14 34 11 6 11 8 14 8 11 8 4 19 24 3 2 6 39 11 4 7 10 22 11 7 5 15 28 16 6 6 7 33 21 5 3 26 29 11 4 8 7 17 10 4 8 20 46 14 5 10 16 34 13 10 11 9 21 20 2 30 0.02 4 
68 437 368 255 37 38 99 178 72 50 43 66 128 89 44 50 100 162 71 35 52 96 170 75 39 45 69 131 83 50 40 74 142 58 49 48 82 133 67 48 38 98 159 89 43 36 91 117 109 46 46 93 127 102 39 44 116 178 63 47 46 93 156 63 34 40 90 127 72 45 39 95 159 90 340 0.05 10 
69 421 388 29 14 30 46 24 15 14 26 57 32 12 12 32 44 26 14 14 24 53 25 12 11 23 49 29 13 15 32 50 30 11 15 23 55 31 17 14 24 54 30 14 15 24 49 27 12 15 30 55 26 14 14 29 44 24 16 14 23 42 22 13 14 24 40 25 17 11 32 43 29 14 58 0.03 6 
70 465 444 48 26 38 99 49 25 23 41 103 25 26 19 41 50 60 19 26 32 63 58 26 29 35 56 57 14 20 34 104 41 24 22 35 105 47 20 13 49 82 56 22 28 60 70 37 20 31 48 80 48 11 23 57 87 61 30 13 40 86 30 26 33 70 99 44 18 15 58 75 29 18 96 0.09 18 
71 152 199 231 30 41 62 120 81 41 35 70 159 67 45 43 83 138 73 34 34 69 113 65 38 35 70 109 62 30 38 88 117 69 33 33 79 128 77 44 35 64 143 80 36 32 83 141 65 36 39 83 125 67 34 41 92 136 76 45 30 61 113 91 32 35 63 131 66 46 37 66 147 81 308 0.05 10 
72 388 458 132 35 38 60 132 62 29 36 60 138 69 35 40 73 115 76 27 32 74 140 62 28 37 55 118 66 33 37 52 99 62 32 43 62 117 63 30 34 70 116 70 31 34 67 121 58 40 24 61 113 56 35 35 66 111 56 30 41 68 113 50 33 43 64 121 60 30 36 62 104 52 198 0.05 10 
73 257 196 196 42 38 88 140 112 54 48 91 175 99 45 48 84 142 89 56 51 109 175 119 37 55 76 142 76 53 52 99 145 85 50 47 88 154 121 49 43 108 194 84 42 53 85 145 105 45 56 97 132 83 42 50 91 145 110 46 64 110 185 96 38 58 83 171 111 41 49 94 167 109 294 0.03 6 
74 60 103 84 47 84 127 86 37 52 98 147 98 51 32 75 131 100 39 43 80 131 91 39 50 88 132 87 46 40 88 155 95 40 55 78 151 70 51 40 89 152 69 39 30 70 158 90 39 41 58 149 69 41 37 94 150 81 47 45 79 133 64 46 35 86 116 98 44 40 66 131 71 29 168 0.06 12 
75 143 206 177 84 55 30 25 67 112 74 36 30 59 81 55 24 31 65 95 42 28 25 71 80 46 31 23 53 102 42 30 29 61 94 48 20 34 68 108 50 19 38 58 109 53 30 30 39 93 96 24 20 67 100 75 33 25 56 97 61 30 22 49 107 38 31 27 57 102 55 32 26 70 236 0.08 16 
76 36 178 194 125 154 118 44 57 94 138 117 43 50 84 164 83 47 51 112 183 98 44 48 93 177 88 45 46 113 186 104 47 41 97 150 107 53 38 104 183 111 58 40 83 169 103 42 39 73 149 104 40 43 90 161 74 41 42 95 180 97 51 53 84 145 78 40 54 86 176 91 40 44 291 0.03 6 
77 499 399 138 29 64 135 74 36 28 55 105 59 37 30 81 126 63 32 39 69 110 63 38 30 53 119 73 28 37 60 130 63 31 32 55 124 89 31 46 63 113 76 31 41 74 112 75 38 32 77 119 70 37 33 67 123 50 31 27 77 139 85 36 31 59 125 69 42 39 57 117 74 36 207 0.07 14 
78 337 313 20 11 0 10 12 13 12 4 5 4 0 4 8 3 18 20 14 5 7 3 10 4 4 9 12 26 17 14 11 6 27 9 3 9 13 31 16 7 2 10 26 4 0 9 0 30 7 0 5 7 28 11 4 7 5 28 7 4 0 12 14 9 5 4 13 13 11 3 9 14 0 30 0.09 18 
79 454 197 52 5 12 25 41 21 6 11 11 51 33 10 10 36 56 37 15 14 16 70 35 18 11 24 32 19 21 9 34 39 28 18 15 16 35 15 14 10 38 51 33 22 6 16 41 46 12 13 20 39 14 8 16 26 52 19 8 20 37 22 11 6 9 17 38 20 18 13 40 51 44 78 0.05 10 
80 373 16 237 134 66 40 46 77 116 71 49 42 77 115 90 35 34 70 143 87 40 42 85 122 82 45 33 74 120 93 43 43 88 146 93 31 34 87 148 90 31 37 87 121 63 34 41 96 127 63 29 36 64 149 66 33 30 82 139 70 39 44 60 144 86 44 39 81 158 93 37 33 74 316 0.03 6 
81 272 491 160 34 33 80 127 80 34 39 96 131 63 31 43 98 153 92 40 32 73 139 68 41 39 89 144 98 39 38 83 132 60 37 48 90 106 66 38 41 71 149 90 40 37 74 157 86 37 38 88 130 83 45 40 83 107 67 52 34 71 140 56 48 43 83 160 61 35 40 89 170 86 240 0.02 4 
82 294 328 132 49 19 23 38 80 38 24 22 45 78 41 22 22 43 80 41 22 22 48 77 50 24 26 38 77 42 23 23 42 72 39 19 27 47 69 53 18 19 46 85 42 23 22 47 81 45 21 24 38 91 40 24 23 48 91 37 24 21 50 65 38 25 20 57 81 44 19 24 48 82 176 0.03 6 
83 465 141 108 39 17 16 27 54 28 18 22 37 63 46 17 22 41 55 34 17 20 38 62 37 15 15 33 56 44 18 18 40 46 31 14 19 31 52 40 17 15 38 57 39 13 19 36 56 31 20 17 33 55 33 16 14 31 74 39 14 19 27 48 45 19 16 31 58 32 18 18 33 75 144 0.02 4 
84 372 409 80 51 34 60 155 82 42 46 69 145 66 42 42 107 142 85 35 36 82 102 54 27 34 87 161 97 53 30 65 114 74 28 42 70 98 93 37 44 79 144 74 42 52 70 126 86 36 62 74 138 76 43 34 72 163 90 36 42 91 142 75 35 37 73 127 71 44 39 72 133 70 160 0.03 6 
85 316 295 138 52 23 22 36 75 51 17 22 42 68 40 24 17 44 76 41 22 19 39 70 46 23 21 49 90 50 19 25 38 88 49 23 19 53 90 43 21 23 58 63 39 22 21 47 78 50 22 24 57 85 42 26 21 47 109 50 24 26 49 82 50 19 23 40 63 44 19 16 48 93 184 0.05 10 
86 192 390 153 47 25 29 54 89 48 28 22 48 89 45 19 19 45 58 49 26 29 34 111 52 26 27 49 70 53 24 22 45 103 33 21 19 54 92 27 27 30 53 72 47 28 21 46 81 53 27 16 63 67 56 32 32 68 105 49 18 20 36 72 53 23 21 48 101 42 23 26 47 98 204 0.05 10 
87 451 60 22 2 8 21 4 3 7 5 19 9 6 7 16 15 7 7 6 7 14 0 6 4 8 8 15 3 4 5 15 12 6 1 10 16 14 3 5 14 14 13 8 7 0 26 14 5 8 3 29 5 9 4 12 20 11 5 2 15 10 5 3 3 7 30 11 8 4 8 11 4 6 33 0.05 10 
88 488 307 138 40 17 19 50 77 46 20 28 57 58 48 16 21 36 70 29 17 18 68 92 46 27 35 32 58 60 27 15 52 67 57 18 9 71 66 59 19 47 17 92 35 26 25 47 64 41 16 22 50 74 39 25 14 50 78 48 25 23 34 60 55 30 19 33 96 29 15 32 47 38 184 0.06 12 
89 243 183 120 24 66 120 66 34 40 74 135 74 29 24 66 103 44 23 18 67 94 43 29 35 47 82 84 36 30 59 109 56 25 29 51 90 68 25 27 61 120 83 35 31 55 115 67 39 30 55 79 55 23 32 78 54 55 33 28 51 58 37 37 30 41 92 77 26 31 59 129 46 18 180 0.02 4 
90 93 385 26 35 11 6 2 17 17 17 8 7 7 3 16 2 10 9 25 15 0 5 10 16 9 11 2 11 20 19 4 7 19 19 5 5 9 14 12 2 4 8 2 13 10 12 7 11 20 7 9 6 14 27 7 7 10 19 31 26 6 8 6 24 10 9 0 17 25 5 7 6 12 39 0.04 8 
91 163 143 70 73 43 36 49 88 63 33 43 76 101 65 38 36 66 107 63 39 39 88 95 66 34 26 61 110 58 36 34 75 128 79 30 41 77 135 77 33 34 79 116 84 47 36 71 89 83 29 32 70 106 75 29 32 72 122 58 40 42 63 126 59 29 36 65 146 74 31 28 62 110 140 0.04 8 
92 474 65 71 37 39 66 134 83 27 32 75 100 58 33 39 57 107 82 30 30 78 96 58 31 29 86 114 66 41 33 75 108 73 37 37 79 135 65 32 29 65 134 75 33 37 58 105 81 37 30 57 140 82 33 31 74 100 64 30 41 77 109 71 30 34 70 110 68 34 41 80 147 57 142 0.06 12 
93 452 249 59 42 29 26 69 102 52 36 27 65 105 68 26 33 65 109 64 29 34 58 122 64 23 24 47 94 67 23 21 60 111 56 36 23 52 115 71 23 31 63 122 58 30 32 61 87 58 28 27 69 95 64 22 36 51 111 63 33 28 59 125 53 25 38 79 97 49 27 30 52 93 118 0.07 14 
94 323 359 201 74 89 64 36 41 89 144 68 32 38 72 108 69 26 38 68 122 67 28 28 67 120 69 28 31 65 99 55 38 24 53 105 60 35 29 86 106 73 38 37 45 115 70 29 43 88 104 79 31 26 54 112 76 26 26 65 120 73 29 34 39 80 76 28 38 77 115 54 30 31 268 0.09 18 
95 219 129 135 15 15 34 56 38 21 25 41 89 31 24 23 56 70 43 28 23 47 69 56 24 21 43 82 40 29 23 48 51 59 18 21 47 61 48 20 21 18 61 40 20 16 29 89 34 24 29 46 68 54 27 19 40 67 46 15 23 36 82 50 20 22 52 76 35 15 25 45 71 47 180 0.06 12 
96 159 398 84 29 55 67 46 22 18 51 63 36 17 19 33 85 42 18 17 30 74 45 18 18 34 63 51 23 15 44 87 53 23 26 59 84 41 27 15 36 66 57 22 22 50 71 39 24 16 44 83 59 26 21 66 72 36 18 17 40 69 37 20 24 44 59 40 21 17 45 50 27 28 126 0.09 18 
97 28 185 72 37 14 17 35 72 34 14 16 29 52 31 19 21 35 64 36 20 21 30 70 31 17 17 29 75 41 19 14 41 59 41 13 17 32 63 29 23 17 45 71 40 19 20 35 65 32 14 14 27 66 22 18 17 29 66 37 15 15 46 51 44 24 21 36 78 36 13 20 29 61 108 0.02 4 
98 366 439 147 27 18 54 89 54 22 23 38 83 54 20 24 45 108 55 21 27 50 104 40 23 19 54 97 49 25 20 42 98 45 25 21 50 78 48 20 27 40 73 60 19 20 54 73 54 19 23 53 66 49 21 26 45 77 52 27 24 46 84 43 30 20 44 76 41 20 28 37 81 58 196 0.04 8 
99 22 248 279 86 40 52 110 177 102 55 41 97 144 93 53 43 80 177 94 52 44 107 166 97 45 42 82 135 90 53 44 80 131 76 42 45 110 146 104 46 37 77 171 84 37 54 92 172 94 49 42 102 175 82 50 49 97 181 78 54 48 76 166 86 52 53 76 156 106 48 53 89 187 372 0.07 14 
100 334 230 10 3 4 2 16 6 2 3 11 18 8 5 3 12 17 16 5 4 13 1 7 6 4 15 10 10 6 3 8 26 3 4 2 16 29 16 7 3 14 25 13 6 4 2 20 11 1 7 8 20 9 4 7 10 13 13 3 3 10 9 11 4 3 8 31 14 4 3 7 20 12 20 0.08 16 
101 115 200 69 6 16 5 12 12 11 21 45 7 9 11 31 61 21 10 11 12 43 32 14 13 13 43 30 18 10 27 36 13 14 10 23 59 32 13 6 30 39 35 9 6 31 45 23 16 6 8 62 35 17 12 42 32 21 6 16 17 66 22 7 10 30 40 24 13 11 28 14 22 13 92 0.03 6 
102 88 106 264 78 48 48 86 154 93 45 48 80 127 65 51 43 107 136 92 55 51 68 161 93 46 44 94 119 102 55 42 100 141 101 47 32 95 154 79 48 34 93 136 90 43 54 102 163 112 33 40 81 176 99 35 34 93 183 92 39 50 92 144 73 53 37 64 156 68 44 38 84 153 352 0.07 14 
103 174 348 55 22 20 86 126 54 27 24 50 76 62 34 19 53 83 46 24 19 67 83 63 28 25 47 110 39 32 36 54 79 52 32 15 68 100 52 39 39 62 92 57 36 23 54 116 62 26 29 60 73 54 21 16 60 91 56 27 20 50 72 59 37 22 48 104 66 27 20 62 62 53 110 0.02 4 
104 343 210 246 42 90 133 101 36 36 79 110 81 36 48 78 130 94 49 39 95 130 65 39 45 98 127 88 36 37 84 119 70 29 49 82 156 83 40 45 94 146 95 42 31 91 143 81 45 36 77 111 71 42 53 103 141 99 34 52 83 157 81 34 28 101 120 99 44 47 94 133 68 38 328 0.08 16 
105 85 310 234 102 80 30 42 70 136 66 32 32 87 144 53 32 43 84 137 72 35 37 63 148 57 43 40 73 132 62 48 34 63 128 78 45 36 77 145 71 36 42 77 138 84 46 31 92 150 96 32 36 70 134 85 37 35 74 135 59 37 47 88 153 86 32 37 60 117 68 32 46 73 312 0.07 14 
106 251 184 67 56 120 76 26 29 83 120 60 30 34 60 128 76 39 28 58 142 51 26 35 66 114 84 24 41 63 148 69 24 28 75 114 82 34 40 84 95 74 29 39 79 115 59 32 25 69 116 73 32 37 58 121 73 32 26 82 91 78 29 34 53 118 82 32 25 70 102 54 33 29 134 0.08 16 
107 448 269 99 14 12 40 62 28 14 9 24 58 13 17 23 28 33 22 15 9 27 60 46 17 17 26 54 32 17 16 21 69 34 13 27 33 68 33 22 18 25 44 30 12 20 35 72 30 22 18 34 59 52 15 22 22 51 47 10 10 26 46 26 18 27 23 38 16 14 14 41 48 54 132 0.07 14 
108 160 482 114 30 39 19 20 52 86 36 18 22 38 59 45 21 15 67 100 28 21 19 29 75 25 17 29 48 26 44 19 28 24 44 12 20 28 34 67 41 5 14 48 79 50 11 21 32 53 45 21 14 36 58 40 16 22 41 48 54 17 21 56 49 26 20 19 30 66 42 26 15 30 152 0.04 8 
109 168 153 159 27 28 60 94 55 28 31 42 85 55 24 22 59 74 50 27 22 47 73 45 30 26 57 70 44 27 23 54 83 58 29 22 52 83 55 25 24 41 84 48 27 26 60 83 50 22 24 55 108 42 27 29 42 83 62 32 21 62 100 58 25 25 40 96 57 20 27 42 96 40 212 0.06 12 
110 34 146 114 77 96 47 29 33 61 110 48 28 29 57 89 75 23 36 74 87 59 30 21 73 80 50 20 26 47 119 56 27 35 81 102 67 23 32 73 72 51 22 28 72 107 75 22 35 34 104 35 25 26 46 113 56 23 28 44 88 88 37 30 47 85 62 30 26 69 125 50 18 23 171 0.02 4 
111 310 411 36 12 20 21 4 14 1 14 14 5 2 7 23 9 2 13 2 0 45 10 4 5 13 22 22 7 0 7 26 8 7 15 15 38 0 9 4 3 3 18 0 3 16 13 14 7 16 7 22 12 4 6 0 10 21 10 3 9 34 16 5 1 11 9 10 3 4 6 35 12 0 48 0.07 14 
112 496 336 26 5 22 13 50 16 7 11 20 53 15 0 9 22 70 11 19 15 1 46 40 23 15 34 48 44 15 16 29 39 19 18 22 57 38 36 10 4 35 33 41 15 14 23 40 27 12 19 17 41 28 17 8 26 43 32 19 17 11 58 19 10 20 36 69 24 15 12 24 35 23 52 0.06 12 
113 2 152 288 43 110 193 94 49 34 104 154 92 44 47 105 142 65 58 46 87 178 106 48 39 111 159 81 44 44 86 165 80 42 40 98 166 89 38 44 90 142 98 61 52 92 195 96 50 56 101 150 105 41 42 98 154 124 53 42 66 141 102 53 43 90 187 90 57 32 85 155 125 41 384 0.05 10 
114 238 8 70 80 32 31 71 108 63 30 36 53 98 58 36 43 61 153 64 39 30 79 116 53 40 35 72 96 84 41 38 63 124 62 38 37 73 139 67 35 37 64 105 66 38 29 51 139 63 36 34 57 101 68 35 33 73 129 51 30 34 62 140 73 32 35 66 125 80 30 32 72 130 140 0.03 6 
115 276 225 132 32 74 131 64 37 35 72 135 58 31 35 77 99 76 34 40 57 126 71 33 39 57 111 66 33 29 55 107 69 26 35 64 100 67 31 28 71 101 77 28 37 57 111 60 32 32 69 122 65 37 34 71 116 63 26 36 70 124 63 35 31 59 105 74 30 30 62 113 67 24 198 0.05 10 
116 159 345 168 23 65 104 59 21 30 51 83 64 25 30 44 75 48 28 25 55 81 56 32 26 60 106 65 36 28 60 87 54 26 20 51 110 72 20 23 48 114 49 36 27 50 83 67 27 28 51 102 54 31 28 73 103 44 28 30 59 83 60 25 24 57 103 67 27 29 49 85 52 29 224 0.07 14 
117 424 322 26 11 0 15 0 45 30 10 12 2 27 12 7 0 22 23 8 0 9 22 11 23 4 1 22 18 10 1 3 10 10 4 6 9 28 0 8 9 5 14 47 30 14 1 18 7 20 4 9 10 70 12 0 3 14 7 13 12 3 21 23 32 0 3 0 41 9 7 5 13 19 39 0.02 4 
118 355 356 74 16 21 40 48 39 21 19 42 64 35 19 16 35 70 30 17 23 34 61 33 17 18 42 65 40 17 16 33 58 46 22 19 38 64 30 17 20 35 71 40 20 13 36 54 37 21 17 39 64 39 15 16 30 42 37 24 20 32 75 44 15 18 36 68 34 15 24 34 63 39 111 0.07 14 
119 390 254 207 133 44 27 38 64 78 64 33 25 75 88 73 33 46 77 110 88 28 30 79 102 57 32 36 61 100 55 27 46 69 79 93 27 29 49 107 66 35 45 78 96 54 25 41 81 146 59 25 47 50 71 59 27 37 64 122 46 27 43 59 115 67 38 38 74 95 44 28 36 56 276 0.09 18 
120 302 274 162 85 45 35 26 70 117 54 32 27 44 89 43 30 25 49 106 43 18 27 47 100 57 22 22 58 71 64 31 30 47 119 51 27 31 47 100 53 33 24 53 77 45 35 31 69 97 47 28 29 46 111 53 27 24 40 83 58 24 32 34 95 49 36 20 60 76 54 26 32 42 216 0.07 14 
121 437 5 39 14 29 48 42 21 15 27 67 56 24 30 26 71 36 15 14 47 61 36 30 19 28 76 44 15 21 24 62 41 28 23 60 50 33 19 26 53 111 28 14 19 39 46 37 24 26 48 86 58 30 15 43 77 22 19 13 33 43 37 15 15 49 44 30 24 22 22 65 43 20 78 0.04 8 
122 340 407 132 16 22 33 74 38 28 17 37 67 42 25 22 36 92 50 18 22 36 64 37 17 19 63 69 50 15 26 32 70 40 22 21 30 78 42 25 22 31 75 43 27 19 54 95 56 17 22 45 84 50 25 29 61 106 40 21 24 37 82 56 23 26 59 69 32 22 22 42 76 49 176 0.09 18 
123 138 78 162 80 34 43 100 157 78 33 35 97 133 73 35 39 78 151 90 42 50 84 156 69 40 31 83 158 66 48 32 78 143 76 46 38 69 153 91 36 45 65 115 74 45 41 93 148 67 41 44 69 153 91 43 40 96 147 89 46 46 79 126 76 45 39 93 141 81 43 34 77 151 243 0.03 6 
124 305 19 38 29 17 13 6 25 34 23 7 7 22 38 19 9 6 19 23 19 10 3 11 35 14 8 12 16 35 15 6 17 17 26 26 5 6 20 38 7 5 16 20 32 22 6 6 7 33 25 7 14 20 41 24 7 13 15 36 19 7 9 12 37 21 13 11 22 27 26 8 8 2 57 0.04 8 
125 498 231 100 52 103 157 115 48 60 81 176 107 53 39 116 142 92 49 51 112 148 119 44 56 77 163 79 52 59 82 170 93 44 48 90 182 97 45 59 114 161 98 55 42 84 191 99 45 52 99 161 113 47 46 86 174 88 54 44 122 187 93 61 47 79 204 123 48 50 81 186 109 59 200 0.04 8 
126 408 308 58 27 29 51 74 49 31 23 59 85 68 26 25 59 106 60 28 27 54 77 54 32 33 60 107 57 35 27 50 124 49 28 35 69 87 38 32 29 63 90 68 27 34 53 80 62 25 31 50 119 56 32 29 71 73 54 32 23 59 98 56 24 27 66 85 57 26 30 59 118 44 116 0.02 4 
127 315 293 156 19 22 58 76 56 32 26 55 87 52 19 23 60 87 46 32 24 58 93 56 23 26 43 101 61 32 25 55 101 46 31 26 52 91 56 20 24 45 99 61 24 31 43 108 52 23 30 44 82 60 22 23 55 102 59 24 24 57 71 49 25 26 42 72 57 20 27 59 81 57 208 0.04 8 
128 418 333 29 20 16 14 32 47 25 11 14 25 39 32 12 12 28 43 36 11 21 40 58 31 19 17 29 22 32 9 9 20 41 23 16 6 27 61 47 13 11 54 47 24 9 11 25 46 32 12 13 35 46 20 16 11 27 35 33 10 23 32 60 37 19 11 40 57 27 11 16 25 27 58 0.06 12 
129 312 403 15 7 0 3 28 27 10 6 0 22 18 4 5 17 26 16 7 3 9 0 2 7 3 14 10 10 8 12 0 0 16 13 20 6 24 17 7 8 24 56 26 9 1 15 22 12 4 3 25 42 0 5 11 28 29 32 10 6 13 21 14 13 3 8 24 0 2 5 3 23 11 30 0.02 4 
130 425 445 58 35 29 11 19 16 39 44 12 13 29 40 35 10 17 23 41 39 12 13 35 48 35 11 17 22 37 33 14 13 48 45 47 13 15 27 64 27 5 13 15 62 33 13 16 33 59 15 17 25 49 51 31 10 12 36 43 32 15 6 22 64 7 15 17 22 74 21 15 16 27 87 0.08 16 
131 222 212 192 175 75 50 51 98 168 108 59 52 104 186 71 47 49 101 146 105 39 47 93 153 104 37 54 82 173 109 58 46 88 140 105 38 46 95 175 89 49 42 105 177 111 45 50 102 141 90 47 60 110 161 79 51 37 87 146 87 53 56 104 140 83 38 38 94 180 85 40 44 96 288 0.08 16 
132 399 282 90 95 48 21 22 51 80 34 20 23 31 62 34 19 20 39 65 47 21 26 35 62 51 21 28 42 71 41 20 25 37 76 58 19 18 57 99 51 22 17 50 86 38 29 18 46 74 43 21 24 40 82 44 13 22 49 88 37 21 20 53 68 53 20 20 45 85 38 21 18 53 135 0.08 16 
133 17 140 264 148 80 45 51 80 137 103 47 40 93 161 88 36 47 94 152 87 39 39 68 114 94 35 49 78 152 86 35 36 93 130 75 54 32 100 115 74 36 49 109 138 98 35 45 96 148 100 50 46 105 150 111 46 36 71 189 107 38 36 86 171 78 36 34 68 125 112 48 44 104 352 0.09 18 
134 61 390 166 44 34 76 128 73 41 48 79 127 85 47 45 96 160 86 42 43 73 114 72 45 40 78 148 74 40 34 68 130 69 43 44 87 142 75 40 41 94 154 70 47 38 74 129 87 52 46 90 154 96 52 34 76 120 63 39 40 92 133 67 45 48 68 149 69 44 40 85 158 95 249 0.07 14 
135 196 17 24 7 0 14 0 7 7 7 12 25 0 13 15 0 5 9 6 33 0 19 3 0 7 2 18 6 0 14 29 12 5 0 13 37 22 0 6 9 35 0 0 5 24 15 16 0 2 2 15 1 1 21 22 22 13 4 12 17 38 19 4 16 0 8 18 1 2 4 0 9 6 36 0.09 18 
136 81 259 196 114 56 51 103 176 100 45 41 78 184 76 51 39 92 170 90 51 46 82 196 106 58 43 116 145 116 52 58 86 163 97 46 45 109 152 88 56 45 105 164 99 58 47 102 197 76 41 45 95 178 88 51 38 96 190 97 40 45 82 189 114 43 56 96 162 97 51 56 88 163 294 0.05 10 
137 211 444 99 20 29 60 34 19 18 22 52 31 15 10 34 63 20 17 17 36 59 24 13 13 28 44 22 16 17 43 48 26 23 19 28 54 33 16 15 26 58 32 20 15 26 57 31 18 13 39 67 38 9 13 31 79 40 11 14 25 49 35 18 22 33 51 42 17 18 34 49 39 12 132 0.03 6 
138 256 254 213 38 34 56 135 39 34 31 72 149 57 30 32 79 133 80 27 34 49 129 56 35 34 87 103 88 38 37 72 117 58 31 30 60 148 85 30 22 75 90 79 49 36 69 116 86 29 49 66 108 76 44 39 80 102 54 30 36 97 111 78 42 45 70 103 58 40 37 88 83 57 284 0.06 12 
139 108 150 18 35 14 9 8 17 27 19 8 10 14 28 17 6 6 15 32 23 9 10 18 31 19 6 9 20 29 14 8 10 13 33 24 8 9 17 26 24 8 10 23 19 20 10 8 21 30 21 9 9 16 35 16 8 7 15 30 16 7 12 20 25 20 9 9 18 25 13 6 5 19 36 0.04 8 
140 302 198 144 20 56 109 55 16 27 48 69 49 20 19 43 69 44 25 24 54 90 53 26 28 35 78 60 21 21 37 93 36 20 24 58 64 38 31 27 64 80 42 22 29 47 92 62 26 29 62 81 40 25 28 54 94 46 28 19 51 64 40 26 20 44 80 47 19 25 47 71 57 31 192 0.04 8 
141 41 230 195 37 32 74 90 59 28 33 57 110 62 34 31 56 102 55 26 35 66 122 64 36 30 65 125 61 36 34 78 97 63 28 37 54 99 70 36 38 69 95 73 32 28 74 111 78 32 29 81 93 72 27 26 55 105 65 39 33 56 105 62 31 34 60 116 65 34 28 63 120 55 260 0.02 4 
142 443 82 273 46 54 74 133 69 40 50 95 127 82 44 45 78 171 84 49 49 87 141 70 57 40 83 160 82 47 42 107 126 106 42 32 105 152 85 42 33 120 97 96 46 32 107 151 97 48 41 84 153 114 33 47 95 160 86 53 34 92 132 80 41 39 116 156 86 52 43 87 152 73 364 0.05 10 
143 25 118 258 142 84 38 39 84 144 94 42 33 105 116 95 50 41 73 169 70 44 39 95 136 95 43 43 86 164 86 36 32 68 156 102 50 46 80 181 75 35 47 77 165 92 34 42 89 157 84 43 39 88 137 78 52 46 84 143 80 52 48 79 144 89 54 46 95 139 86 39 45 88 344 0.08 16 
144 11 341 234 31 65 137 71 34 33 78 142 69 38 40 86 124 85 44 42 64 123 79 30 48 87 111 80 36 42 73 133 94 45 39 74 126 91 48 33 88 136 82 46 38 78 147 84 33 32 74 142 72 40 40 72 145 74 41 37 75 153 68 43 40 100 139 62 36 45 65 122 75 33 312 0.08 16 
145 26 416 300 187 94 54 39 77 146 107 59 44 109 151 113 59 45 115 173 80 41 39 86 161 106 56 53 87 173 97 46 42 70 205 122 47 48 86 199 122 45 54 92 152 123 54 44 93 159 87 47 54 81 194 82 54 41 96 143 111 45 47 82 164 85 54 48 103 148 92 39 49 108 400 0.08 16 
146 475 444 128 126 72 33 37 52 102 63 28 32 57 119 63 32 33 58 111 51 38 36 61 135 51 24 35 67 92 60 42 29 72 110 53 33 34 64 98 63 31 32 68 109 73 33 38 65 99 65 40 31 75 126 66 33 28 52 119 71 39 25 69 120 70 28 31 46 99 78 31 32 67 192 0.05 10 
147 158 263 36 11 11 18 53 29 6 9 22 9 15 7 9 22 23 29 5 4 24 49 14 7 11 25 33 15 8 3 16 57 10 7 11 7 8 12 12 6 22 61 19 10 6 12 40 6 7 6 19 9 25 9 7 9 15 7 6 11 2 28 22 10 1 15 41 19 5 10 12 13 17 54 0.07 14 
148 497 358 88 17 41 72 35 21 23 38 69 38 21 24 50 73 45 19 24 54 91 38 20 21 47 80 44 24 28 41 68 44 18 22 44 60 48 23 23 48 63 50 21 20 48 71 47 19 22 44 75 46 22 25 37 74 44 20 25 46 86 41 18 16 46 83 54 21 17 41 72 50 20 132 0.03 6 
149 246 350 76 27 16 18 30 52 37 20 18 36 72 30 17 15 31 78 33 15 16 35 64 40 16 18 39 75 38 15 19 43 71 40 18 17 44 76 32 19 19 34 69 31 18 18 29 59 43 16 21 36 61 33 20 16 43 60 39 19 18 32 66 44 21 17 45 60 38 20 22 39 66 114 0.09 18 
150 216 89 22 16 33 20 12 7 27 44 30 10 14 25 30 22 14 6 15 27 23 11 15 18 69 27 12 5 13 42 22 4 13 22 73 13 5 11 15 41 20 14 13 24 48 27 7 9 33 23 18 12 13 26 14 21 10 5 18 35 30 14 13 38 18 29 13 14 20 20 35 10 4 44 0.03 6 
151 83 148 90 41 16 15 36 63 23 6 16 44 23 14 11 12 24 77 32 17 13 44 51 32 13 9 29 44 13 20 12 25 80 52 5 18 51 55 29 13 10 22 46 35 9 18 23 61 33 14 13 49 79 22 5 17 13 49 0 18 16 24 55 27 11 14 28 58 14 15 16 45 64 120 0.08 16 
152 461 146 91 39 42 71 144 85 53 44 91 157 81 36 48 99 132 85 47 44 75 155 91 46 45 79 132 84 51 49 99 153 78 42 40 96 144 73 35 42 90 129 99 43 47 85 159 67 43 49 94 171 87 39 46 79 163 81 45 41 94 174 117 39 48 71 189 112 46 48 83 172 94 182 0.05 10 
153 9 273 102 26 29 35 91 77 18 30 56 60 53 14 27 29 91 45 31 27 54 53 70 36 18 57 81 46 28 31 62 65 41 24 30 52 63 54 26 23 40 87 57 20 29 71 94 52 34 17 67 56 59 19 24 72 96 51 14 26 65 96 58 31 34 51 57 51 22 18 35 56 69 153 0.05 10 
154 167 247 159 46 30 23 48 91 48 27 31 53 101 58 20 25 56 88 50 23 31 63 94 53 30 29 69 94 55 27 23 49 96 61 32 24 42 96 44 30 23 54 87 50 22 29 50 104 44 25 23 47 105 56 24 25 49 91 51 20 27 58 88 53 23 28 52 99 56 31 22 41 74 212 0.04 8 
155 165 231 110 32 56 85 53 24 27 43 92 59 31 27 63 104 62 27 22 45 87 57 23 23 47 80 57 28 22 46 95 58 29 32 44 79 45 27 33 64 87 57 25 28 44 89 47 22 31 55 90 51 27 22 64 79 60 33 31 65 97 60 30 28 50 87 60 27 26 56 96 59 23 165 0.03 6 
156 263 357 74 38 67 119 93 43 38 59 159 80 32 29 71 136 66 34 34 85 133 66 36 43 68 137 72 41 41 69 111 83 32 34 87 115 80 39 34 64 100 68 36 39 59 127 78 43 40 66 108 85 43 31 70 110 60 36 40 94 129 73 37 32 90 118 85 47 37 80 157 75 30 148 0.02 4 
157 398 281 64 133 66 31 26 51 127 53 28 34 56 97 66 33 22 65 88 56 21 27 67 84 58 34 29 70 115 59 27 30 57 127 59 33 32 52 104 59 32 29 63 121 73 28 33 78 135 59 36 26 76 89 50 28 35 71 116 76 35 37 52 106 61 23 26 67 89 67 48 36 55 128 0.03 6 
158 393 464 88 29 45 67 37 17 23 34 83 36 25 23 48 72 47 22 17 38 89 40 23 22 40 81 50 22 18 38 77 40 18 19 41 85 45 26 18 49 67 51 23 18 38 69 32 18 17 40 69 40 22 20 51 74 53 24 23 53 56 46 26 23 51 77 47 18 21 38 69 53 18 132 0.03 6 
159 65 252 210 77 116 71 35 37 69 121 68 30 26 67 133 63 29 27 67 142 66 42 35 72 140 75 37 38 72 104 72 33 29 57 125 74 32 31 66 123 78 33 28 59 97 68 44 29 74 117 57 34 24 62 119 67 41 37 75 137 83 30 33 87 106 77 33 39 77 116 70 28 36 280 0.08 16 
160 41 49 34 22 32 14 6 12 16 36 6 11 14 19 26 23 7 14 23 39 18 9 5 27 32 16 7 13 2 43 19 14 11 24 23 17 15 13 5 31 20 17 6 25 40 14 6 17 24 35 23 13 7 24 29 13 7 7 24 17 16 4 8 27 26 26 3 13 22 44 21 9 13 51 0.08 16 
161 415 324 188 38 56 88 180 82 47 46 92 183 78 52 41 107 156 99 48 50 90 136 80 48 44 75 167 109 50 39 89 165 79 43 37 83 142 84 41 43 105 133 112 52 38 113 150 115 38 48 94 166 97 39 54 92 163 73 37 51 99 176 72 47 51 81 155 108 42 44 81 161 96 282 0.04 8 
162 289 292 300 47 66 72 153 93 56 58 119 192 109 55 49 88 212 101 44 46 89 157 108 43 54 100 167 117 43 59 88 135 99 42 49 79 174 94 50 60 109 133 99 45 53 74 214 111 44 51 109 156 108 61 39 96 151 93 48 49 105 209 89 50 52 100 138 109 53 49 100 213 105 400 0.02 4 
163 34 336 32 32 19 17 31 51 30 19 11 27 50 34 19 12 30 48 33 13 17 39 58 34 16 15 30 60 34 16 20 27 50 32 17 14 24 55 28 13 13 27 72 36 16 17 33 54 27 14 14 36 46 34 18 14 34 50 30 17 18 33 48 32 16 16 29 51 32 17 17 29 52 64 0.02 4 
164 476 349 30 22 5 5 6 15 13 5 5 20 28 16 13 8 14 14 23 10 8 27 37 22 11 9 31 14 12 6 10 16 19 18 1 7 15 41 22 5 7 17 17 12 6 9 17 44 4 10 1 19 3 15 1 13 5 12 13 4 3 22 30 8 10 5 13 23 20 5 9 15 16 45 0.03 6 
165 404 495 102 52 74 57 24 22 36 84 50 28 23 44 88 48 24 26 51 93 44 25 29 58 91 52 21 28 49 88 55 24 32 50 74 37 23 27 44 91 46 24 28 44 86 50 26 22 45 85 60 25 28 44 92 50 21 20 50 104 40 24 29 44 100 37 27 29 50 83 52 29 23 153 0.04 8 
166 254 496 73 77 43 41 64 152 77 36 32 83 101 68 47 39 76 101 68 54 27 57 99 51 46 29 91 156 68 26 32 80 114 58 33 35 59 115 49 32 34 99 148 85 36 37 72 123 53 42 40 85 95 71 33 48 88 110 72 30 34 48 131 85 38 38 60 118 71 51 41 70 115 146 0.09 18 
167 445 369 122 97 74 36 24 61 78 46 24 29 64 106 75 23 27 58 68 61 29 26 55 85 53 41 38 71 120 60 33 22 50 104 58 25 33 50 87 72 33 36 65 128 55 32 39 79 94 81 33 20 53 95 45 33 37 59 97 43 26 31 65 104 63 43 19 83 91 66 29 42 76 183 0.07 14 
168 296 107 116 54 100 60 24 23 65 112 56 19 30 52 63 82 23 26 40 86 51 34 28 49 110 48 28 39 64 103 55 31 28 51 89 51 34 38 47 104 49 25 34 60 89 82 29 29 63 95 63 19 34 44 109 57 31 35 64 126 59 17 39 45 94 60 26 19 54 79 63 19 23 174 0.05 10 
169 495 329 201 102 64 35 35 79 119 63 30 36 58 131 54 39 32 67 105 67 27 29 70 125 54 27 35 67 118 65 37 24 74 123 75 34 34 78 111 76 29 36 56 119 55 25 41 66 103 75 29 33 67 91 71 35 26 57 108 71 41 37 56 105 83 40 36 56 97 56 38 30 84 268 0.09 18 
170 85 177 72 16 24 54 23 22 8 25 46 27 3 16 1 33 27 23 12 22 10 7 5 8 21 8 15 15 0 29 75 19 8 15 26 51 34 12 6 22 20 36 1 1 29 12 29 9 18 32 38 29 22 21 30 65 23 4 20 6 21 30 5 4 14 20 17 2 3 7 61 26 16 96 0.08 16 
171 321 409 40 46 18 18 38 67 44 24 21 35 75 39 20 18 47 70 34 23 19 38 67 43 22 21 49 80 41 21 20 34 61 39 18 19 43 64 49 20 17 34 65 42 16 16 40 64 43 21 20 36 67 42 20 18 45 60 32 18 23 44 69 37 18 15 33 56 45 22 16 40 66 80 0.02 4 
172 380 243 49 23 23 52 82 40 25 20 45 77 53 24 24 61 76 49 28 21 43 86 55 25 21 43 81 51 22 29 42 87 51 22 25 53 100 48 27 28 39 71 49 22 27 54 84 42 26 27 42 93 41 22 21 46 77 45 29 26 40 76 49 30 30 47 84 46 27 19 39 85 44 98 0.03 6 
173 244 466 24 6 7 11 18 8 6 7 8 28 10 5 5 10 14 17 7 5 12 16 13 5 5 10 23 9 4 5 14 15 15 8 5 13 19 11 6 6 9 21 10 3 5 13 17 12 7 5 18 23 9 6 6 13 23 12 6 5 16 22 16 6 8 17 18 12 6 5 14 19 6 36 0.08 16 
174 286 36 57 111 60 27 33 67 85 52 21 28 48 102 47 26 24 52 86 51 24 24 47 83 64 33 23 60 86 63 30 33 63 77 59 32 29 55 77 54 32 30 52 105 59 31 30 61 91 45 28 31 52 111 48 31 30 54 110 52 28 34 68 92 48 28 29 49 84 54 30 29 45 114 0.03 6 
175 199 106 69 13 25 46 16 11 7 14 15 24 7 4 24 48 26 15 3 18 19 17 11 6 38 55 21 11 12 21 41 21 6 10 21 41 18 12 10 25 15 26 9 11 33 49 13 21 20 14 28 5 14 12 42 47 22 7 12 24 37 23 15 13 27 37 19 19 7 29 12 16 8 92 0.05 10 
176 70 340 222 151 75 38 37 76 134 59 28 37 67 111 80 37 36 75 111 80 27 36 89 135 59 26 31 56 133 75 45 40 88 101 88 29 36 81 118 68 33 31 79 112 72 43 33 73 129 62 33 37 59 112 77 38 32 86 151 63 35 32 66 133 60 34 35 59 146 84 41 40 83 296 0.02 4 
177 399 344 198 37 34 73 97 87 29 27 56 129 63 30 25 67 98 53 32 33 69 98 79 37 38 77 106 56 31 32 82 94 64 26 33 60 108 56 35 39 61 103 69 30 39 71 104 56 31 30 71 104 57 34 39 78 122 78 30 31 76 108 55 36 34 57 112 52 38 41 53 96 77 264 0.09 18 
178 56 267 69 79 114 75 30 41 79 121 75 35 37 66 120 75 36 39 62 106 73 29 39 82 106 60 26 33 57 139 66 30 34 62 88 62 35 31 65 97 63 34 32 69 152 78 28 35 79 125 79 39 39 74 120 79 37 37 63 111 80 38 35 62 102 93 38 30 73 108 63 32 30 138 0.06 12 
179 418 494 32 12 13 23 12 57 24 16 17 32 48 23 16 18 42 60 38 8 18 67 49 38 17 20 26 83 21 6 15 30 55 24 13 11 25 43 37 19 17 32 58 19 20 11 26 58 35 9 18 20 49 30 13 14 25 65 17 18 24 27 25 33 15 21 21 50 15 20 15 20 60 64 0.05 10 
180 294 9 162 55 40 43 84 129 72 43 30 94 116 71 32 49 104 128 88 41 49 107 116 95 40 33 85 126 67 34 43 83 139 71 44 45 71 126 68 31 39 66 116 70 41 41 90 122 93 37 35 53 122 63 47 40 97 115 59 41 37 66 128 96 51 40 70 120 73 42 42 96 157 243 0.03 6 
181 305 188 20 30 18 10 7 15 40 12 12 8 16 31 19 10 12 16 35 14 7 7 14 38 17 10 12 20 31 18 9 10 25 31 22 13 9 16 32 18 11 6 20 31 9 8 6 23 30 21 14 5 35 27 14 11 11 17 37 15 10 12 18 40 21 9 5 16 27 18 14 12 23 40 0.08 16 
182 336 245 92 98 143 99 37 43 91 146 76 47 47 87 150 82 47 45 113 136 98 35 47 92 148 87 51 53 91 166 82 52 37 96 141 77 44 40 101 159 90 40 44 98 154 99 47 51 109 162 68 34 38 73 151 77 47 45 112 165 97 44 46 88 136 86 38 45 109 184 99 45 50 184 0.03 6 
183 194 349 183 88 71 23 38 67 114 75 32 32 44 115 52 30 29 70 76 56 19 23 71 106 74 28 22 53 104 68 26 31 48 94 51 32 38 59 105 43 33 23 58 90 67 35 29 54 90 44 33 37 74 113 87 29 27 57 131 54 29 23 66 106 46 36 33 59 79 46 26 34 56 244 0.03 6 
184 347 135 219 62 35 31 67 115 80 41 30 63 111 72 32 42 81 115 85 32 30 75 144 89 34 31 80 111 77 35 34 84 122 74 43 36 62 145 87 37 38 77 121 80 42 42 58 120 74 29 31 70 120 56 33 29 63 110 67 40 33 87 98 87 29 44 65 131 78 29 40 68 120 292 0.08 16 
185 34 7 120 95 51 23 22 41 64 48 22 18 36 51 42 22 20 24 77 41 24 19 36 68 17 28 18 37 74 43 22 17 33 76 41 21 13 40 66 40 21 14 34 91 41 25 16 56 74 46 17 16 46 53 28 16 19 36 76 56 25 17 41 71 36 15 17 32 70 38 17 21 36 160 0.06 12 
186 103 167 52 52 27 22 45 96 40 31 32 49 120 41 26 21 36 85 41 34 30 72 95 62 37 30 83 76 60 33 16 56 66 53 23 28 45 83 50 27 27 39 75 35 21 19 73 97 54 17 30 73 88 49 30 18 52 90 60 31 28 63 72 37 21 30 51 75 42 26 14 45 83 104 0.05 10 
187 349 184 83 71 130 74 38 41 79 129 98 47 36 81 168 78 43 38 69 109 87 42 41 78 104 85 46 49 67 158 76 38 45 74 200 63 40 41 70 121 86 51 38 87 110 63 39 38 90 147 71 35 49 69 138 92 46 50 51 152 74 40 45 73 139 85 48 37 86 107 68 35 32 166 0.05 10 
188 100 176 88 36 22 26 44 80 43 23 18 36 70 45 21 24 39 70 36 22 18 39 65 36 18 20 46 69 37 22 18 32 66 45 20 27 39 86 43 20 21 41 80 45 18 22 39 77 55 25 19 35 60 44 22 25 43 87 49 24 19 43 70 40 20 23 49 86 52 17 24 48 86 132 0.05 10 
189 479 421 36 1 24 23 17 2 3 0 13 15 14 0 18 11 41 5 0 14 0 13 10 5 0 39 7 11 8 9 1 9 6 0 1 0 19 5 4 12 18 0 11 8 15 26 17 4 1 0 21 17 7 16 26 13 13 4 4 27 41 29 3 9 5 20 0 0 4 4 0 24 15 48 0.03 6 
190 67 214 22 14 7 4 10 22 22 2 3 14 18 10 7 4 11 14 11 2 9 10 33 13 6 4 9 21 8 5 6 12 14 10 7 3 15 11 7 7 7 7 16 6 5 7 8 17 9 5 6 11 21 8 4 9 9 21 8 5 6 16 29 7 2 6 13 10 7 2 5 19 14 33 0.03 6 
191 445 233 124 50 122 59 26 31 67 84 56 34 33 60 102 55 32 28 64 105 62 26 37 53 119 55 34 33 51 100 44 34 25 70 125 64 22 36 58 100 64 28 32 55 122 52 32 30 51 109 57 33 27 63 125 67 32 29 73 79 54 24 29 69 128 46 26 29 70 96 60 22 35 186 0.09 18 
192 189 367 36 29 25 6 15 10 34 22 9 10 11 28 6 14 2 8 16 15 10 9 19 39 8 14 5 13 38 20 16 7 21 16 19 19 4 17 36 26 9 6 22 18 11 3 6 18 12 12 4 8 20 36 36 14 4 21 26 37 11 14 14 26 8 3 12 11 10 10 13 13 26 54 0.08 16 
193 325 46 273 46 44 111 164 109 39 42 68 173 92 41 51 74 180 91 45 36 89 135 91 44 44 77 155 82 44 48 88 143 110 45 53 104 181 82 35 43 91 202 90 45 40 114 160 102 34 45 86 163 104 41 41 101 137 98 49 52 90 135 75 50 40 76 132 94 39 49 87 151 115 364 0.04 8 
194 42 295 12 27 22 18 10 7 12 18 0 2 6 12 27 11 8 5 24 15 18 5 9 14 22 10 13 1 11 17 1 11 2 8 33 18 6 3 8 27 16 9 6 14 8 10 6 4 7 22 24 6 11 15 12 28 6 10 3 18 13 10 5 16 21 5 3 3 18 42 4 5 7 24 0.02 4 
195 424 62 49 59 50 27 31 62 71 58 22 19 74 82 57 38 21 35 106 43 26 31 52 49 38 18 18 45 68 43 26 34 45 51 47 19 25 33 58 36 23 21 32 104 41 32 17 53 82 53 23 29 66 82 47 26 15 42 84 36 26 36 37 70 48 23 25 28 57 49 38 19 48 98 0.03 6 
196 142 428 82 15 29 83 33 14 17 55 45 43 14 15 37 60 37 20 26 36 64 45 23 20 38 75 44 22 19 42 71 60 17 18 35 53 41 22 20 31 66 35 30 20 32 53 28 22 14 45 75 46 24 18 35 72 47 18 19 36 59 29 20 25 48 86 57 13 26 44 51 30 12 123 0.03 6 
197 35 498 51 11 43 11 8 10 13 24 19 9 6 15 57 9 12 1 25 31 10 11 6 23 43 6 8 12 0 21 29 8 4 16 16 0 10 9 0 43 13 10 9 24 10 4 7 12 15 27 12 13 13 14 20 10 7 9 15 33 19 9 6 15 47 0 5 7 23 0 5 11 12 68 0.05 10 
198 497 23 21 10 29 43 25 9 10 15 34 25 8 9 22 54 24 11 8 21 26 9 10 12 13 46 20 9 15 23 47 20 7 9 22 42 29 15 10 23 45 20 8 12 16 35 23 11 7 25 36 21 10 14 11 50 17 11 6 23 32 22 12 4 29 25 24 13 13 22 49 17 11 42 0.05 10 
199 337 368 30 47 28 14 15 24 37 29 19 21 28 57 23 14 11 19 53 31 8 18 21 41 20 14 12 43 45 31 12 17 33 43 31 14 15 21 44 26 17 17 26 65 38 16 15 12 63 32 17 18 26 52 27 18 13 25 57 42 11 14 30 58 41 16 16 29 65 42 15 9 37 60 0.05 10 
200 389 421 40 11 9 25 34 21 9 11 12 39 21 9 9 24 27 19 7 6 16 53 16 5 10 21 33 14 8 8 22 38 13 11 11 14 30 15 13 8 21 29 23 9 8 17 32 20 9 8 17 36 8 7 10 20 46 26 9 10 15 34 18 13 12 19 36 13 7 8 17 30 18 60 0.04 8 
