50 20 4780
0 272 155 8996 6249 6253 6245 6255 6245 6252 6241 6246 6242 6254 6258 6243 6247 6248 6239 6244 6250 6247 6251 6252 0.01
1 20 322 95 41 55 96 144 90 53 42 96 167 93 47 57 93 156 86 45 47 96 165 94 46 51 99 136 108 45 54 98 150 104 41 39 109 170 108 42 55 105 126 113 53 49 79 179 112 41 44 100 145 84 49 48 114 153 116 40 51 109 174 96 48 47 81 169 99 51 48 95 160 99 190 0.03 6 
2 346 369 85 169 78 34 40 82 164 75 49 52 75 112 85 43 36 70 167 84 38 46 70 133 83 30 52 86 171 83 42 51 82 107 89 48 41 82 150 91 44 36 107 168 69 37 44 73 130 89 47 44 85 154 99 46 39 103 149 91 46 49 73 200 70 38 49 72 193 79 32 42 109 170 0.08 16 
3 186 25 84 48 34 11 15 25 47 35 11 10 24 39 32 14 17 35 37 36 15 11 27 47 25 12 12 32 54 31 20 13 40 56 35 11 11 41 44 25 13 12 18 48 23 8 13 27 45 35 15 18 28 54 34 13 12 29 35 33 14 12 33 53 25 14 11 25 44 21 12 15 23 112 0.09 18 
4 376 241 21 19 5 10 28 17 6 4 5 32 25 10 10 25 38 16 11 14 9 27 20 8 13 44 16 35 10 11 21 20 42 15 4 29 25 31 3 11 12 18 28 12 11 14 21 5 9 12 32 39 0 0 17 11 54 23 12 14 34 79 16 8 11 24 39 13 14 8 6 52 14 42 0.07 14 
5 205 354 95 45 58 106 133 79 43 48 84 173 92 40 48 78 171 103 58 43 88 183 81 47 52 97 185 105 46 52 94 169 107 39 49 86 141 89 46 41 108 147 105 40 48 112 149 84 39 44 109 145 105 45 55 94 158 99 42 52 78 170 75 57 54 117 139 97 41 48 83 153 89 190 0.08 16 
6 132 393 85 38 97 166 77 36 38 73 140 71 34 42 91 128 89 37 48 104 125 94 39 42 72 132 96 49 49 82 137 74 51 36 70 138 87 38 42 95 136 94 48 43 82 153 76 48 38 85 162 101 42 45 100 138 90 36 52 68 166 73 48 43 100 142 77 46 37 100 145 79 36 170 0.09 18 
7 290 167 77 74 39 30 89 127 68 42 41 65 124 74 29 44 69 114 64 34 39 63 120 73 39 37 78 127 68 37 34 74 161 80 39 38 76 117 71 36 48 92 151 62 40 42 71 114 68 40 42 92 105 98 36 42 59 112 72 36 39 56 112 97 48 32 74 159 81 38 36 77 148 154 0.08 16 
8 405 163 228 69 43 31 60 103 82 39 43 88 138 91 50 40 79 137 87 37 34 82 121 62 36 33 59 144 77 32 39 66 156 61 36 35 70 145 63 32 32 76 106 67 42 33 87 93 73 40 38 78 159 71 39 36 77 139 69 41 31 68 135 80 32 35 67 116 90 33 41 74 140 304 0.02 4 
9 432 81 154 39 74 147 70 42 34 71 130 71 29 33 96 110 71 28 37 95 144 79 38 34 56 117 67 44 45 75 156 87 36 42 98 121 68 37 41 79 128 98 39 45 69 119 68 42 43 85 103 85 30 38 96 150 72 35 35 77 156 77 34 49 67 148 83 38 39 68 142 78 32 231 0.07 14 
10 270 165 128 73 90 56 35 24 59 126 74 31 23 67 83 69 32 27 45 109 67 33 27 64 120 59 25 28 64 99 64 32 27 78 95 76 26 36 60 119 79 29 35 65 115 54 27 36 59 126 60 26 35 67 123 76 25 28 80 93 84 34 38 54 116 59 33 26 69 118 54 36 32 192 0.02 4 
11 186 138 159 31 24 49 80 49 36 26 55 108 65 27 25 64 83 57 31 27 62 100 36 11 20 53 132 44 30 27 45 89 47 30 31 36 109 37 24 24 55 64 57 35 27 60 110 65 27 32 54 70 70 23 21 61 85 54 27 17 59 106 52 30 36 51 86 51 32 38 65 72 38 212 0.03 6 
12 35 475 276 91 39 56 91 125 83 47 52 72 172 108 45 35 82 133 101 37 41 85 201 86 39 39 77 143 108 42 40 89 147 109 46 37 86 167 110 43 51 87 154 112 39 43 85 150 89 39 42 110 139 108 43 46 74 179 110 43 38 73 139 97 38 52 79 179 82 44 50 100 176 368 0.07 14 
13 216 474 153 27 42 76 55 21 25 51 94 60 26 31 39 94 54 29 24 40 90 55 32 22 54 72 58 29 30 38 76 41 24 27 61 75 54 20 27 66 95 48 31 23 58 73 58 25 21 58 90 49 20 19 42 101 60 23 29 49 74 44 26 28 52 92 51 28 30 58 89 55 26 204 0.06 12 
14 467 240 114 20 25 73 43 24 26 34 88 22 20 11 37 58 27 16 23 33 53 31 16 22 43 64 25 18 18 40 61 41 15 23 39 60 35 19 12 27 75 36 13 22 41 71 37 17 16 51 69 54 23 20 41 76 44 17 13 36 68 27 19 21 42 68 41 23 17 46 31 41 21 152 0.02 4 
15 30 438 136 34 73 99 64 37 37 77 116 51 30 28 66 100 72 30 36 70 134 76 25 27 83 141 64 33 38 44 101 55 41 40 80 109 54 40 36 66 97 66 39 29 76 104 66 31 36 68 131 72 45 31 58 113 92 35 31 74 104 75 34 37 81 104 71 26 35 66 133 81 35 204 0.04 8 
16 31 123 25 13 12 29 43 21 8 9 37 43 11 16 16 21 51 30 16 12 34 36 19 14 13 19 51 34 16 10 25 47 26 9 11 25 47 17 13 15 18 48 27 12 13 22 41 25 11 12 35 42 32 11 9 25 67 32 8 17 32 37 20 12 8 27 38 32 10 14 19 38 23 50 0.04 8 
17 467 288 118 23 54 86 45 22 31 57 81 62 30 28 66 92 53 27 25 68 102 56 23 26 73 101 69 23 25 53 99 56 28 29 62 88 62 27 26 68 84 55 28 27 48 89 60 27 31 62 109 49 30 26 56 117 65 22 23 68 109 66 35 26 60 72 51 33 36 52 99 55 28 177 0.02 4 
18 139 77 138 57 106 51 33 33 71 112 73 30 35 71 109 65 30 36 60 92 78 32 43 73 137 85 34 28 69 108 78 32 39 53 125 62 26 38 72 144 69 38 26 65 101 71 35 32 65 119 70 40 39 91 108 56 40 30 92 112 68 33 35 83 135 70 28 42 74 108 82 38 37 207 0.04 8 
19 309 377 168 68 46 45 68 146 83 37 51 112 117 105 34 31 77 131 87 36 51 79 102 74 39 41 74 210 68 40 36 87 120 85 37 35 98 87 84 42 49 100 168 82 37 36 110 116 94 49 39 57 109 55 42 37 86 165 67 44 41 71 137 78 37 45 91 127 84 38 35 77 115 252 0.02 4 
20 325 385 10 6 3 16 21 12 4 6 6 11 12 6 6 11 17 9 1 7 13 21 7 4 7 5 19 6 4 4 12 17 10 4 6 10 16 14 5 4 13 14 5 7 2 5 24 6 2 3 12 12 16 3 6 7 20 5 5 6 11 16 10 6 6 10 13 12 2 4 8 15 7 20 0.03 6 
21 292 251 58 25 37 71 87 57 31 27 58 87 58 35 26 49 98 63 21 33 55 86 52 33 23 70 85 61 26 30 53 84 62 29 23 57 76 66 24 30 53 85 53 28 30 60 103 57 24 29 53 84 47 33 24 45 98 66 27 29 61 108 59 29 36 66 118 55 25 35 69 94 62 116 0.05 10 
22 90 401 89 42 44 83 138 83 40 47 119 175 82 41 44 99 126 87 45 36 90 135 101 42 38 94 147 74 36 31 113 147 114 42 37 109 161 68 49 51 74 170 74 54 42 106 136 100 34 49 77 129 90 56 35 105 186 77 52 54 94 169 120 37 48 82 169 100 39 36 95 127 93 178 0.04 8 
23 140 155 50 35 86 58 22 28 49 86 41 22 20 65 87 41 24 29 54 85 45 32 25 45 88 62 24 21 43 74 44 23 26 29 87 53 14 20 65 78 57 21 21 53 80 45 30 21 77 87 42 25 33 65 73 32 22 26 43 103 58 27 24 80 69 48 24 21 44 63 46 23 29 100 0.08 16 
24 178 411 97 39 100 189 100 36 42 72 198 113 60 53 89 139 86 42 57 94 129 75 46 61 119 157 107 51 47 83 165 79 61 40 112 138 93 40 51 70 134 96 38 54 104 186 110 48 36 114 145 122 44 48 96 117 88 53 53 87 176 95 61 36 74 174 113 54 49 78 192 96 47 194 0.06 12 
25 309 24 264 41 73 152 83 37 42 83 144 85 40 47 82 143 105 43 39 89 164 93 44 51 97 151 96 41 46 77 163 72 48 47 79 174 87 39 35 85 132 96 52 41 94 139 96 43 47 76 139 83 39 46 80 163 73 40 52 90 156 85 42 41 88 159 89 35 45 90 131 99 36 352 0.05 10 
26 294 381 84 139 68 35 39 88 146 91 47 40 94 121 87 45 32 82 140 75 41 47 84 131 70 48 44 93 158 96 38 43 71 122 99 44 35 75 174 80 48 32 72 151 82 41 48 75 124 79 43 41 76 135 92 42 36 79 164 85 41 42 97 125 70 46 36 101 158 90 47 43 72 168 0.09 18 
27 264 351 98 58 78 171 111 53 55 101 158 99 51 40 117 175 85 54 46 84 140 85 44 49 80 151 82 50 45 79 196 112 58 52 104 152 112 44 43 93 166 91 34 59 94 170 96 59 43 85 152 122 41 46 87 160 111 44 55 105 145 119 43 52 111 168 93 48 40 112 169 82 57 196 0.02 4 
28 38 243 20 12 14 62 22 14 0 17 23 8 19 10 18 30 12 0 5 12 27 11 0 11 15 25 6 3 20 18 36 40 13 5 18 45 27 6 9 20 24 8 9 13 20 5 27 9 13 24 67 25 6 16 27 0 20 12 1 14 30 0 9 9 21 57 11 12 0 17 33 31 9 40 0.05 10 
29 11 80 170 39 31 73 167 84 43 42 96 146 82 56 51 83 154 68 36 45 104 149 84 53 53 78 175 107 43 36 83 153 102 38 36 66 134 83 43 53 85 148 77 39 54 72 137 92 38 45 118 168 69 44 39 102 155 92 30 46 73 120 95 47 31 102 152 89 48 41 88 148 104 255 0.09 18 
30 330 372 141 32 24 48 88 51 28 30 44 73 34 18 21 55 99 45 21 25 46 102 55 18 24 50 60 42 24 29 49 79 56 24 21 42 79 62 20 21 32 80 43 20 23 61 52 45 31 17 49 87 48 21 22 46 66 48 30 19 50 75 40 26 25 43 68 39 20 28 37 68 33 188 0.03 6 
31 31 269 70 30 67 120 63 33 25 102 119 62 23 25 86 96 66 31 41 86 128 75 30 29 56 143 57 35 32 80 140 53 29 22 59 92 58 28 29 61 122 53 47 33 86 114 87 29 45 64 101 50 33 42 50 123 51 35 45 53 111 75 28 31 51 160 70 30 35 64 127 88 45 140 0.04 8 
32 181 311 93 31 49 31 16 12 29 56 33 15 12 28 63 31 17 14 28 47 24 21 12 27 65 24 12 18 36 58 26 13 12 31 42 32 16 17 36 46 32 13 15 36 55 27 14 17 28 49 24 13 13 33 57 36 12 14 30 45 34 13 16 33 59 23 17 17 30 54 33 14 13 124 0.02 4 
33 467 454 92 43 83 139 102 43 53 103 142 94 40 53 80 157 96 47 53 106 139 90 54 49 76 166 83 47 54 80 148 77 43 49 71 140 82 49 41 110 134 90 40 56 78 171 88 42 39 94 153 110 53 51 86 177 87 55 37 97 181 109 52 40 77 165 108 57 37 99 133 103 52 184 0.08 16 
34 284 8 78 68 36 20 14 50 73 36 14 18 38 72 40 23 21 44 46 32 20 18 32 63 30 17 13 56 56 43 23 27 48 71 23 13 19 45 67 43 25 16 41 79 43 14 19 30 97 32 21 19 38 54 29 18 14 44 71 31 18 17 43 62 31 17 20 45 38 50 29 21 38 117 0.06 12 
35 25 356 144 28 48 59 54 21 29 49 74 35 17 19 41 63 45 23 23 38 103 46 28 25 49 84 50 23 22 49 88 52 27 28 45 93 42 31 23 42 69 45 23 27 45 95 46 19 30 39 103 46 25 27 48 68 35 25 28 45 74 57 30 22 39 108 37 29 27 46 67 36 24 192 0.07 14 
36 149 264 96 164 108 46 53 80 166 108 41 34 116 124 114 42 48 106 117 115 49 48 115 171 77 49 46 94 140 100 55 45 74 183 104 55 43 81 200 67 45 47 76 165 108 39 46 77 167 117 36 48 99 150 106 58 38 104 167 89 46 48 98 176 105 50 41 101 183 87 44 29 90 192 0.04 8 
37 357 246 111 40 17 18 44 53 39 18 13 46 55 39 18 21 34 57 38 20 16 33 56 33 16 19 30 64 42 17 15 41 60 29 13 20 40 51 42 20 18 45 55 40 20 16 35 62 37 16 15 30 64 39 19 18 45 65 42 18 16 35 62 33 19 20 33 48 42 19 15 34 74 148 0.05 10 
38 264 72 198 45 89 52 38 38 73 107 91 33 35 71 132 56 25 30 55 148 89 33 21 47 89 57 21 29 54 109 72 35 32 53 76 48 43 31 77 132 52 42 32 73 112 73 35 34 69 120 74 30 23 58 104 79 36 43 50 119 86 26 42 72 104 63 33 43 71 97 53 37 36 264 0.04 8 
39 343 169 172 155 86 44 47 75 161 92 35 35 106 139 85 38 40 101 146 92 44 38 80 137 76 47 36 70 135 101 49 41 91 138 72 41 44 70 149 82 40 50 70 131 81 52 47 102 139 78 38 46 68 147 76 47 45 91 120 100 42 44 88 139 93 35 47 68 123 81 42 45 95 258 0.04 8 
40 242 46 48 19 32 34 16 21 26 33 15 4 17 25 32 29 22 10 24 17 27 11 8 44 75 20 8 7 30 62 15 9 11 27 30 18 10 13 8 25 21 13 16 24 29 19 21 10 32 33 24 7 11 30 31 43 14 7 29 20 31 12 16 14 46 27 13 14 36 23 10 8 20 72 0.07 14 
41 287 260 170 115 141 90 51 44 84 155 97 35 37 61 157 69 38 32 77 178 95 41 45 73 149 78 35 46 74 151 92 37 48 93 145 97 39 34 80 141 79 38 47 85 180 93 50 43 91 121 70 36 39 73 176 114 39 41 74 169 70 40 40 106 117 96 38 53 75 115 72 36 43 255 0.05 10 
42 5 281 45 50 19 25 60 89 31 17 20 46 111 58 24 21 40 63 33 28 28 41 85 49 27 19 38 52 56 25 17 43 74 50 21 23 47 67 29 22 18 39 74 64 18 19 48 103 44 23 21 40 65 52 22 29 38 70 40 23 34 45 80 52 18 22 47 32 41 21 15 50 64 90 0.07 14 
43 250 210 183 51 94 49 37 27 68 109 48 32 33 74 113 53 31 35 61 89 63 27 27 52 109 52 33 31 76 115 67 30 29 51 98 66 31 31 63 108 61 27 24 57 97 55 32 33 61 99 55 26 25 49 107 59 31 24 57 125 57 27 28 68 111 58 28 33 69 112 60 35 31 244 0.08 16 
44 407 101 77 52 21 83 128 74 49 48 73 136 84 45 33 49 151 72 46 35 92 101 79 43 30 73 149 63 30 36 83 113 67 38 33 58 118 85 42 33 73 139 55 39 43 89 131 78 40 40 54 117 79 29 41 65 127 84 40 49 79 137 89 33 42 89 129 61 38 47 83 120 63 154 0.06 12 
45 262 157 216 91 71 36 34 74 131 65 29 37 71 141 81 32 47 68 144 79 29 38 76 111 73 32 34 70 149 76 38 41 71 136 58 46 36 72 152 73 37 37 66 138 57 36 43 80 131 85 29 40 77 98 59 31 37 62 116 77 41 42 61 126 67 45 26 80 124 54 41 27 67 288 0.06 12 
46 451 264 276 143 82 43 35 103 170 116 40 45 107 166 111 57 37 90 168 82 44 45 79 177 82 45 53 75 143 83 38 42 90 171 115 48 52 111 148 75 49 50 87 150 95 45 44 75 183 92 42 45 86 189 114 44 35 94 147 100 34 49 91 160 76 52 35 98 129 77 60 50 84 368 0.06 12 
47 76 472 102 53 38 26 26 54 98 44 22 18 58 80 40 19 23 47 84 47 23 26 58 85 42 18 25 50 81 53 24 27 66 70 35 21 23 52 92 54 25 24 67 87 37 20 25 50 87 66 39 30 52 83 40 22 28 56 94 50 17 22 51 56 53 22 23 53 83 70 24 24 41 153 0.05 10 
48 113 77 30 16 28 19 7 6 14 22 17 7 6 13 26 19 9 7 18 22 12 7 8 13 23 15 5 7 14 20 15 6 10 15 21 14 6 8 11 26 16 8 11 13 25 14 9 7 12 23 16 5 5 16 21 20 5 6 15 18 15 9 9 15 22 17 7 6 18 33 16 4 6 45 0.07 14 
49 22 294 76 42 85 132 79 44 46 74 169 64 51 34 81 123 66 36 43 79 128 95 31 40 87 130 79 26 32 84 159 74 36 38 62 81 83 47 33 85 92 90 42 34 67 132 97 41 45 78 118 80 42 33 87 129 67 34 51 87 116 74 41 43 79 122 85 47 44 55 120 73 31 152 0.05 10 
50 250 370 112 108 65 21 22 46 116 50 27 27 54 113 59 23 31 45 122 55 22 33 52 85 47 22 27 50 95 57 35 23 60 92 67 31 31 56 95 63 27 24 67 80 58 28 23 51 106 48 32 32 48 114 41 29 31 53 101 50 24 23 55 79 51 29 22 70 104 50 24 23 68 168 0.04 8 
