150 20 12154
0 127 283 23670 20554 20553 20540 20550 20553 20548 20545 20547 20544 20551 20558 20554 20540 20558 20550 20547 20549 20558 20558 20545 0.01
1 417 270 51 3 17 20 18 10 7 5 29 15 7 10 17 24 11 14 6 14 25 18 9 7 14 53 16 5 9 12 26 11 10 8 20 24 27 8 9 18 34 21 5 11 21 23 12 9 8 22 20 12 12 8 12 26 23 5 7 14 19 21 9 4 11 31 16 8 8 22 30 14 5 68 0.07 14 
2 193 119 70 36 54 36 19 19 36 62 28 22 21 29 46 32 17 14 38 56 34 17 15 27 70 35 15 15 34 69 42 16 14 38 51 38 15 18 39 60 32 17 18 44 60 26 16 18 40 67 33 15 19 38 49 33 15 18 33 60 25 14 17 33 72 36 21 16 38 60 45 22 15 105 0.03 6 
3 93 359 42 15 20 3 8 15 32 30 15 7 15 2 20 8 0 23 19 5 0 7 23 2 0 1 7 15 0 16 13 6 0 8 6 14 13 9 25 0 0 17 16 30 0 12 6 16 11 19 4 8 29 24 16 16 7 0 38 19 7 1 8 0 12 2 1 24 4 32 5 15 10 56 0.03 6 
4 294 245 20 8 9 9 9 5 12 17 6 3 3 15 22 11 5 8 9 12 15 5 5 8 19 4 6 4 15 7 10 4 4 4 18 10 6 4 12 16 10 4 5 8 20 9 7 3 9 16 12 3 7 13 22 9 2 3 10 19 7 8 4 8 14 6 6 3 3 12 7 5 2 30 0.09 18 
5 415 199 96 89 185 109 44 50 100 147 95 52 46 90 164 82 44 43 104 192 78 43 40 103 169 103 52 54 80 133 92 53 57 84 150 82 48 51 79 164 98 38 38 106 158 111 43 45 95 187 87 59 55 81 151 78 42 40 112 172 95 53 49 95 146 103 57 50 104 132 96 46 40 192 0.02 4 
6 48 398 213 48 119 77 26 43 71 147 83 34 46 78 134 75 35 38 78 143 71 36 29 81 132 57 28 33 48 105 62 31 34 77 125 73 30 40 62 153 66 33 38 90 125 57 37 33 64 111 77 26 32 76 102 81 38 28 74 123 67 35 30 61 119 75 35 38 67 79 77 31 26 284 0.08 16 
7 77 411 68 20 14 28 52 37 18 15 32 67 32 16 14 26 57 28 16 14 34 49 37 14 18 36 53 30 19 15 30 59 28 15 17 34 56 32 16 21 36 52 33 17 19 27 62 32 14 14 34 49 37 17 19 28 56 38 18 19 31 54 33 20 18 33 55 30 15 15 27 60 34 102 0.08 16 
8 125 176 111 31 61 39 19 20 38 59 28 22 21 34 65 43 16 18 32 55 43 18 18 43 53 46 19 17 29 55 31 19 19 34 54 44 22 20 45 55 31 21 18 39 69 38 14 14 39 58 31 18 21 37 45 35 15 19 39 58 31 23 19 39 71 43 18 17 43 65 31 18 19 148 0.08 16 
9 403 218 11 6 5 9 21 12 4 4 9 16 10 8 5 14 18 14 5 7 10 21 15 4 5 9 21 9 5 5 13 19 8 4 6 13 16 9 4 5 8 14 9 4 7 10 21 12 4 6 10 15 12 5 4 14 20 9 3 5 10 19 10 5 6 12 24 13 5 3 13 21 11 22 0.06 12 
10 249 124 75 23 43 24 16 11 22 47 28 13 11 18 46 22 12 13 29 33 43 12 11 13 51 26 13 15 26 46 23 9 16 26 38 34 12 10 30 40 19 15 9 26 45 22 11 13 21 49 26 12 10 34 51 22 14 16 32 36 18 17 11 14 30 37 15 11 17 42 20 14 7 100 0.05 10 
11 79 66 213 25 59 135 74 33 27 75 139 74 40 35 80 111 59 39 31 73 110 70 44 42 54 101 49 35 38 85 131 47 28 35 70 112 69 30 27 56 152 60 32 33 90 128 72 38 37 63 94 56 34 30 70 105 62 39 40 60 123 91 34 40 78 137 90 34 40 63 130 85 33 284 0.03 6 
12 87 341 279 51 48 108 174 115 53 51 90 163 88 47 43 110 167 83 52 55 86 181 95 50 54 89 143 106 48 52 85 161 102 46 48 103 138 88 53 49 99 164 85 53 51 78 174 88 50 38 98 170 89 44 44 100 147 100 47 54 89 153 109 43 46 74 178 91 47 38 90 177 89 372 0.03 6 
13 97 117 93 29 14 18 45 50 44 22 12 32 43 26 10 14 42 57 25 17 15 17 69 30 17 15 29 51 31 17 6 20 47 33 22 12 31 53 39 14 18 41 54 33 13 20 22 45 35 21 15 27 57 28 19 19 42 60 35 12 14 25 44 35 12 17 18 33 41 12 20 22 57 124 0.06 12 
14 339 122 20 20 11 5 0 9 19 6 0 0 20 25 23 10 2 10 9 9 3 3 1 23 5 1 6 2 40 16 1 4 1 14 18 0 12 0 10 18 6 6 8 3 0 0 4 25 27 6 9 4 7 15 0 9 3 27 16 9 9 0 0 17 0 2 4 12 40 15 6 12 11 30 0.03 6 
15 39 489 99 39 115 182 99 56 47 95 136 87 48 57 86 155 91 64 58 89 185 123 53 49 88 184 84 43 38 119 157 117 48 60 103 167 110 40 49 93 158 105 40 55 109 149 112 53 51 104 170 77 43 49 80 158 112 38 56 91 147 82 40 48 99 199 118 52 46 104 165 97 51 198 0.08 16 
16 179 120 135 48 64 45 19 21 53 69 52 18 18 47 85 44 25 26 51 72 42 21 24 38 77 34 19 24 49 76 44 20 20 46 70 45 18 25 48 69 48 27 23 42 82 44 25 18 39 63 45 21 20 40 71 42 23 24 45 79 46 19 21 47 68 42 20 23 42 88 47 21 22 180 0.06 12 
17 250 282 285 72 151 83 52 36 89 177 110 56 55 81 169 65 47 40 94 191 102 47 43 101 124 76 47 45 111 137 113 50 42 90 163 116 46 46 95 150 90 48 41 106 156 79 37 49 88 162 89 39 40 98 192 91 56 33 99 129 104 41 47 83 213 104 63 40 81 180 89 49 52 380 0.09 18 
18 152 295 67 24 72 98 70 44 36 72 136 54 35 30 59 116 77 42 27 71 129 52 36 38 52 99 57 33 36 64 99 69 29 27 42 96 54 39 29 51 85 64 22 43 71 136 72 37 35 63 138 80 31 29 57 116 56 30 32 66 105 74 26 28 74 70 76 32 37 102 89 78 43 134 0.04 8 
19 488 492 75 26 11 10 22 35 24 13 10 23 48 26 11 12 21 44 18 12 11 28 47 23 12 10 19 37 25 15 13 22 43 21 10 13 29 45 28 13 15 24 38 26 12 11 30 42 28 9 9 32 38 18 14 14 19 43 23 13 8 20 37 26 11 12 29 42 23 11 15 25 34 100 0.07 14 
20 244 480 116 93 54 30 22 51 83 48 28 24 51 88 52 33 31 62 91 57 28 29 63 101 65 26 24 53 87 68 22 29 60 107 65 33 33 58 86 56 32 29 59 97 71 34 32 50 118 51 30 29 49 84 59 31 30 56 111 47 32 29 47 98 49 24 27 54 88 55 25 28 64 174 0.06 12 
21 180 208 30 10 8 7 2 14 5 6 12 14 7 0 8 16 19 11 4 6 8 21 5 8 6 34 8 11 7 2 3 34 16 13 1 9 24 6 2 7 0 0 22 0 3 0 17 0 7 3 8 17 22 5 5 7 29 8 3 0 12 11 0 9 0 9 31 18 14 5 0 13 0 40 0.05 10 
22 296 125 154 33 47 66 145 85 36 41 89 134 75 38 48 83 121 85 31 43 88 111 85 41 45 82 121 56 41 36 95 108 74 36 30 68 175 77 35 32 80 102 88 31 31 70 128 60 33 33 85 101 70 41 47 65 162 61 29 27 79 99 85 38 37 98 123 85 31 38 66 148 61 231 0.08 16 
23 215 467 216 38 35 78 121 80 33 25 70 151 65 38 42 75 160 89 44 41 63 181 88 28 36 72 118 81 29 32 65 117 75 32 36 78 117 90 30 36 77 85 73 37 32 87 118 70 34 44 92 124 64 40 47 73 141 77 41 42 75 118 78 31 36 89 138 81 36 29 69 115 56 288 0.05 10 
24 394 202 84 133 68 40 44 70 129 87 41 42 95 117 74 42 45 85 141 73 33 49 74 123 70 41 34 70 137 66 34 50 77 127 82 40 37 105 146 88 46 43 94 126 86 32 40 75 120 89 51 43 92 134 100 39 35 94 153 86 41 42 85 168 108 51 44 98 143 79 33 40 99 168 0.05 10 
25 186 388 126 45 113 53 34 34 48 95 75 23 37 59 72 68 33 44 62 90 46 30 27 64 103 60 30 32 61 118 63 37 26 51 83 70 29 34 72 73 39 35 24 67 123 55 28 30 97 56 48 35 25 60 131 85 36 23 58 109 67 26 36 60 117 68 20 35 60 110 50 17 24 189 0.07 14 
26 211 431 62 101 57 26 25 70 94 52 32 28 55 109 67 29 32 55 90 70 28 30 57 99 73 30 37 53 117 56 32 34 66 115 56 34 26 73 118 52 27 25 63 121 60 24 33 54 121 71 32 28 47 87 59 28 34 59 92 58 26 30 65 91 49 36 33 72 97 68 26 35 51 124 0.03 6 
27 373 492 19 33 25 7 13 13 42 26 7 6 28 33 14 10 9 15 31 13 11 4 24 32 18 9 11 14 35 13 11 3 18 45 15 4 13 10 31 17 9 12 13 42 19 8 9 14 48 18 10 9 26 33 16 8 9 21 19 20 9 8 16 34 16 8 10 18 31 23 11 9 17 38 0.03 6 
28 365 403 71 50 110 58 28 38 81 100 69 37 27 67 118 67 37 32 94 131 81 38 32 87 132 81 34 35 96 122 78 40 32 80 123 71 39 35 96 84 83 40 32 83 120 77 32 36 87 100 77 28 42 65 123 80 42 37 47 73 84 33 31 71 105 64 30 33 76 90 88 35 30 142 0.03 6 
29 245 424 60 16 10 23 51 29 15 15 28 50 34 16 19 29 59 31 12 14 34 49 27 14 19 42 59 30 13 14 38 59 31 12 15 38 45 29 8 16 39 46 26 19 13 31 45 18 11 16 38 61 21 15 13 31 55 32 15 13 29 49 27 14 13 36 45 25 15 17 37 54 24 90 0.04 8 
30 416 439 156 31 40 71 125 84 48 38 61 157 77 31 40 78 122 81 32 33 77 125 72 57 37 64 140 89 35 41 69 136 70 37 42 85 143 77 43 37 71 141 71 46 48 82 98 80 36 30 75 131 64 34 36 70 150 80 34 44 70 121 69 42 37 80 110 94 34 31 76 146 68 234 0.02 4 
31 86 407 117 31 18 16 40 60 40 18 14 41 84 34 18 18 37 64 45 20 17 40 64 32 17 20 40 70 31 20 24 43 52 31 20 17 33 74 46 25 18 32 79 38 19 13 44 65 46 14 18 42 64 36 18 19 35 59 38 22 17 48 65 42 22 22 48 82 51 19 16 32 81 156 0.02 4 
32 309 364 54 30 38 36 19 18 22 45 41 13 20 41 42 25 14 10 46 43 35 8 13 27 53 23 14 14 6 43 13 17 18 29 30 23 4 15 35 63 12 13 6 34 39 37 10 14 30 30 39 11 14 22 51 16 13 10 18 36 13 7 16 28 47 27 15 1 0 3 15 9 11 81 0.04 8 
33 227 447 160 80 39 48 60 119 85 33 36 73 166 76 48 38 75 119 70 44 41 63 169 75 43 44 66 156 78 45 40 79 113 70 36 41 84 144 98 42 44 74 128 69 39 30 70 126 74 34 34 97 129 85 38 31 70 160 62 35 47 67 162 69 43 41 84 154 83 43 50 88 124 240 0.06 12 
34 231 476 291 37 49 95 180 84 52 34 82 150 86 45 40 79 192 96 51 48 85 147 90 59 61 100 167 111 52 37 102 167 105 41 44 93 145 71 55 53 100 142 95 57 60 93 161 81 47 60 86 151 90 67 47 89 170 71 41 44 83 196 84 42 49 74 191 102 48 46 78 127 97 388 0.02 4 
35 167 474 120 114 60 32 34 70 110 62 27 33 60 117 54 32 29 69 94 56 27 28 60 92 70 29 34 70 99 73 34 28 57 98 52 28 28 71 84 63 33 25 60 105 53 27 26 50 118 50 35 35 56 85 65 29 28 63 91 53 32 28 53 115 61 28 25 70 97 67 31 30 50 180 0.04 8 
36 332 402 28 0 5 7 9 7 1 10 9 21 1 11 9 1 3 27 14 13 3 20 14 0 6 6 36 30 16 0 4 8 0 9 9 8 14 38 0 19 12 29 13 11 3 7 19 28 17 4 0 18 42 19 7 1 18 22 22 9 15 23 3 25 4 6 4 12 6 0 2 24 34 42 0.03 6 
37 157 493 114 65 27 22 59 104 48 27 22 60 93 57 23 28 63 102 52 27 33 67 123 54 31 34 62 94 61 28 25 53 97 55 25 23 59 91 56 33 27 55 82 59 27 27 59 79 61 25 31 61 97 66 23 28 57 82 66 28 31 51 94 66 31 25 65 92 66 33 31 50 112 171 0.06 12 
38 16 322 64 14 14 32 58 36 15 17 15 52 33 14 14 36 50 25 13 9 30 80 40 18 25 26 58 28 13 15 32 56 34 11 16 30 57 35 18 20 31 49 22 19 17 39 47 29 11 16 33 50 39 23 12 42 64 28 20 16 37 44 24 17 16 33 49 24 14 16 44 56 27 96 0.06 12 
39 303 387 25 31 47 22 10 13 34 40 21 10 11 26 42 25 13 15 25 50 31 9 17 22 39 28 16 13 21 43 28 10 8 25 44 21 12 11 26 43 29 11 9 22 25 30 10 10 19 40 33 12 13 28 45 24 14 16 27 48 24 14 10 26 43 25 13 10 20 35 19 11 13 50 0.03 6 
40 254 444 47 38 22 23 37 67 50 30 25 42 103 37 24 22 41 75 55 19 23 51 79 43 20 19 49 74 37 26 25 55 65 48 24 22 35 64 43 25 23 42 72 52 25 23 43 95 44 27 21 49 61 37 21 24 49 73 40 30 18 49 87 38 21 20 49 69 43 25 28 41 100 94 0.09 18 
41 461 44 44 29 14 41 47 34 21 12 56 83 20 19 33 29 77 59 24 18 42 52 48 25 25 59 37 30 25 23 52 70 63 19 25 31 79 35 17 16 47 69 48 26 17 40 69 29 24 17 54 68 54 24 21 44 101 50 14 25 37 88 35 24 11 46 80 46 18 25 58 75 39 88 0.07 14 
42 339 427 194 104 178 86 42 49 79 176 96 55 58 87 189 102 56 47 106 169 112 47 38 79 186 112 52 45 89 146 104 48 45 103 142 107 40 52 109 159 108 51 38 79 139 115 53 46 82 181 81 53 47 103 164 99 40 46 92 178 89 54 41 80 158 82 41 51 103 163 103 41 41 291 0.04 8 
43 484 292 86 43 38 104 123 97 32 31 83 148 72 48 40 89 155 81 42 44 76 135 73 53 45 96 160 95 45 46 76 168 96 40 37 74 173 104 44 48 85 162 75 48 37 69 136 99 41 40 93 150 73 45 47 81 148 77 42 48 75 142 65 42 39 73 138 91 43 36 80 140 88 172 0.03 6 
44 37 179 74 99 26 18 13 40 86 40 17 15 19 65 42 17 13 35 60 39 9 17 44 35 48 16 13 33 70 22 18 24 28 76 44 18 17 38 73 31 17 13 15 26 60 22 19 45 55 32 25 17 40 60 43 25 16 50 62 26 25 18 27 75 32 18 19 23 28 35 18 20 24 111 0.08 16 
45 306 380 291 109 135 100 46 48 91 201 90 45 51 113 148 77 48 40 91 216 82 47 52 96 193 78 46 47 80 140 107 52 55 85 164 84 58 68 78 157 107 51 44 102 176 95 54 49 86 177 87 45 40 71 182 127 50 47 97 171 106 48 40 80 146 78 46 46 123 156 114 47 54 388 0.05 10 
46 268 26 172 159 81 53 46 73 132 68 39 39 80 160 94 45 40 98 164 85 46 51 90 133 77 44 37 88 126 102 34 52 87 121 89 48 37 98 145 91 40 44 82 141 68 48 40 99 128 96 39 46 73 149 66 41 33 74 132 92 48 47 100 111 78 52 45 62 145 74 33 46 88 258 0.04 8 
47 303 339 196 158 111 62 48 124 160 96 53 42 97 185 118 42 44 85 188 95 48 50 83 179 115 58 52 87 182 89 48 43 85 171 85 51 40 98 155 98 44 50 84 153 92 51 58 103 156 93 41 46 102 177 103 52 43 113 181 102 58 42 85 163 94 41 61 117 142 108 41 42 84 294 0.07 14 
48 353 342 43 24 30 80 45 18 24 47 66 33 24 23 48 60 38 20 22 47 75 42 16 16 41 93 43 18 20 36 86 47 15 23 33 84 43 20 24 42 62 40 20 17 43 64 43 20 19 47 65 40 17 17 38 78 38 30 20 41 72 45 22 19 50 87 49 22 16 47 81 32 21 86 0.05 10 
49 278 173 79 89 107 102 40 32 61 139 75 42 33 69 108 94 50 45 56 106 90 42 40 75 159 84 53 41 78 128 96 39 42 65 132 79 33 41 82 140 108 37 36 78 102 78 38 46 77 141 82 35 37 74 127 67 49 48 64 129 80 34 34 82 186 73 34 36 69 137 76 41 46 158 0.06 12 
50 435 328 73 36 30 67 122 63 38 46 71 156 86 42 38 96 104 92 27 33 99 161 51 23 27 74 129 48 40 33 63 160 93 41 41 71 139 86 31 42 71 134 79 37 25 69 149 82 38 48 103 141 62 37 34 86 157 58 44 30 72 110 81 33 44 41 93 66 48 38 71 117 68 146 0.03 6 
51 485 463 162 35 71 90 48 32 17 64 87 50 26 31 42 133 56 33 27 55 92 58 25 26 53 94 68 16 33 38 96 66 23 28 46 60 58 14 22 64 146 53 37 28 49 111 38 25 27 59 65 67 28 33 50 90 41 21 21 63 80 55 39 28 37 117 68 19 30 51 88 44 38 216 0.03 6 
52 463 54 210 26 56 120 69 35 37 64 131 68 37 43 86 125 96 43 36 60 113 63 31 42 63 100 65 32 38 70 100 69 28 32 80 129 84 39 34 62 125 56 35 26 59 113 83 37 28 82 99 80 29 34 78 139 58 30 39 74 125 82 35 30 63 118 85 28 33 85 116 72 33 280 0.03 6 
53 312 319 196 54 107 140 78 55 45 114 167 85 47 57 104 139 86 49 47 114 153 80 38 59 84 205 78 46 38 99 148 97 47 47 100 200 90 39 57 95 156 97 42 42 78 123 81 50 54 102 164 77 54 40 87 142 106 41 61 101 186 85 44 54 91 168 123 43 47 88 177 84 47 294 0.04 8 
54 264 131 22 13 0 6 5 7 11 0 11 3 6 39 20 0 10 20 21 4 0 2 13 23 0 0 8 4 15 6 10 10 6 36 8 10 0 6 7 6 5 6 0 24 14 2 10 11 23 12 8 8 13 1 7 7 0 6 25 9 11 8 8 3 13 6 13 8 1 16 5 3 10 33 0.04 8 
55 57 236 126 26 32 50 100 61 35 35 64 105 65 38 40 66 71 59 25 32 66 122 63 43 33 73 122 64 24 29 50 101 47 32 28 53 94 57 32 19 57 116 53 34 32 42 131 64 32 24 74 136 65 41 31 57 110 66 33 34 66 112 68 28 31 62 120 74 34 32 59 100 49 189 0.08 16 
56 171 104 36 4 9 9 0 9 3 5 8 13 21 8 1 8 25 15 9 8 10 19 16 14 8 5 6 36 12 3 2 17 24 10 6 8 12 38 8 6 6 3 40 2 1 5 8 5 9 11 9 9 14 29 7 5 2 11 11 14 7 13 3 2 10 8 16 27 18 4 2 10 0 48 0.04 8 
57 241 499 126 61 37 28 64 130 58 34 39 69 87 68 26 32 51 113 70 31 33 56 91 80 23 33 72 104 59 34 28 67 93 69 35 34 66 87 71 29 35 67 107 52 35 34 55 121 69 34 39 61 115 69 28 34 52 118 73 29 29 67 94 74 22 28 60 116 60 27 34 67 82 189 0.05 10 
58 264 386 15 9 3 27 3 9 13 5 76 20 0 7 31 17 13 12 10 4 39 10 0 9 13 22 16 1 5 14 33 20 4 1 8 32 3 6 9 23 33 18 1 0 18 21 17 9 13 26 45 26 14 6 23 1 19 0 14 16 26 18 12 0 20 40 15 8 0 12 0 11 12 30 0.04 8 
59 314 158 67 59 106 55 25 35 75 135 62 27 42 56 99 60 33 41 47 97 59 30 34 65 118 71 33 29 59 103 67 38 38 74 107 62 36 36 70 121 66 37 30 73 133 80 30 30 86 134 75 28 30 68 102 83 38 32 62 93 59 33 32 61 108 89 30 37 69 107 55 34 25 134 0.02 4 
60 187 371 207 66 91 83 35 40 75 123 73 33 29 54 116 63 39 33 58 88 69 31 39 66 103 62 26 38 63 115 73 39 34 56 105 69 42 32 56 119 71 37 33 62 100 69 38 35 77 104 73 35 27 68 112 83 32 34 69 113 57 27 38 87 121 67 41 38 66 105 58 32 32 276 0.06 12 
61 211 57 86 162 102 52 45 99 139 64 38 39 101 156 61 31 37 99 123 66 47 46 100 132 83 39 39 63 157 80 30 47 97 119 89 44 45 87 122 93 47 40 79 118 84 32 61 74 114 96 41 47 80 166 78 45 35 112 114 95 45 52 65 138 90 39 51 82 160 73 37 37 86 172 0.05 10 
62 220 78 38 18 38 59 39 16 20 31 74 42 15 23 32 48 44 29 13 36 55 36 17 15 41 46 34 18 16 26 76 33 27 18 38 32 32 23 23 47 58 33 18 28 49 62 36 19 16 28 52 37 15 16 55 58 26 17 8 33 91 47 18 19 39 75 43 21 23 36 62 40 10 76 0.04 8 
63 479 212 60 16 21 27 25 10 10 11 35 63 26 14 14 31 27 34 12 15 25 40 35 10 10 30 90 28 17 11 32 54 51 15 11 33 36 39 19 12 34 48 33 16 16 33 26 24 10 5 31 54 28 19 11 38 34 45 19 18 21 40 38 13 10 22 77 20 14 13 34 31 30 90 0.04 8 
64 237 292 46 17 20 18 16 25 30 39 12 10 43 38 40 12 12 24 49 17 10 10 30 32 9 16 9 32 66 10 14 13 23 41 16 18 7 12 6 6 17 19 16 30 17 10 15 15 23 28 15 8 4 71 13 13 16 23 70 34 8 16 18 19 19 19 13 24 48 6 2 3 25 69 0.09 18 
65 168 379 70 23 22 34 50 34 17 9 41 49 30 18 19 14 74 53 26 12 42 63 41 16 14 28 89 36 15 17 48 61 29 23 19 4 61 27 3 17 24 43 28 16 17 40 65 48 16 24 30 51 31 17 11 36 37 26 18 9 39 46 20 13 9 27 62 20 24 25 33 75 28 105 0.05 10 
66 66 368 39 22 51 80 37 20 16 31 59 31 18 24 41 64 38 21 18 50 57 45 17 19 41 78 34 25 17 38 67 40 21 19 43 64 37 19 16 32 61 42 18 16 37 79 26 16 14 41 63 34 14 25 44 53 39 19 22 36 68 34 18 23 27 59 42 20 25 37 67 38 17 78 0.02 4 
67 125 473 60 49 15 9 39 46 51 20 13 32 59 53 9 10 35 77 35 13 18 39 63 38 16 25 16 17 19 12 22 20 41 32 23 9 41 54 34 12 14 42 27 32 21 30 18 67 38 6 6 25 38 26 15 7 49 53 39 16 26 38 40 32 18 7 45 48 27 11 12 42 41 90 0.02 4 
68 243 61 41 35 50 32 13 28 25 60 48 17 19 44 47 36 14 17 41 87 43 15 21 17 84 43 25 17 34 65 27 20 21 43 107 30 22 15 34 91 53 14 22 45 86 39 15 13 34 33 27 18 21 35 65 33 19 18 33 79 32 21 31 52 76 55 17 18 55 54 42 22 25 82 0.09 18 
69 263 421 172 100 49 53 81 131 88 46 44 83 147 80 38 34 82 128 105 45 38 114 181 91 34 49 95 146 88 34 53 73 180 98 39 39 104 127 74 40 35 96 137 106 54 43 80 123 69 39 41 110 167 75 35 32 85 136 91 55 45 100 114 91 58 50 103 118 88 47 48 65 145 258 0.08 16 
70 101 116 24 29 58 10 12 11 24 45 11 12 12 14 39 23 17 10 27 60 36 14 6 16 39 15 7 6 19 43 17 9 19 31 30 26 8 12 31 46 4 13 9 24 14 27 4 11 24 32 28 19 5 39 45 32 5 10 5 51 36 13 7 28 27 23 13 10 37 35 32 14 11 48 0.07 14 
71 430 152 34 69 19 13 15 39 53 30 16 19 33 77 34 14 22 36 47 35 18 20 41 53 29 15 16 33 51 31 17 21 37 49 39 19 17 34 69 34 19 20 33 56 31 16 14 33 49 30 17 24 41 62 23 18 14 33 62 39 23 13 38 60 28 22 13 25 68 33 14 20 30 68 0.02 4 
72 235 369 50 18 29 27 91 57 30 32 39 47 42 32 23 46 85 53 34 22 64 112 48 36 36 24 78 47 36 30 50 69 42 16 21 53 76 57 25 20 41 63 59 21 32 50 78 39 30 26 49 62 50 23 28 54 76 55 19 35 40 84 45 26 20 55 73 40 10 23 47 54 46 100 0.03 6 
73 325 15 297 51 110 210 66 60 59 78 178 72 61 59 99 165 95 41 46 90 176 79 47 53 90 236 112 49 54 104 183 97 43 55 112 128 84 56 53 105 195 104 50 61 113 187 109 39 34 102 164 113 46 47 96 155 95 48 51 101 130 92 54 47 114 161 95 47 48 128 156 102 46 396 0.06 12 
74 150 282 282 71 171 108 45 41 80 158 87 45 36 97 137 102 47 47 75 162 106 46 42 101 143 107 48 46 69 146 99 46 47 69 165 101 45 59 75 149 76 40 34 92 155 102 52 38 83 185 97 46 51 88 127 114 37 40 97 147 111 52 44 90 126 87 58 52 100 176 98 46 43 376 0.02 4 
75 416 416 22 11 17 32 26 7 10 17 33 30 9 11 23 42 20 14 15 19 39 21 14 13 24 29 18 8 11 14 52 19 9 11 17 45 21 9 7 26 39 30 6 11 16 41 21 12 10 20 26 19 9 6 22 34 38 11 14 28 34 24 11 13 23 37 31 12 13 17 47 16 10 44 0.06 12 
76 197 310 38 36 22 16 42 56 30 21 18 33 60 36 23 31 38 58 42 17 23 40 66 27 14 19 36 55 34 18 9 50 43 43 18 20 51 75 34 19 23 32 72 30 26 16 33 83 41 27 16 33 52 42 20 12 29 93 34 15 16 25 77 50 16 18 29 47 44 14 26 28 64 76 0.02 4 
77 6 0 61 66 36 27 67 107 60 29 28 57 88 56 29 30 50 104 58 31 34 58 117 85 32 30 88 125 74 29 31 47 87 67 27 28 58 90 78 30 30 58 92 45 25 33 57 104 62 28 39 42 116 69 30 25 49 105 71 24 33 60 106 79 24 35 58 89 66 25 32 59 107 122 0.09 18 
78 408 461 48 10 23 28 10 5 14 10 18 7 3 15 41 12 13 10 15 51 22 13 9 21 20 8 9 9 26 24 6 8 4 23 18 6 8 8 17 21 43 7 5 6 50 31 8 10 13 22 9 4 5 9 10 8 7 15 1 63 11 9 6 15 26 27 3 13 18 22 4 5 4 64 0.03 6 
79 442 344 48 43 29 12 16 19 40 20 10 10 19 63 15 11 10 13 50 29 13 13 5 31 20 13 13 23 39 20 10 9 30 28 49 9 5 33 29 29 11 8 19 29 28 5 9 14 54 29 9 18 17 28 22 12 12 34 17 23 14 12 24 66 25 11 11 20 45 16 15 12 20 72 0.09 18 
80 7 443 62 64 112 66 27 30 74 125 52 29 32 49 95 75 33 41 52 104 68 37 24 56 64 81 35 32 72 84 56 40 23 55 90 64 28 36 67 122 65 37 35 73 117 57 36 27 62 110 76 34 23 56 114 60 40 33 55 98 81 24 33 80 90 62 32 28 52 110 52 23 45 124 0.08 16 
81 199 129 66 72 123 74 32 33 54 123 68 28 31 61 99 54 39 38 55 114 60 27 32 60 103 72 29 26 55 100 73 28 30 77 130 73 40 35 56 114 63 34 28 54 92 77 31 27 63 131 73 38 30 73 136 50 29 33 61 101 74 39 31 61 125 65 36 31 82 93 78 37 29 132 0.09 18 
82 19 206 50 84 52 26 21 54 78 43 31 23 59 76 50 21 22 55 90 50 23 27 52 78 63 21 21 52 93 52 20 22 40 101 48 28 18 51 67 52 29 24 55 90 42 19 29 40 81 53 22 29 49 89 61 22 28 55 88 52 24 22 51 72 52 27 24 57 92 42 20 31 55 100 0.09 18 
83 131 470 276 107 43 39 106 157 85 40 38 82 149 77 53 63 67 178 106 45 39 107 134 77 50 46 83 140 96 32 49 118 176 75 48 49 93 132 88 58 34 75 160 88 42 49 81 141 98 49 46 101 145 94 56 56 99 185 107 61 47 98 143 98 40 38 121 169 109 45 48 71 171 368 0.07 14 
84 66 464 39 16 7 6 4 16 39 12 4 9 13 22 20 6 8 27 21 2 3 10 14 1 22 7 2 7 16 9 1 8 7 33 19 7 6 5 33 21 3 14 14 41 10 7 6 15 17 3 9 9 14 33 10 6 9 13 25 10 17 4 12 19 9 5 6 6 25 15 2 4 24 52 0.07 14 
85 241 287 174 61 116 66 27 31 71 104 60 24 27 45 87 43 23 27 53 100 53 25 30 42 98 40 26 36 45 103 50 33 31 57 117 60 30 29 74 109 46 26 30 59 122 64 29 25 45 109 61 26 28 61 69 50 28 33 64 90 62 39 34 59 116 66 23 30 50 92 51 21 36 232 0.06 12 
86 117 188 15 7 4 23 16 0 17 10 23 9 6 16 19 12 10 4 11 11 9 8 15 25 3 14 4 8 5 46 18 5 13 20 38 27 9 2 0 41 11 0 0 15 14 26 6 6 5 0 10 4 0 22 48 16 3 14 17 37 21 9 10 22 27 9 0 2 8 4 21 10 11 30 0.03 6 
87 346 65 282 153 104 46 57 111 128 86 49 42 113 149 96 44 40 106 132 100 51 48 105 166 101 41 57 75 193 106 41 46 90 128 77 55 46 78 179 95 44 39 114 193 109 43 42 85 152 88 42 39 98 150 93 47 38 105 139 98 42 43 90 179 102 46 46 82 156 88 47 39 77 376 0.08 16 
88 197 490 64 31 28 57 124 55 32 35 60 103 62 27 29 71 99 69 34 37 64 99 69 33 29 53 115 57 29 30 57 94 57 32 31 57 109 69 36 31 67 126 70 36 27 73 90 74 34 35 63 116 50 32 30 48 98 62 31 30 79 124 67 36 33 55 96 69 35 32 60 125 66 128 0.09 18 
89 418 444 168 87 114 75 34 35 72 149 95 40 46 96 172 91 38 43 81 137 86 38 42 84 171 78 47 38 87 172 74 33 45 69 130 90 41 45 89 149 74 47 42 84 125 92 41 46 88 146 71 51 49 98 167 68 53 38 76 119 101 33 41 66 152 100 40 47 101 167 79 41 35 252 0.09 18 
90 78 78 42 47 23 16 35 70 40 32 16 32 84 44 23 18 43 74 50 14 24 52 66 39 20 13 49 53 31 14 16 37 76 45 13 17 39 67 53 27 13 38 58 44 21 17 34 58 41 18 27 30 56 45 32 15 21 66 32 20 21 44 66 33 16 17 34 73 47 25 12 39 55 84 0.08 16 
91 431 79 222 97 41 34 51 108 56 35 30 71 152 61 30 29 72 137 64 28 35 90 120 92 38 39 89 116 66 37 27 62 101 70 36 39 58 125 88 40 31 71 164 66 33 41 86 144 66 37 26 61 124 66 40 31 98 130 64 39 31 69 121 79 25 31 70 155 75 37 34 64 120 296 0.04 8 
92 11 77 26 15 11 30 46 22 15 13 16 58 20 9 13 35 46 25 11 15 28 49 20 16 10 27 58 25 10 11 23 44 25 13 13 24 39 24 11 9 25 18 28 9 13 31 60 27 12 19 18 24 14 12 11 38 26 20 13 11 48 51 14 12 16 17 50 21 8 11 37 26 43 52 0.04 8 
93 115 116 11 10 9 0 14 23 11 8 0 17 27 7 8 7 19 0 17 0 1 0 27 4 11 7 8 14 18 7 15 17 2 8 7 0 0 28 2 0 4 9 0 5 3 2 18 16 13 2 15 5 19 0 6 12 18 0 21 4 7 11 0 0 7 0 0 22 0 5 8 0 23 22 0.06 12 
94 448 419 162 51 26 23 50 92 60 24 28 49 88 48 26 23 49 103 52 19 19 70 92 49 26 28 41 104 54 31 22 64 93 39 30 27 47 101 51 27 40 46 106 73 19 23 67 76 36 32 24 53 66 59 27 24 41 67 64 28 30 49 92 71 26 19 38 78 32 38 24 38 87 216 0.06 12 
95 320 160 150 154 95 40 56 72 133 91 35 36 68 116 71 34 35 65 129 70 38 50 81 133 75 47 40 68 144 88 34 31 74 134 91 44 38 71 134 62 44 42 76 149 49 41 37 85 125 54 36 35 66 147 90 31 45 85 112 72 26 41 71 146 71 28 47 71 111 55 33 45 63 225 0.03 6 
96 430 472 19 17 42 17 14 13 4 58 12 13 10 11 40 1 19 6 9 35 27 16 9 30 59 18 6 10 25 22 9 3 10 27 17 12 2 7 16 34 35 6 14 19 45 26 10 12 8 18 28 11 11 14 0 22 7 10 11 28 15 11 12 32 33 11 5 5 17 51 18 11 13 38 0.05 10 
97 425 463 52 19 25 28 11 11 24 43 32 12 17 19 40 30 17 16 34 59 29 18 8 26 41 20 10 15 27 41 31 13 18 27 49 19 14 15 15 24 29 14 17 26 44 24 12 14 16 45 40 14 17 22 35 18 14 16 25 45 27 12 14 32 42 22 17 10 28 51 25 12 9 78 0.03 6 
98 498 381 86 78 37 18 21 40 76 36 19 22 40 71 42 22 24 34 74 32 23 21 58 79 41 20 23 41 54 49 17 22 34 80 64 27 20 51 67 32 23 25 41 84 42 21 17 50 75 40 16 29 57 85 47 22 22 46 83 52 22 22 39 102 41 24 22 49 61 55 17 24 41 129 0.03 6 
99 260 391 100 42 37 115 146 100 39 54 112 181 100 38 49 127 169 83 57 42 84 177 110 53 52 113 135 90 55 42 88 151 106 47 44 93 169 97 47 43 63 155 97 45 45 101 210 93 39 42 96 170 115 40 53 107 211 107 52 56 117 144 102 43 42 112 189 105 44 51 108 178 111 200 0.07 14 
100 440 218 140 68 132 64 30 32 76 110 79 34 33 74 103 78 29 31 68 100 64 41 36 73 106 68 38 29 63 123 58 35 31 81 119 59 42 41 71 126 63 41 32 57 117 59 35 37 64 131 70 31 36 69 111 76 38 27 62 113 81 27 28 65 130 65 33 35 82 98 55 34 27 210 0.08 16 
101 128 472 99 120 220 89 60 41 139 216 96 62 34 120 149 90 61 51 101 189 90 48 48 92 183 88 59 45 130 229 97 35 52 85 182 103 43 52 86 181 118 48 48 97 116 70 37 56 86 179 95 46 43 97 149 106 58 48 104 175 99 38 43 91 137 114 36 51 88 226 91 45 44 198 0.06 12 
102 220 409 22 18 11 5 8 11 29 15 7 8 16 8 0 0 2 9 39 3 10 12 26 20 25 8 7 23 27 10 5 0 2 0 19 7 7 0 21 0 0 6 22 18 8 5 10 9 25 7 7 2 13 25 32 2 1 35 0 0 2 1 2 24 8 9 14 1 0 24 3 4 21 33 0.04 8 
103 52 431 42 22 4 6 14 35 50 3 0 5 39 32 4 14 39 39 9 8 11 26 39 17 14 7 39 34 32 3 13 24 37 13 5 0 13 27 42 18 11 18 52 57 5 7 19 48 1 15 5 14 38 18 8 15 15 34 20 15 10 24 52 22 8 11 5 26 30 9 11 27 34 63 0.06 12 
104 2 0 34 6 27 26 21 13 7 21 34 18 6 11 19 30 14 6 7 15 36 29 7 7 19 25 18 12 6 12 30 12 11 10 23 36 15 8 7 20 17 22 8 6 30 36 12 7 9 16 32 19 10 6 19 36 19 5 5 20 28 18 4 5 17 34 18 5 8 14 37 21 10 51 0.02 4 
105 448 196 123 66 33 17 18 46 59 33 24 22 43 77 44 18 23 35 70 40 17 15 45 79 33 20 18 42 76 32 24 20 37 75 39 22 20 41 68 38 24 17 37 59 47 19 20 36 70 48 18 20 42 78 34 26 19 35 71 30 23 21 40 77 50 15 15 45 61 47 19 19 43 164 0.03 6 
106 217 488 66 44 13 11 10 21 29 21 15 15 23 40 7 16 11 25 49 19 18 7 19 37 22 9 12 17 35 26 13 17 25 43 21 11 9 24 33 23 10 12 27 19 22 8 15 24 46 30 12 5 19 43 16 10 8 18 42 25 13 11 22 34 16 9 13 16 26 17 9 17 13 88 0.06 12 
107 313 249 52 24 66 110 50 22 27 54 80 46 30 18 54 81 46 33 35 54 79 52 18 31 58 85 60 24 22 50 89 63 30 22 66 97 55 17 26 59 75 61 21 22 51 83 46 23 15 44 104 58 27 27 60 104 62 18 21 51 82 46 21 30 36 115 58 28 28 56 102 39 21 104 0.02 4 
108 393 191 63 118 83 30 36 73 95 73 36 34 67 95 63 24 33 53 100 65 28 35 51 106 52 35 40 58 105 60 27 36 60 99 61 35 23 68 141 62 26 37 55 105 58 30 27 48 115 50 32 31 61 107 62 41 35 65 113 41 37 25 66 93 62 28 31 74 116 60 30 34 57 126 0.06 12 
109 291 264 186 32 26 52 113 49 34 31 53 143 45 26 32 60 90 49 34 30 72 94 77 26 37 59 112 73 33 41 60 90 50 38 34 70 100 38 22 32 94 84 51 29 33 46 94 54 21 27 78 76 67 22 25 46 112 66 36 27 62 104 56 29 35 52 126 67 31 35 63 113 53 248 0.04 8 
110 120 324 94 101 143 103 42 48 110 188 86 40 52 104 158 97 38 41 93 145 87 52 45 86 141 80 38 42 77 148 93 43 40 105 172 100 59 47 121 122 93 45 44 80 199 85 49 37 92 153 107 54 45 96 133 74 37 56 116 156 101 43 49 98 198 119 48 37 89 139 92 41 52 188 0.07 14 
111 399 242 273 94 45 42 73 175 78 38 43 92 132 86 49 36 97 171 95 37 44 100 185 110 44 45 90 168 72 45 53 97 152 97 50 35 102 165 104 44 43 97 161 91 40 53 87 165 96 51 41 83 147 88 52 36 93 159 84 41 46 86 151 104 40 50 87 178 78 49 49 96 174 364 0.07 14 
112 57 319 99 35 88 145 80 46 57 93 155 108 45 44 112 136 86 62 50 120 145 101 45 46 94 189 78 54 55 113 158 82 53 49 74 153 100 41 49 92 143 104 40 45 95 169 118 52 47 122 188 101 51 49 111 169 86 45 57 99 157 92 55 44 128 154 79 53 45 80 173 114 44 198 0.05 10 
113 391 45 78 17 42 67 34 20 15 42 57 36 21 21 32 54 37 15 19 46 69 43 14 20 30 63 42 23 19 39 60 41 20 20 48 68 38 17 18 33 67 42 17 20 33 65 46 23 22 44 59 37 14 21 38 63 43 21 20 43 74 33 21 16 47 56 40 23 22 34 62 40 19 117 0.05 10 
114 413 393 288 42 82 185 110 53 43 110 157 90 51 38 87 138 83 40 49 93 173 87 51 57 76 186 90 39 38 83 180 112 54 55 83 140 77 52 39 100 148 95 57 39 116 177 90 51 38 78 152 95 49 43 81 159 107 52 44 81 157 106 40 43 84 182 109 55 48 107 144 84 42 384 0.05 10 
115 127 30 61 28 29 54 94 40 29 38 57 86 43 29 31 76 127 71 22 38 50 126 54 35 23 60 116 63 21 33 63 93 62 35 27 81 90 53 44 27 53 97 54 27 33 69 89 93 35 29 55 100 57 25 21 57 81 65 29 36 77 85 48 31 16 79 76 46 38 29 74 94 57 122 0.02 4 
116 482 440 159 22 65 86 58 30 26 39 86 56 18 25 54 106 67 34 22 46 74 72 28 20 46 83 51 30 29 42 79 47 26 22 46 74 51 22 26 48 94 57 24 23 51 106 32 27 23 42 80 60 25 32 79 86 64 24 32 48 84 65 23 20 44 86 63 28 26 58 68 64 20 212 0.09 18 
117 462 109 58 18 62 95 58 27 32 71 63 35 30 21 54 143 57 32 26 42 110 48 30 26 75 102 60 29 39 48 110 62 28 32 47 71 69 30 15 64 85 46 33 23 83 80 71 24 37 59 113 48 21 33 64 57 56 33 21 62 100 42 20 34 46 73 73 25 23 77 119 57 31 116 0.08 16 
118 115 107 294 95 49 43 103 176 81 38 40 96 169 111 46 47 84 178 108 41 43 104 176 106 45 47 93 156 115 47 51 112 140 88 55 43 119 174 81 54 43 107 193 101 43 46 108 180 97 45 59 82 166 83 45 47 102 148 95 47 57 97 139 88 45 49 108 186 79 52 55 84 178 392 0.09 18 
119 464 486 158 78 137 79 42 36 80 118 80 40 30 80 125 96 33 29 82 134 80 47 35 79 115 88 31 46 61 167 61 40 34 75 111 63 47 49 68 141 79 37 42 78 128 63 31 36 86 133 81 30 35 77 130 71 32 31 69 155 72 35 33 64 141 90 38 29 92 112 93 38 47 237 0.04 8 
120 330 487 72 39 36 76 126 87 37 41 68 136 77 38 39 61 95 72 42 43 69 121 55 40 33 73 160 68 41 48 65 125 89 29 32 55 106 64 34 45 70 142 91 39 30 78 125 71 35 39 66 129 65 51 32 75 139 69 32 32 82 147 59 34 34 64 113 59 31 35 77 124 66 144 0.06 12 
121 135 34 112 76 42 35 13 61 116 69 23 40 54 74 55 23 32 48 135 54 24 24 40 33 70 30 36 64 75 60 34 19 47 115 57 22 27 50 116 35 23 18 33 103 59 29 28 61 97 52 18 31 52 78 67 21 24 49 74 63 27 31 60 91 29 24 29 41 117 47 27 27 51 168 0.07 14 
122 452 435 70 24 34 51 37 19 13 38 77 37 17 16 36 57 49 19 18 38 48 40 21 17 51 54 40 8 22 35 52 21 15 19 34 54 40 13 16 20 72 30 13 14 49 74 37 14 15 40 69 37 15 12 40 61 35 15 19 27 58 33 16 19 33 57 46 19 27 37 65 43 22 105 0.02 4 
123 12 58 41 67 41 21 12 30 43 48 25 25 36 80 35 16 16 41 69 37 20 12 39 76 38 17 22 37 85 38 23 18 18 74 46 19 11 45 66 35 15 20 41 82 37 16 20 39 58 59 19 32 27 52 33 23 21 40 54 49 22 15 40 54 54 19 15 27 72 43 18 16 46 82 0.03 6 
124 255 366 92 93 49 20 20 40 85 36 18 22 57 69 37 23 23 37 56 47 21 26 49 65 40 22 25 46 83 42 22 19 49 69 43 22 27 54 85 49 18 21 47 65 45 19 22 47 66 38 25 17 51 76 43 22 24 53 80 48 18 23 48 97 39 25 27 50 92 47 23 22 46 138 0.04 8 
125 441 301 82 34 18 22 44 69 45 19 19 45 85 48 20 15 33 66 41 24 18 40 69 46 17 18 40 56 38 18 24 42 62 47 21 23 49 63 43 17 22 41 61 39 23 16 43 74 38 20 22 48 73 40 20 19 44 80 36 23 18 39 66 42 17 23 38 70 42 24 16 45 86 123 0.04 8 
126 227 1 172 72 121 97 41 53 82 149 110 42 46 64 106 85 36 36 95 137 72 44 44 104 159 80 43 42 124 138 83 43 42 75 156 60 34 35 74 180 104 42 57 80 149 69 37 47 98 160 83 37 44 85 170 79 38 60 77 150 84 44 37 98 112 74 39 41 84 155 89 48 48 258 0.04 8 
127 415 358 33 16 3 19 5 4 6 7 17 15 14 5 5 10 12 10 6 4 12 4 13 3 6 11 21 18 8 4 20 3 14 5 6 13 30 11 0 13 8 9 16 5 10 29 28 4 9 8 25 28 16 0 8 5 36 6 1 9 10 38 14 4 7 4 28 10 9 10 11 12 16 44 0.05 10 
128 351 431 46 40 29 22 48 64 44 25 23 43 69 42 20 18 41 70 53 27 20 46 78 37 25 21 37 87 39 24 20 40 69 38 21 21 42 71 41 24 18 43 83 41 24 21 50 64 36 21 20 35 71 50 19 27 47 65 44 23 16 48 75 46 24 29 37 60 49 21 18 42 91 92 0.06 12 
129 448 216 60 17 21 27 48 31 20 11 47 67 21 17 12 32 37 37 13 15 22 44 30 20 21 42 41 33 16 12 29 54 31 12 14 33 53 21 11 12 34 37 28 16 16 31 39 25 16 16 25 65 35 18 17 25 58 23 15 18 31 54 28 14 13 16 53 33 12 15 24 41 25 90 0.03 6 
130 3 197 27 37 39 25 10 10 24 45 26 11 14 20 41 21 12 17 27 51 23 11 13 24 35 29 12 10 26 43 28 12 13 23 40 28 15 12 28 61 26 9 11 21 42 23 13 7 26 38 36 11 15 36 53 21 15 16 33 38 31 9 11 27 42 25 12 12 32 49 32 8 17 54 0.08 16 
131 174 371 102 23 26 37 82 45 19 28 49 103 56 27 22 47 75 32 19 19 58 95 50 24 24 53 82 50 28 36 50 86 70 22 19 49 70 46 25 26 66 64 69 28 22 50 69 40 24 17 48 60 40 27 26 45 79 47 30 20 67 88 32 20 28 30 67 62 23 18 47 98 66 153 0.08 16 
132 294 160 279 129 106 42 53 93 184 83 36 44 100 157 118 39 40 76 170 74 43 44 90 155 86 46 53 79 179 79 49 49 90 135 84 45 45 87 167 95 41 59 107 138 108 47 54 103 152 116 52 39 85 177 89 57 40 101 177 81 41 41 95 172 107 43 52 87 167 103 52 43 101 372 0.06 12 
133 413 385 42 66 48 16 12 35 84 33 20 15 40 53 66 18 22 27 72 42 21 14 35 67 56 20 21 47 62 44 25 17 57 64 24 19 15 55 48 40 22 31 29 78 39 25 27 60 92 53 19 20 30 78 30 40 24 53 54 40 18 21 38 71 53 25 20 41 64 53 24 18 41 84 0.03 6 
134 46 482 74 25 15 32 62 37 20 21 33 60 35 17 15 26 64 46 18 19 33 61 42 17 19 48 60 45 19 18 42 83 33 21 14 44 66 32 15 17 28 87 26 15 16 43 42 31 17 19 35 50 38 19 17 24 65 39 17 15 29 61 36 19 16 33 53 37 15 23 37 62 29 111 0.04 8 
135 213 206 26 12 7 6 20 22 15 6 8 4 21 11 4 7 17 17 19 5 8 12 7 14 5 4 11 11 18 9 5 13 31 8 10 4 13 23 11 9 10 8 23 5 4 7 12 17 10 5 3 15 26 15 9 8 8 10 12 6 6 14 28 10 7 4 6 24 10 7 5 14 18 39 0.08 16 
136 126 170 84 15 29 38 23 14 10 22 43 28 17 9 30 41 29 11 16 22 48 27 16 14 25 47 30 13 10 37 55 29 15 15 28 48 30 12 14 26 57 27 11 18 35 56 24 13 14 32 47 32 16 12 24 48 23 14 15 32 52 26 12 14 30 43 28 11 15 31 46 24 13 112 0.08 16 
137 356 410 61 28 58 115 59 24 27 72 113 47 27 30 40 137 81 30 35 70 96 75 29 29 70 89 87 33 30 68 71 61 22 24 82 81 55 30 27 85 118 61 32 41 56 76 75 21 35 52 99 71 33 29 66 109 60 30 33 79 97 74 24 52 49 94 65 27 27 70 73 86 21 122 0.03 6 
138 233 350 46 2 28 42 13 19 16 8 59 31 17 8 31 44 18 12 12 18 46 23 8 5 28 44 33 13 15 7 50 30 16 16 6 31 15 22 6 19 20 20 12 7 27 7 24 8 5 28 50 30 7 21 24 89 36 9 11 17 58 37 15 7 14 44 18 3 7 38 17 18 14 69 0.07 14 
139 290 360 72 38 19 15 10 21 43 24 7 7 27 61 31 9 12 26 34 24 13 14 27 39 21 13 12 23 40 25 9 11 24 49 25 13 10 25 41 32 10 13 26 39 17 11 12 18 37 25 11 13 22 35 17 14 14 24 31 29 8 11 21 42 22 8 14 20 32 20 9 11 23 96 0.05 10 
140 481 255 168 41 86 126 99 46 47 68 125 99 47 37 89 124 85 35 34 95 130 75 42 48 87 122 88 34 33 103 131 82 49 40 88 122 93 47 37 88 114 85 46 45 81 141 88 41 52 76 150 69 47 48 97 126 60 46 46 74 136 79 47 36 86 126 86 52 35 98 125 76 35 252 0.05 10 
141 301 307 78 64 151 90 33 42 69 104 60 35 35 81 112 95 49 33 87 160 63 42 41 82 125 71 36 36 85 116 76 32 41 84 118 81 28 48 62 128 90 42 38 86 129 77 42 31 71 114 66 32 36 66 153 90 37 39 87 116 73 43 33 90 129 66 38 48 71 142 99 41 34 156 0.04 8 
142 167 259 90 41 97 131 95 41 41 94 132 115 44 38 98 152 76 47 38 80 161 80 65 36 63 170 109 51 49 99 214 118 45 48 100 178 98 46 46 83 199 90 55 30 101 135 85 48 32 79 153 109 32 41 80 165 107 44 42 95 169 75 45 41 83 165 92 50 45 122 137 65 51 180 0.05 10 
143 415 256 44 48 89 54 24 20 47 72 57 16 22 38 77 40 21 25 45 63 46 21 22 39 62 48 23 22 53 76 43 22 18 52 68 36 25 26 42 65 32 21 16 41 68 40 26 26 41 59 49 19 23 52 84 32 22 21 32 89 44 17 20 45 77 45 21 23 40 54 42 21 20 88 0.09 18 
144 81 356 100 53 45 88 182 85 66 64 107 177 94 64 63 80 168 97 56 50 97 164 119 49 55 112 204 121 47 54 112 140 74 52 55 86 147 84 40 51 101 139 125 48 51 105 178 108 45 47 83 159 101 43 50 73 225 106 52 61 96 172 107 48 50 116 176 77 64 61 108 172 92 200 0.08 16 
145 248 161 282 49 102 147 93 47 59 124 133 86 50 55 68 163 80 53 46 73 164 100 46 56 95 135 88 47 51 88 164 106 47 51 113 184 105 53 59 70 147 95 63 38 110 169 107 59 38 89 201 91 33 37 92 176 110 39 31 107 186 101 60 48 83 164 98 33 35 91 164 91 50 376 0.08 16 
146 352 48 69 7 31 48 2 7 13 15 28 14 15 11 20 58 25 13 11 19 35 18 10 8 20 48 33 5 8 13 36 34 11 14 21 32 33 2 9 19 17 23 2 6 34 45 22 18 0 23 13 19 13 2 23 31 24 6 19 28 19 33 8 7 14 35 15 3 8 27 45 22 5 92 0.04 8 
147 152 344 90 191 96 37 39 72 158 96 49 53 82 167 83 51 45 90 189 87 59 47 99 162 96 56 54 88 191 108 36 37 93 137 88 39 54 106 170 87 36 45 82 171 90 39 40 81 145 108 48 49 107 147 83 37 54 102 169 73 50 35 96 151 104 36 37 81 134 92 44 38 97 180 0.08 16 
148 94 498 92 42 24 20 42 76 76 25 33 45 68 67 18 23 33 72 25 28 24 35 109 50 31 27 57 45 60 16 22 39 73 43 28 20 49 70 49 27 16 36 50 48 22 26 58 50 40 31 27 35 80 48 31 21 25 81 21 24 19 44 110 37 27 25 61 66 47 26 20 56 109 138 0.07 14 
149 294 389 194 52 40 111 165 104 45 42 103 180 95 44 39 108 171 86 41 49 117 186 113 41 47 122 148 105 52 57 102 171 107 54 60 109 166 111 51 41 114 123 96 58 44 102 155 90 54 45 111 189 82 40 41 88 196 91 55 54 114 177 95 53 54 104 142 107 51 49 92 178 107 291 0.06 12 
150 308 99 240 77 42 32 76 142 80 32 52 104 134 77 39 48 96 132 67 33 38 72 114 68 32 36 65 197 77 49 31 69 134 82 37 45 80 145 71 49 53 85 128 75 39 41 90 142 96 35 33 76 121 95 50 44 84 140 73 26 47 63 158 95 38 40 90 107 86 34 33 82 117 320 0.09 18 
