200 20 14766
0 467 214 29777 27197 27200 27205 27191 27202 27193 27204 27202 27197 27201 27217 27206 27197 27206 27191 27191 27203 27196 27201 27196 0.01
1 97 167 23 12 7 17 42 21 16 10 22 58 17 12 18 25 39 20 11 11 34 36 16 10 13 20 43 10 7 9 22 46 22 10 15 5 30 21 8 17 22 13 30 8 15 21 35 18 13 11 26 58 24 14 14 16 38 23 13 13 26 34 32 8 11 20 12 28 22 8 35 21 26 46 0.05 10 
2 267 34 120 54 43 24 21 54 53 47 14 12 72 87 18 14 23 39 74 32 21 16 40 60 38 16 15 44 23 55 16 24 25 77 52 18 22 44 82 43 20 18 40 35 37 18 26 59 94 45 16 20 50 72 49 16 16 40 48 37 11 27 33 77 58 31 19 39 86 31 21 16 50 160 0.08 16 
3 88 334 22 20 4 10 25 32 22 10 12 29 54 35 11 7 30 26 19 9 16 13 66 14 14 10 19 48 18 8 10 19 42 18 13 8 20 20 33 9 8 32 52 23 11 9 13 41 23 10 11 11 41 17 16 10 28 36 26 13 14 18 53 29 9 11 30 21 21 14 8 30 20 44 0.04 8 
4 38 328 76 21 18 38 51 32 17 17 37 72 34 21 18 42 67 35 20 15 37 58 34 18 21 34 66 35 16 17 43 54 34 17 18 35 59 35 18 21 34 73 42 19 17 33 60 32 23 21 37 62 36 17 18 38 49 39 23 16 40 66 43 21 17 38 71 38 15 17 43 64 33 114 0.07 14 
5 28 390 30 17 5 6 6 42 8 2 6 10 24 11 9 8 19 0 15 4 4 2 8 0 2 4 12 25 8 5 8 17 20 14 1 4 16 17 8 4 9 7 7 9 1 6 4 15 16 6 4 4 14 17 7 6 8 1 7 6 4 18 29 8 5 8 17 16 0 2 0 8 17 40 0.03 6 
6 304 314 222 94 32 34 62 144 73 45 32 57 125 78 38 35 84 117 60 42 39 89 126 56 31 49 75 131 79 35 35 54 149 97 44 37 66 143 67 32 28 82 102 66 30 32 79 111 61 31 29 62 132 90 39 38 88 100 83 44 35 80 127 93 25 32 94 144 77 39 37 83 125 296 0.07 14 
7 121 268 194 52 128 207 81 55 40 101 172 130 46 50 95 161 86 43 49 74 217 78 49 42 88 146 104 42 48 93 163 121 49 42 72 186 117 43 43 103 174 107 37 59 117 134 82 43 55 89 203 110 52 53 121 152 111 66 44 86 180 120 37 47 95 158 85 52 48 82 155 104 46 291 0.03 6 
8 42 455 64 35 59 32 18 19 34 59 28 16 13 33 58 24 15 13 27 66 27 14 15 24 60 32 16 18 30 55 39 17 22 31 67 24 13 17 31 58 26 17 14 37 64 26 13 14 36 46 30 16 17 33 40 25 12 14 35 55 40 19 13 30 46 29 18 21 28 40 32 20 17 96 0.05 10 
9 125 394 82 17 38 81 37 19 18 34 62 38 21 15 36 66 34 20 22 37 66 33 18 21 45 65 38 22 20 45 72 47 18 23 36 61 41 22 24 36 73 39 16 18 37 64 42 21 22 49 62 37 21 19 37 78 30 22 20 38 73 45 19 18 37 69 48 19 19 39 72 42 25 123 0.03 6 
10 303 454 31 34 11 19 16 85 23 19 18 32 47 30 12 7 32 57 37 15 15 37 42 23 14 15 6 36 30 18 12 17 57 32 17 18 25 54 34 18 12 26 64 30 9 18 37 51 31 17 22 29 48 22 16 13 28 49 30 12 24 25 30 24 15 11 36 58 26 11 18 39 43 62 0.04 8 
11 71 451 21 10 14 28 71 13 9 13 13 26 29 9 10 16 37 3 7 5 21 28 9 12 11 18 16 19 10 13 30 50 37 19 11 11 31 11 5 10 27 15 16 1 13 19 44 21 11 17 30 38 28 11 22 0 2 3 6 18 22 30 6 14 15 18 38 20 7 7 31 46 40 42 0.07 14 
12 161 70 12 6 15 26 10 7 9 7 32 11 5 2 17 26 13 7 7 10 15 12 4 5 4 23 11 7 7 17 21 7 2 7 14 28 6 8 5 15 19 12 6 9 13 23 15 4 6 2 30 16 6 5 14 5 11 5 6 13 17 10 5 3 11 18 14 8 3 16 19 6 9 24 0.04 8 
13 330 131 94 49 69 134 110 48 52 108 158 99 44 53 85 152 102 43 41 67 131 95 54 55 117 185 76 47 42 93 198 98 49 41 78 170 93 39 43 84 162 105 47 49 75 147 100 44 37 111 158 102 39 54 97 142 80 49 46 93 118 114 32 50 90 149 100 49 49 106 140 110 58 188 0.03 6 
14 35 148 80 85 39 40 72 140 64 49 41 61 132 100 40 48 68 159 74 36 38 73 168 64 32 48 99 154 73 38 55 57 120 87 42 44 95 109 90 36 41 81 126 68 31 43 76 119 68 46 44 72 108 105 39 41 70 125 105 36 40 74 149 87 42 42 92 161 82 51 51 97 117 160 0.09 18 
15 169 81 92 77 52 54 83 166 71 41 47 93 149 85 41 43 89 171 83 30 41 111 172 97 46 56 81 159 110 52 40 132 165 96 43 39 96 163 104 41 44 74 159 115 56 34 96 190 112 32 52 99 153 101 39 64 115 153 95 57 41 104 202 116 35 39 85 141 109 41 44 95 182 184 0.09 18 
16 38 453 34 17 38 55 43 19 5 34 54 33 9 17 34 77 24 20 6 25 63 20 18 23 25 68 21 13 13 27 47 46 21 16 28 29 31 13 17 24 54 31 22 14 43 60 36 15 17 26 28 28 20 12 25 55 27 10 13 37 67 28 21 19 32 51 38 23 14 32 76 29 17 68 0.08 16 
17 62 402 51 91 62 23 27 42 74 46 23 32 49 64 40 30 20 67 92 36 31 33 38 89 54 24 17 48 102 54 25 33 40 87 50 31 22 50 78 53 21 28 49 75 70 36 27 52 87 52 34 20 64 72 33 23 28 55 86 41 29 28 44 100 45 22 36 62 102 44 25 23 61 102 0.03 6 
18 220 400 150 27 54 66 41 30 26 42 75 60 22 25 47 81 42 24 29 56 86 68 30 26 55 87 67 23 27 60 78 57 24 29 55 81 40 26 22 36 65 46 19 24 55 94 44 22 20 52 86 63 26 19 53 97 51 26 20 51 94 50 24 28 59 70 48 22 19 58 85 62 33 200 0.04 8 
19 8 196 174 61 81 47 33 28 50 130 54 25 24 48 79 39 33 24 45 81 53 23 26 45 126 68 28 30 50 103 61 28 28 71 65 61 22 37 59 122 49 27 27 61 121 54 24 22 63 113 80 35 25 50 114 62 28 26 49 98 66 27 39 70 78 63 42 37 64 113 71 35 25 232 0.02 4 
20 134 82 26 12 7 5 13 16 15 9 7 14 27 14 7 5 13 26 11 5 4 7 34 10 7 6 17 22 14 7 6 12 24 11 2 4 12 29 14 3 8 7 25 14 7 4 11 25 12 7 9 8 22 10 6 6 11 25 12 10 5 15 23 13 6 6 11 36 9 5 5 10 21 39 0.07 14 
21 1 295 81 60 24 15 9 12 76 26 15 20 36 44 20 17 26 16 30 35 7 14 19 43 22 8 19 29 61 21 13 10 27 45 50 10 7 26 41 30 13 15 26 54 36 16 13 28 40 31 15 14 32 69 33 9 6 27 63 31 22 7 32 42 30 15 4 24 50 31 13 26 36 108 0.03 6 
22 276 252 54 27 61 39 10 15 11 58 26 8 10 39 39 22 10 13 17 48 27 7 6 0 36 25 5 28 20 57 23 15 14 36 42 18 7 21 23 19 16 10 16 40 57 17 22 16 4 41 20 8 21 23 55 18 22 6 21 93 39 7 9 42 68 35 15 11 23 53 21 11 7 81 0.08 16 
23 31 170 39 25 15 19 3 10 10 29 19 11 0 20 5 5 4 8 4 46 16 8 7 13 41 25 5 2 15 34 16 2 6 7 14 22 10 6 11 16 8 13 7 16 13 9 7 4 21 44 11 6 5 5 34 7 6 8 2 11 13 0 5 7 23 33 7 3 12 41 23 9 7 52 0.02 4 
24 198 292 201 35 33 76 109 71 32 31 64 89 86 41 23 57 106 64 26 36 51 120 64 28 35 74 107 75 33 34 61 125 82 27 32 64 115 60 31 41 78 134 59 34 40 78 126 64 30 34 73 108 75 27 39 78 98 60 41 34 84 115 62 30 36 59 95 66 31 33 75 148 56 268 0.09 18 
25 8 357 60 43 28 17 7 42 63 11 12 12 21 78 20 21 18 39 22 33 14 15 28 70 56 16 14 19 42 38 20 18 24 33 10 13 3 18 22 35 2 18 30 66 15 9 9 38 55 48 16 11 31 58 48 6 19 19 31 13 14 22 37 49 37 16 12 39 52 24 17 18 34 90 0.02 4 
26 217 408 44 21 37 20 11 7 15 37 23 13 10 28 31 14 9 7 17 26 15 12 12 12 39 25 8 7 16 31 17 11 13 21 35 22 9 14 24 28 28 9 10 22 29 24 13 11 17 52 23 13 7 21 38 17 7 10 29 37 16 13 11 21 39 22 11 10 24 24 13 13 11 66 0.03 6 
27 244 321 63 28 33 66 122 68 30 32 52 86 68 33 31 53 117 62 26 36 53 113 69 29 31 63 132 58 27 28 79 84 79 39 26 68 96 75 36 33 57 134 49 38 29 61 121 51 26 28 83 119 73 36 26 47 107 62 30 33 78 99 70 30 25 75 88 57 35 37 69 103 67 126 0.05 10 
28 437 13 80 41 43 99 132 68 35 62 74 161 81 44 45 71 167 82 36 34 95 146 77 41 41 83 141 96 35 38 86 117 65 35 34 103 112 80 43 33 82 161 92 34 45 79 131 103 38 34 82 152 77 44 35 70 123 75 28 40 69 142 67 43 42 73 163 91 49 37 77 137 79 160 0.02 4 
29 498 157 136 60 106 67 42 30 62 109 77 38 26 68 135 53 39 29 67 93 61 39 39 55 103 79 36 29 63 101 74 26 28 55 119 77 25 42 56 95 62 30 27 75 105 54 32 38 71 107 63 29 26 59 130 60 38 35 88 111 74 33 36 58 127 66 31 33 54 105 73 35 33 204 0.02 4 
30 258 86 98 91 54 40 12 47 93 27 22 34 86 83 55 18 24 56 100 37 27 20 40 80 68 21 22 59 76 53 23 18 45 88 64 23 20 45 88 61 25 22 44 86 49 28 35 54 116 37 21 21 47 112 64 31 14 39 61 31 17 29 58 77 40 10 25 35 75 53 18 30 59 147 0.09 18 
31 355 334 116 26 27 53 98 59 25 26 48 103 66 21 24 44 78 59 29 31 53 73 60 30 35 44 88 49 25 27 66 101 49 30 27 53 100 75 31 33 54 102 44 28 29 48 98 64 19 28 54 99 59 31 31 71 101 64 31 21 52 96 74 29 25 74 117 45 33 32 52 100 47 174 0.05 10 
32 385 345 132 52 27 21 52 82 35 20 29 53 82 55 24 21 33 59 42 25 25 53 68 47 28 21 39 65 37 28 18 46 79 40 25 25 41 98 33 26 23 47 59 37 21 22 47 66 39 25 24 48 63 44 20 20 35 61 40 15 17 38 79 39 17 21 44 63 44 22 20 36 69 176 0.07 14 
33 14 324 19 17 9 8 23 32 11 16 8 15 34 10 13 8 21 39 24 6 7 20 43 18 9 10 19 29 19 10 8 19 33 25 6 7 21 31 22 12 5 16 38 23 9 4 23 19 19 10 7 19 24 18 8 9 15 27 17 9 12 16 39 12 10 9 17 28 11 9 8 13 28 38 0.02 4 
34 430 398 86 48 46 78 153 95 30 34 93 112 83 37 29 105 151 69 43 45 85 138 82 42 40 89 189 79 42 50 92 95 114 43 52 99 150 97 56 33 85 160 77 39 36 90 170 71 43 52 93 141 59 41 29 69 118 114 39 52 102 120 91 34 52 81 169 69 31 46 89 131 98 172 0.09 18 
35 416 361 52 68 107 43 22 29 48 97 47 21 26 48 104 52 20 15 59 82 65 21 30 54 90 59 27 21 61 75 56 27 29 61 87 47 25 19 64 80 56 23 26 52 101 59 33 27 64 96 47 21 29 58 77 49 26 33 53 101 50 37 20 55 94 61 22 29 47 95 39 32 27 104 0.07 14 
36 135 285 17 13 23 43 25 7 9 19 34 32 7 4 20 45 30 9 18 28 13 0 9 12 17 15 6 4 13 11 0 21 5 6 15 12 22 16 17 8 40 17 13 0 12 7 11 8 7 18 17 13 12 4 10 7 11 9 1 25 29 25 5 22 4 53 19 11 2 24 36 13 10 34 0.09 18 
37 274 462 122 76 25 34 50 126 70 25 27 55 94 56 32 24 48 101 61 33 25 53 96 65 30 31 55 113 68 34 33 50 118 57 27 32 49 92 66 26 31 53 107 45 25 32 67 86 52 28 23 52 117 56 37 26 58 90 70 33 37 52 109 64 29 27 62 101 57 30 28 70 123 183 0.05 10 
38 131 60 183 67 88 58 28 33 52 92 56 22 29 61 100 69 28 33 49 94 68 26 34 59 106 57 33 34 70 97 70 29 37 74 117 65 27 29 56 104 73 35 37 52 84 53 33 29 60 120 59 27 32 54 101 48 31 34 51 117 50 36 36 54 115 63 29 37 46 90 55 27 36 244 0.02 4 
39 477 432 75 84 37 44 78 104 76 44 43 70 121 74 36 47 71 136 61 50 40 87 117 64 30 36 81 130 80 37 42 60 101 74 30 36 84 127 62 33 35 72 134 58 31 33 66 112 70 33 34 61 125 76 43 29 66 127 83 32 39 61 124 88 39 34 87 129 66 39 31 83 106 150 0.05 10 
40 139 271 282 77 169 94 42 44 108 146 82 40 54 82 157 111 58 51 106 175 100 44 46 91 144 98 55 42 112 159 89 47 44 83 159 75 55 48 104 123 105 43 56 111 151 108 49 51 94 178 98 38 44 85 170 97 46 59 72 176 99 37 46 89 137 90 48 40 87 182 110 48 36 376 0.05 10 
41 124 253 177 24 86 102 50 27 35 58 88 57 26 33 51 107 51 25 30 47 115 71 36 21 70 97 50 42 35 60 76 57 37 29 70 90 46 24 18 51 76 63 26 39 53 69 61 31 23 53 91 71 28 36 48 86 54 31 30 71 88 51 34 43 56 72 51 40 25 52 115 45 27 236 0.09 18 
42 273 181 135 38 81 49 20 19 34 66 39 21 25 47 85 44 22 23 35 76 36 16 20 42 86 43 23 19 53 71 52 20 27 41 75 50 23 22 53 87 49 20 25 35 75 38 24 25 47 79 43 21 21 45 73 51 17 21 51 84 50 23 26 48 73 50 18 19 39 79 46 18 18 180 0.04 8 
43 64 279 73 43 37 62 111 82 31 45 82 119 78 36 34 80 121 82 29 33 67 126 87 27 41 63 126 61 40 37 68 121 75 33 38 78 114 74 38 43 68 98 68 34 42 97 121 58 32 41 69 137 72 43 34 79 115 82 34 33 72 117 63 30 41 84 117 67 31 40 72 108 77 146 0.08 16 
44 495 455 186 75 22 34 68 113 47 51 23 80 82 48 31 31 50 121 57 22 25 73 95 39 28 33 66 84 54 23 28 72 107 66 34 21 53 79 46 25 27 45 109 44 30 27 60 145 43 34 18 81 99 53 28 41 69 105 47 27 35 67 102 70 28 39 47 101 57 33 33 51 90 248 0.07 14 
45 37 79 50 86 59 23 27 53 78 41 28 28 54 78 51 23 30 61 87 53 26 22 48 88 47 22 27 59 80 49 27 29 41 90 46 21 29 42 84 46 25 20 47 75 59 21 28 48 95 54 23 21 61 66 51 28 25 38 83 49 24 32 52 80 50 26 32 36 104 41 30 20 54 100 0.03 6 
46 359 321 135 44 78 46 27 23 51 67 69 18 13 31 50 51 13 19 64 68 34 21 15 39 84 20 24 28 42 75 26 26 22 50 68 27 20 23 22 59 59 17 30 50 66 35 23 18 49 65 65 25 20 59 63 46 31 18 41 124 55 16 20 34 84 55 27 19 56 51 61 28 19 180 0.08 16 
47 130 240 165 22 46 104 63 27 26 65 88 41 33 29 46 89 61 23 24 45 86 58 30 28 48 85 52 29 21 46 95 58 30 27 47 109 59 29 27 45 100 52 28 30 53 90 55 30 25 58 92 64 26 32 40 92 49 24 32 59 121 45 23 31 52 83 55 29 26 70 111 43 31 220 0.06 12 
48 323 355 174 24 14 43 78 69 20 36 47 134 59 29 17 34 52 53 28 27 62 112 60 26 23 51 121 46 22 33 48 102 65 25 22 45 97 64 27 38 67 74 61 28 25 64 68 56 24 22 71 108 74 24 29 48 105 48 25 28 50 78 45 26 21 47 82 43 26 25 56 116 57 232 0.03 6 
49 452 145 249 92 37 36 78 171 73 49 42 90 141 84 52 36 87 117 74 36 36 83 166 96 41 32 71 151 96 42 49 92 141 74 39 35 99 172 96 48 39 90 128 80 50 43 91 154 65 45 41 98 125 65 46 37 71 135 74 41 41 66 153 94 52 52 82 119 93 37 31 76 144 332 0.02 4 
50 326 153 51 18 9 9 10 36 15 6 6 10 19 6 10 6 13 31 12 8 6 11 25 11 7 2 24 26 9 8 8 11 33 11 9 12 16 14 19 6 10 10 26 18 8 6 17 16 20 12 9 23 29 20 4 10 7 30 15 3 8 15 36 18 10 5 14 27 15 6 7 14 24 68 0.06 12 
51 59 96 123 28 23 14 32 87 59 23 27 39 51 34 16 21 30 51 41 16 13 26 45 43 14 27 38 83 44 24 18 38 84 47 31 13 49 74 53 21 16 44 65 33 18 28 46 58 44 29 16 37 57 27 29 23 37 56 66 33 16 35 62 40 23 24 42 55 41 19 26 38 66 164 0.09 18 
52 165 174 104 101 65 23 28 39 89 50 32 22 42 61 60 29 25 57 86 63 25 23 36 86 46 26 30 48 90 58 21 18 48 75 47 20 23 38 102 60 22 30 65 84 69 28 20 55 82 45 31 25 48 115 46 29 31 75 66 62 21 36 42 88 50 24 30 50 85 53 34 26 46 156 0.04 8 
53 343 477 39 5 5 13 31 9 8 3 15 20 20 4 7 13 16 17 7 8 13 23 12 8 5 15 23 13 7 5 15 19 11 5 4 11 25 19 6 4 17 19 11 7 7 12 23 10 5 10 15 17 13 6 5 12 25 16 7 7 9 25 6 9 7 18 20 15 7 6 13 22 13 52 0.04 8 
54 37 419 114 14 34 62 35 24 19 34 74 33 21 17 46 57 36 22 12 31 65 31 16 15 41 54 27 22 12 40 52 33 21 19 35 60 33 25 17 37 44 39 17 23 41 68 36 16 16 40 66 31 22 13 31 66 45 17 19 38 86 41 13 17 26 61 25 19 17 31 67 36 16 152 0.09 18 
55 47 461 180 149 81 40 39 87 143 78 37 39 94 170 99 38 43 99 154 77 48 39 100 129 93 40 47 98 140 94 48 39 67 162 88 36 48 77 150 102 56 38 87 175 98 36 50 91 141 93 46 47 80 170 85 48 49 83 136 87 35 52 84 131 91 47 42 94 138 87 49 52 72 270 0.03 6 
56 321 204 66 64 35 32 65 78 68 36 39 66 73 54 32 34 92 137 86 31 37 52 140 95 21 32 66 80 90 23 34 60 93 67 26 35 81 85 72 34 21 50 99 52 39 34 53 115 38 30 27 60 73 77 34 37 77 133 59 45 27 52 119 73 39 42 77 87 60 33 23 84 101 132 0.03 6 
57 365 413 20 22 13 8 18 36 20 10 9 24 32 18 9 11 19 28 20 8 10 16 37 19 10 10 23 32 22 10 9 23 30 23 10 10 25 36 22 12 8 18 34 15 8 10 15 38 14 7 10 14 37 15 8 9 19 32 19 9 9 19 32 21 10 11 15 35 18 10 10 14 35 40 0.07 14 
58 427 455 46 15 19 12 25 30 17 8 12 12 74 16 17 12 36 37 28 17 3 21 27 29 16 15 24 39 28 7 9 37 59 33 13 11 23 30 25 14 11 15 41 13 17 14 15 32 26 17 11 26 14 22 18 4 25 46 31 17 12 17 30 23 15 15 26 53 0 6 17 20 49 69 0.08 16 
59 287 473 12 5 9 19 16 5 5 11 14 16 9 7 8 16 8 7 10 15 22 5 8 4 16 24 5 5 8 7 18 15 7 4 10 38 2 5 7 6 21 7 4 4 4 26 12 3 3 13 23 13 4 5 13 23 12 7 6 8 25 14 2 4 14 24 12 5 5 17 24 13 4 24 0.07 14 
60 333 424 66 65 43 16 22 34 54 32 25 17 28 87 37 11 17 39 62 40 12 17 31 51 33 20 19 33 71 30 15 19 36 66 29 14 20 32 47 27 18 17 42 43 22 16 10 25 62 29 11 16 29 50 23 13 15 21 56 38 15 19 51 46 31 17 14 29 63 30 21 19 37 99 0.02 4 
61 480 251 64 8 12 29 64 27 6 18 29 72 17 22 7 20 43 39 29 16 22 43 36 9 16 42 41 18 23 8 41 49 36 12 25 41 27 24 15 12 24 28 28 16 22 35 69 41 15 17 38 40 24 24 14 39 47 54 20 13 33 59 30 13 19 18 55 30 10 22 20 82 30 96 0.06 12 
62 138 44 152 43 36 75 142 61 29 30 84 143 77 31 42 82 167 68 42 45 68 130 65 45 45 69 126 70 37 30 85 100 85 39 49 63 110 91 33 39 66 128 69 33 40 65 130 90 32 36 92 129 101 35 28 74 152 71 38 33 79 124 75 30 34 79 114 78 41 40 67 124 63 228 0.05 10 
63 296 254 86 90 36 33 78 149 83 45 40 108 128 99 49 48 92 129 93 36 47 85 159 88 40 36 89 137 76 44 48 67 121 72 36 43 82 127 65 44 47 83 131 94 41 41 84 171 79 35 49 79 124 85 46 28 93 142 82 41 37 65 124 66 36 49 95 155 94 47 40 101 125 172 0.02 4 
64 337 3 120 41 26 56 93 63 34 34 63 164 54 30 28 58 87 53 30 31 59 63 76 28 29 63 108 73 31 24 54 96 39 25 35 80 120 37 30 38 46 69 46 25 18 31 86 37 37 27 59 112 65 41 24 58 94 57 26 28 64 119 51 35 33 44 135 49 25 33 61 118 62 180 0.08 16 
65 23 249 60 31 47 89 54 32 35 51 108 69 28 24 53 96 51 26 25 68 93 73 31 35 56 102 48 24 33 52 88 71 25 23 70 98 60 27 28 51 93 63 26 26 49 116 62 35 31 54 101 48 25 34 73 112 58 34 34 70 107 56 26 36 58 86 64 31 33 62 114 64 24 120 0.06 12 
66 487 416 76 131 68 37 42 73 133 64 30 37 74 123 90 30 40 66 107 75 32 36 68 120 63 31 44 67 123 89 40 38 74 124 79 36 43 63 129 64 43 43 84 134 59 35 42 65 145 81 31 31 76 113 89 36 41 74 140 73 32 36 79 106 78 34 30 70 125 88 40 30 63 152 0.02 4 
67 167 309 17 7 11 18 28 14 7 7 23 20 15 5 9 17 25 15 8 11 25 46 27 8 9 14 30 6 8 7 14 32 14 6 7 17 42 21 5 6 16 18 20 9 7 15 26 20 11 8 24 27 11 6 6 9 34 16 9 7 24 31 34 10 7 12 26 24 11 7 19 13 16 34 0.02 4 
68 448 36 58 34 21 52 102 53 27 27 70 99 54 25 32 58 116 60 24 21 66 97 50 23 24 70 96 61 29 32 53 98 51 31 29 54 110 68 36 34 69 91 42 25 31 62 83 61 28 32 61 82 51 33 27 61 113 69 25 32 60 94 55 26 25 60 84 70 27 26 72 112 52 116 0.03 6 
69 15 25 171 68 101 55 34 34 67 103 44 28 29 54 85 46 32 26 53 107 53 26 26 67 84 60 31 31 49 109 58 32 33 57 79 55 28 27 61 94 66 31 27 54 96 55 20 26 49 87 53 26 31 43 106 50 33 30 62 86 46 24 33 70 86 61 27 22 60 117 52 22 33 228 0.03 6 
70 184 91 62 57 92 64 25 31 69 103 59 34 28 57 89 60 31 29 58 117 64 27 32 71 100 66 39 28 51 96 69 35 36 60 90 64 36 33 54 105 72 28 33 72 91 72 34 34 68 88 63 28 32 54 109 66 30 36 72 111 64 32 31 56 102 56 25 35 56 96 77 27 29 124 0.07 14 
71 483 475 41 67 45 24 23 42 71 42 19 24 35 58 37 21 20 37 73 40 17 22 39 60 34 21 19 53 80 33 23 19 35 68 39 16 25 35 61 43 18 24 28 81 50 17 21 37 58 46 22 17 49 67 39 17 23 40 59 33 19 22 48 68 40 20 19 45 80 47 22 17 37 82 0.04 8 
72 140 83 72 65 111 89 41 34 67 120 69 31 29 60 152 89 30 33 88 141 73 31 28 69 123 72 27 32 89 135 58 41 35 45 108 78 39 29 71 116 54 32 41 72 114 93 36 45 72 123 85 44 29 52 134 69 36 28 88 127 81 48 49 61 98 84 47 29 70 110 82 37 38 144 0.02 4 
73 386 368 30 38 21 10 6 18 27 15 4 5 9 12 17 7 6 18 19 16 7 4 14 30 11 8 6 14 9 9 4 7 14 19 16 10 8 25 10 12 5 4 9 37 14 11 9 16 34 15 3 6 13 32 18 10 5 21 23 11 5 8 16 20 14 4 4 13 21 15 7 8 16 45 0.02 4 
74 91 101 36 23 7 12 9 12 9 12 13 1 29 36 19 9 3 7 17 8 5 3 2 3 7 9 10 9 28 14 1 2 12 19 11 6 0 9 14 19 10 10 8 30 10 11 7 5 11 17 4 4 9 45 12 1 4 8 32 8 2 6 11 22 7 15 2 26 18 6 1 11 3 48 0.06 12 
75 326 359 44 28 18 52 93 50 18 21 42 69 56 19 19 49 79 50 18 18 37 59 47 23 18 33 80 58 21 23 36 76 42 26 19 48 72 47 16 24 43 72 30 23 27 46 77 40 27 17 42 60 35 16 29 28 69 32 19 21 36 69 42 22 21 36 78 50 22 23 41 91 43 88 0.04 8 
76 415 260 261 74 38 48 69 158 95 50 41 100 164 91 49 51 69 148 82 36 46 77 174 71 42 44 73 166 63 44 44 86 144 106 50 38 82 142 82 51 42 99 116 76 56 35 73 151 93 38 48 99 127 73 45 36 95 131 76 37 57 85 169 81 42 36 101 179 80 38 36 68 147 348 0.09 18 
77 486 221 39 7 14 19 12 8 6 21 20 10 6 7 12 16 15 7 5 13 21 14 7 8 10 41 14 7 5 14 26 9 6 7 8 24 10 7 8 12 24 13 7 6 11 24 11 6 5 12 23 16 5 6 11 21 16 6 6 16 29 11 6 8 16 27 16 7 6 18 16 12 5 52 0.05 10 
78 205 99 50 23 12 14 18 28 20 14 15 31 53 25 9 14 23 47 14 9 19 20 43 14 8 17 30 37 9 15 14 24 30 27 10 12 28 32 18 13 12 24 36 26 14 17 26 49 27 8 13 22 49 13 13 13 29 52 32 14 13 24 55 20 10 10 23 26 20 9 10 23 54 75 0.02 4 
79 194 406 102 39 17 24 60 107 56 27 29 57 126 56 27 25 37 120 40 25 24 50 104 59 25 29 57 61 45 25 20 31 84 47 33 20 37 65 40 21 23 71 65 48 26 18 51 108 52 20 30 36 80 57 18 19 57 81 82 33 22 43 89 54 26 21 53 102 56 18 20 46 108 153 0.08 16 
80 420 8 10 15 0 13 7 1 17 40 0 2 4 0 27 19 3 0 0 20 16 3 5 22 24 5 5 1 10 0 27 7 0 12 31 11 2 6 14 20 13 0 6 30 27 9 6 8 0 31 10 6 0 0 37 25 8 0 6 0 0 0 3 2 6 7 4 14 0 2 0 1 0 20 0.04 8 
81 48 411 14 7 4 15 15 11 0 4 4 39 13 0 5 21 32 8 5 5 16 16 2 2 5 7 32 17 3 7 12 1 10 10 7 0 56 13 3 3 13 28 24 8 2 14 35 14 6 10 13 13 16 8 5 13 10 10 7 5 7 23 10 7 10 10 25 14 9 5 17 35 13 28 0.04 8 
82 331 200 120 42 52 33 23 23 44 47 53 24 25 37 77 28 17 16 50 47 45 29 15 38 80 43 27 20 42 63 34 16 22 35 83 63 22 24 45 65 52 20 26 41 66 18 16 15 33 69 32 19 25 37 59 23 14 22 33 82 31 22 14 61 83 44 18 24 44 60 43 17 24 160 0.08 16 
83 267 441 97 48 42 100 164 115 49 46 109 170 111 48 54 101 136 93 55 47 79 146 103 55 56 98 174 112 54 45 94 157 77 46 40 85 154 93 46 50 99 143 84 53 41 100 192 109 49 44 98 176 102 43 44 80 168 94 41 57 88 177 84 47 50 80 148 97 47 47 81 175 118 194 0.02 4 
84 389 488 11 3 3 9 18 9 4 6 9 27 4 8 4 7 16 8 4 6 13 4 18 0 4 17 24 20 4 2 12 31 6 0 3 13 15 10 6 7 11 39 9 8 5 14 5 0 3 5 12 23 10 3 9 11 37 13 3 5 5 26 10 7 5 11 16 14 9 11 11 24 5 22 0.07 14 
85 411 386 200 46 44 99 190 105 45 39 89 177 97 44 41 81 174 84 45 51 89 192 123 43 53 117 146 101 42 53 99 185 109 53 41 93 197 118 40 52 95 174 115 52 49 82 154 105 42 43 113 197 102 60 53 90 140 82 44 52 98 186 92 61 40 84 186 101 48 53 106 163 105 300 0.04 8 
86 406 296 24 7 8 10 16 7 2 9 32 6 0 0 0 27 7 7 8 16 22 12 3 2 14 19 14 9 9 11 19 7 3 3 2 20 3 3 5 27 38 1 10 5 0 0 6 0 9 3 22 0 6 7 0 26 18 0 4 1 1 13 5 4 16 1 36 8 4 8 7 0 2 36 0.08 16 
87 384 91 60 110 50 34 32 56 108 55 24 31 49 90 43 31 42 63 90 67 28 27 54 106 69 29 34 48 111 73 23 26 60 125 63 31 27 59 88 47 28 20 43 127 77 29 22 66 114 65 25 27 73 93 57 30 30 70 126 52 31 27 38 101 55 37 29 50 96 55 29 40 47 120 0.05 10 
88 103 220 37 20 32 58 35 18 22 30 70 35 16 19 38 69 28 19 20 32 58 39 18 20 41 81 33 20 22 32 54 30 18 18 30 53 42 14 15 35 54 32 17 21 45 61 44 20 19 34 76 35 17 17 35 55 33 15 16 27 72 40 16 21 36 52 42 19 19 31 55 36 16 74 0.08 16 
89 281 94 24 5 8 19 14 14 3 6 6 4 11 5 7 20 47 14 4 8 2 15 11 8 9 9 25 2 1 6 5 17 12 6 5 20 26 7 9 7 16 14 13 8 5 16 6 9 8 6 7 14 11 6 8 0 44 9 2 5 8 12 5 7 3 17 15 6 9 6 6 11 13 36 0.04 8 
90 367 410 45 13 5 6 19 34 13 5 6 7 41 13 5 4 24 19 17 7 4 22 23 23 9 7 16 22 24 11 10 14 26 17 6 13 23 15 9 9 8 13 57 12 10 7 21 38 21 1 7 8 28 17 9 7 19 20 17 4 11 8 21 15 7 7 6 22 24 6 10 24 37 60 0.03 6 
91 254 126 72 38 42 60 130 73 29 37 64 125 79 31 39 80 128 77 37 29 62 105 85 43 33 76 129 62 38 33 78 129 69 32 35 55 128 94 40 37 80 122 87 32 33 86 119 84 41 39 73 127 75 33 40 60 105 72 41 29 76 128 78 35 38 87 96 76 29 37 74 98 56 144 0.04 8 
92 321 389 178 38 74 130 107 50 38 85 157 116 39 46 98 125 103 39 47 92 128 81 36 47 105 133 107 56 49 100 128 101 45 46 85 150 97 32 35 72 137 82 46 46 68 159 83 44 52 82 156 103 48 47 79 132 79 43 39 76 124 108 28 45 82 156 70 37 50 80 150 73 39 267 0.02 4 
93 415 192 154 88 42 46 87 119 70 46 43 76 130 87 46 43 69 126 74 41 31 87 154 85 36 32 76 134 81 33 38 83 115 59 40 42 88 144 62 37 38 90 124 89 44 48 88 132 90 44 33 81 135 95 34 38 70 141 67 41 35 88 139 94 37 43 74 143 81 37 33 72 130 231 0.04 8 
94 146 83 183 36 57 95 57 26 32 75 113 78 33 33 50 97 54 22 29 62 104 53 27 33 71 99 65 30 29 62 85 68 25 32 68 96 49 30 33 63 102 59 39 29 65 113 55 31 26 61 99 48 36 26 58 92 66 23 31 53 92 54 34 26 66 129 52 30 33 63 104 60 31 244 0.05 10 
95 338 131 168 130 76 49 49 91 142 77 44 39 79 154 96 40 37 67 161 84 47 35 81 126 95 43 48 70 161 96 48 44 99 166 84 48 45 80 126 82 38 49 96 139 73 35 36 100 165 71 35 44 90 132 67 48 36 88 139 71 41 48 67 156 80 44 34 71 143 74 50 33 88 252 0.06 12 
96 151 92 87 5 21 83 40 11 19 36 34 37 13 11 31 62 38 16 20 30 69 29 14 11 34 44 29 14 16 38 34 24 12 14 30 58 31 15 12 26 36 29 8 13 17 41 18 18 13 38 41 29 12 11 6 36 40 14 13 24 59 29 12 18 31 41 35 9 22 32 56 24 14 116 0.03 6 
97 480 383 228 32 69 151 93 39 33 70 111 68 33 33 72 147 82 46 31 90 110 65 41 37 73 151 80 39 31 74 120 79 44 34 67 134 66 42 43 74 119 68 33 39 73 123 63 38 42 69 148 79 37 28 72 114 76 44 41 74 141 73 31 44 78 131 84 36 42 80 132 65 34 304 0.06 12 
98 99 337 84 13 11 22 52 25 14 12 40 39 25 12 11 33 48 30 12 13 32 42 28 15 10 31 52 24 14 10 37 49 31 14 12 24 46 17 17 15 33 42 26 14 11 23 36 31 12 12 28 41 28 19 15 26 29 27 14 16 22 59 35 18 14 33 43 33 13 11 28 50 31 112 0.05 10 
99 43 165 102 52 42 14 21 34 43 43 18 13 21 63 28 14 12 36 56 29 13 16 45 51 42 19 12 35 50 34 20 21 30 59 32 18 12 33 66 36 22 15 30 68 27 12 22 40 74 36 19 16 28 68 29 20 17 22 50 37 21 17 30 53 24 15 15 28 41 36 15 14 22 136 0.09 18 
100 313 337 56 12 25 59 29 10 14 41 50 33 16 15 28 41 20 12 13 28 59 30 15 17 21 61 20 10 23 32 41 29 12 14 20 46 33 20 17 17 49 30 10 9 23 47 16 17 15 29 55 23 16 11 32 57 20 13 15 31 39 26 15 15 28 54 24 14 20 34 42 31 13 84 0.04 8 
101 104 159 51 5 7 33 8 18 6 1 10 11 13 6 12 26 25 27 7 3 31 28 12 17 9 3 5 22 7 4 26 15 5 8 9 26 31 31 6 13 31 35 12 8 18 9 9 2 9 12 24 75 34 6 21 14 6 30 9 0 9 30 17 12 8 10 48 9 8 0 7 22 12 68 0.08 16 
102 129 59 234 40 78 148 82 34 34 75 116 67 38 39 82 94 68 44 45 88 87 68 29 46 85 134 83 40 47 79 111 80 43 41 68 105 80 45 40 73 147 69 35 35 88 117 59 29 47 83 113 77 35 32 99 126 91 51 46 65 146 60 36 47 86 139 69 46 41 87 161 64 37 312 0.04 8 
103 208 293 86 81 156 92 46 42 96 143 72 38 39 69 168 97 42 51 90 145 79 49 41 84 129 70 43 53 96 127 83 41 48 79 138 98 40 41 78 151 96 37 47 96 157 74 41 38 94 158 73 46 52 71 126 80 50 36 93 163 92 36 44 72 150 92 49 36 104 158 72 41 35 172 0.07 14 
104 336 408 63 29 71 23 19 12 10 61 13 13 13 32 43 0 15 26 49 31 29 14 8 13 48 35 15 6 9 70 18 11 21 19 45 13 6 13 16 43 0 9 8 20 37 22 9 11 30 42 22 3 13 23 30 34 14 3 20 35 31 15 9 17 33 20 9 10 19 17 32 22 9 84 0.02 4 
105 72 185 142 46 50 91 68 40 28 77 128 80 37 29 66 140 55 30 37 58 127 69 29 30 61 123 85 33 33 64 137 83 35 39 65 106 73 38 31 88 105 79 33 35 78 122 77 39 38 78 119 78 37 38 62 140 66 34 42 80 118 76 33 36 79 120 66 32 32 71 133 60 42 213 0.06 12 
106 104 22 32 28 33 15 17 4 21 33 10 7 5 13 21 24 11 5 18 26 8 9 11 29 36 15 11 6 3 49 14 11 3 19 24 27 6 11 23 10 25 12 4 8 30 17 11 6 0 51 22 6 0 27 30 7 13 10 14 41 31 8 4 12 32 30 3 6 21 48 9 9 6 48 0.07 14 
107 250 271 19 8 13 31 22 8 11 19 44 14 10 8 22 29 18 9 10 20 29 14 10 11 19 34 25 10 11 17 33 15 8 11 20 27 16 8 9 15 34 12 9 11 16 26 24 8 8 21 30 23 7 12 25 31 14 8 10 21 33 17 8 8 20 25 18 9 8 22 43 19 11 38 0.07 14 
108 43 281 102 27 30 55 65 38 24 20 57 73 55 21 20 46 83 45 30 24 46 81 48 24 25 48 89 49 25 24 49 102 45 32 20 64 93 47 30 25 48 81 41 27 25 56 88 40 25 23 47 83 45 28 25 50 72 52 27 28 66 101 45 23 25 53 95 45 21 31 41 101 54 153 0.08 16 
109 325 460 168 64 26 24 49 97 61 40 20 69 87 61 26 26 58 82 46 31 31 56 97 46 28 33 61 104 61 22 27 60 104 69 27 28 60 102 62 27 33 44 85 49 28 34 50 87 59 24 26 39 63 73 23 23 46 92 56 31 31 50 69 56 25 37 40 94 67 26 28 69 101 224 0.07 14 
110 257 474 176 87 148 81 42 39 105 159 75 38 46 86 157 77 42 48 73 163 95 35 40 76 175 103 34 38 98 178 82 48 42 91 161 99 42 35 104 122 83 47 48 103 156 82 42 54 70 145 81 50 48 79 165 104 48 51 79 141 87 39 46 97 159 88 36 49 80 175 85 36 50 264 0.08 16 
111 449 79 38 29 60 27 12 21 29 46 28 24 22 40 78 44 16 16 25 60 34 30 18 37 59 21 21 10 41 73 35 18 14 42 29 30 16 28 19 50 48 21 27 31 83 37 19 27 36 77 37 16 19 28 90 46 21 17 17 87 37 15 19 38 33 37 13 16 47 97 38 21 25 76 0.09 18 
112 469 486 114 48 67 40 21 24 41 35 45 20 20 31 60 40 17 18 37 72 39 24 17 32 65 43 20 12 44 53 34 20 20 33 63 34 14 17 37 42 29 20 14 52 60 35 12 18 32 69 52 15 22 33 52 35 9 25 36 70 44 21 21 53 91 41 18 29 46 45 44 21 18 152 0.06 12 
113 74 400 61 59 95 45 32 29 57 93 47 25 27 73 133 65 37 35 64 76 57 27 31 66 81 69 28 25 43 95 49 29 33 43 107 49 28 33 76 91 56 36 19 55 95 58 32 41 67 107 82 36 30 70 138 73 38 38 54 94 55 28 25 64 106 56 42 27 47 115 44 25 26 122 0.06 12 
114 29 64 14 3 7 5 11 64 1 7 4 8 0 3 0 0 13 32 14 5 5 18 2 1 10 9 0 58 36 6 0 20 11 17 4 17 17 20 16 2 11 10 27 14 8 13 29 16 11 4 2 5 49 10 7 9 19 28 0 10 3 16 14 19 0 8 4 43 5 14 5 0 37 28 0.07 14 
115 223 493 94 71 34 21 26 44 99 58 26 23 30 73 46 27 24 38 73 46 19 27 43 67 38 24 23 52 85 74 32 19 43 65 57 21 20 34 70 40 24 22 51 82 55 23 26 53 44 62 22 21 49 61 35 17 20 49 81 53 24 22 54 74 45 20 20 47 58 42 21 22 53 141 0.09 18 
116 407 335 190 41 96 173 79 41 53 106 155 101 46 42 89 150 81 41 53 104 164 79 41 49 94 140 101 37 46 92 134 94 43 37 96 153 82 52 43 116 141 82 47 53 85 152 100 40 48 92 170 78 52 45 96 195 110 43 42 117 152 101 53 48 76 163 90 39 42 112 130 105 53 285 0.09 18 
117 500 114 40 20 18 31 66 30 20 23 42 67 37 16 18 33 62 51 17 20 39 64 36 13 17 36 71 50 16 18 40 78 33 18 17 30 71 34 17 20 41 79 42 20 20 38 64 39 15 17 43 55 35 21 17 45 72 34 18 25 35 68 35 21 19 44 69 43 16 15 31 54 42 80 0.02 4 
118 13 159 44 9 9 22 50 26 10 11 16 44 17 12 13 22 30 19 11 10 25 40 29 11 10 19 42 22 15 14 32 24 9 11 7 32 45 22 10 12 24 30 18 9 10 29 45 26 7 10 26 44 27 7 9 33 49 14 8 8 26 47 20 9 15 19 35 22 8 11 20 46 16 66 0.07 14 
119 285 399 83 132 84 44 46 72 149 94 37 46 78 147 92 45 37 67 173 87 41 35 86 140 71 43 37 97 139 74 43 46 83 162 81 42 50 68 147 73 35 38 92 114 79 33 37 89 144 89 49 39 92 146 84 48 42 67 123 90 35 48 71 116 69 43 33 96 131 69 33 41 63 166 0.07 14 
120 56 228 22 12 17 37 19 9 10 20 30 27 16 9 17 37 24 10 10 22 41 19 10 10 15 40 19 12 12 15 35 21 11 9 19 30 20 9 9 18 37 20 10 10 22 30 25 9 9 18 29 28 10 9 18 42 20 9 9 28 43 20 10 9 29 33 22 11 13 22 32 22 8 44 0.02 4 
121 171 320 38 31 20 17 43 78 31 14 15 27 73 43 15 16 32 82 51 20 21 40 83 33 20 17 37 85 28 21 20 35 64 40 27 15 45 72 35 21 22 29 68 33 16 17 23 42 36 17 13 41 66 38 15 18 35 72 22 12 17 46 48 34 22 18 52 80 41 14 18 44 73 76 0.08 16 
122 382 372 50 19 16 8 26 63 9 14 12 13 19 27 7 18 20 37 24 15 14 22 18 39 8 10 13 42 40 22 10 28 38 22 6 13 18 43 38 20 13 34 68 24 6 7 33 40 22 8 15 37 47 22 16 10 22 82 31 17 8 19 48 9 13 15 23 36 28 12 17 19 35 75 0.05 10 
123 241 207 177 91 61 23 35 62 125 57 33 34 66 82 58 28 33 47 141 63 32 33 73 93 75 33 33 37 112 58 28 22 52 90 67 29 25 54 80 47 30 33 68 107 41 30 25 61 79 45 21 31 70 98 54 30 35 58 80 55 28 27 51 109 48 39 39 69 103 63 27 27 53 236 0.08 16 
124 193 235 162 129 75 38 35 74 119 78 36 49 82 131 86 33 40 67 132 83 43 39 87 155 70 40 45 91 136 97 44 47 81 145 78 38 40 65 123 69 44 35 76 123 90 31 44 64 156 77 34 36 91 136 64 41 36 82 145 71 34 46 86 137 96 50 36 80 157 75 44 35 99 243 0.07 14 
125 248 227 42 17 19 33 71 45 18 26 47 57 64 16 29 42 77 45 23 19 46 72 45 24 23 36 75 56 21 21 41 73 45 25 20 36 68 35 14 17 30 87 34 23 20 48 76 42 20 30 29 63 37 24 23 47 43 47 26 27 40 87 24 19 16 56 73 41 26 24 41 52 37 84 0.06 12 
126 449 80 46 23 9 8 26 49 10 8 11 21 45 25 11 13 12 48 18 6 8 21 32 27 7 9 21 56 22 10 17 21 36 17 12 12 28 35 25 17 15 19 34 26 9 8 18 31 20 8 14 26 52 24 14 11 17 39 16 9 7 27 45 19 13 12 20 39 31 9 11 11 40 69 0.09 18 
127 69 98 261 131 97 37 51 95 157 81 33 46 82 135 73 48 47 67 149 114 38 45 71 155 98 37 45 80 163 100 35 47 65 111 72 41 50 85 109 90 41 34 71 147 70 42 51 76 124 66 35 31 95 165 82 33 38 94 145 100 34 37 74 160 98 54 52 86 124 100 48 45 69 348 0.03 6 
128 78 393 34 18 21 15 8 8 17 34 13 8 7 15 30 13 9 9 18 28 16 8 11 20 26 14 7 7 15 29 18 9 8 13 25 16 10 8 14 30 17 9 7 17 27 14 10 6 16 26 19 8 8 17 31 23 7 7 15 38 19 8 9 17 35 15 10 6 13 43 21 8 10 51 0.05 10 
129 298 137 28 0 25 22 26 1 11 8 34 14 8 8 10 16 14 4 3 0 44 5 8 6 19 26 9 9 7 12 10 21 7 2 10 33 12 13 7 0 8 22 9 0 16 24 21 2 5 5 15 23 0 7 21 30 23 17 6 4 36 0 7 7 37 21 20 15 13 21 20 18 14 42 0.03 6 
130 131 251 252 76 133 80 39 42 72 166 98 50 49 84 118 69 32 36 81 136 71 44 43 85 138 70 48 46 94 147 81 32 44 100 149 94 45 33 108 174 74 56 43 56 118 83 39 33 97 160 81 39 34 100 154 105 33 47 78 140 92 43 48 94 170 108 44 47 104 128 90 34 44 336 0.04 8 
131 300 318 150 30 32 79 135 83 30 32 83 146 66 36 32 86 114 69 33 41 72 140 67 45 50 82 108 85 37 37 77 121 73 39 31 86 107 71 30 31 58 100 61 43 49 86 112 87 36 38 61 110 76 42 37 62 152 84 29 43 66 160 71 29 33 63 132 92 44 36 72 138 73 225 0.04 8 
132 286 13 69 10 31 43 16 16 8 17 30 34 15 21 23 29 21 16 7 21 68 54 9 10 15 68 15 19 14 17 47 22 3 18 34 35 15 13 8 24 53 19 12 10 23 48 12 9 3 23 71 13 8 7 42 42 17 13 11 31 36 17 11 12 23 42 42 10 1 16 47 24 9 92 0.04 8 
133 442 325 86 19 31 83 37 19 31 32 74 51 16 22 33 43 53 21 19 47 89 41 20 25 34 66 43 23 16 33 97 34 26 21 55 77 52 21 23 54 78 49 20 18 50 83 50 16 16 38 56 50 30 28 40 72 39 25 25 44 54 42 26 22 29 78 36 20 20 43 77 36 19 129 0.08 16 
134 93 476 22 3 2 8 20 13 4 0 10 0 19 2 4 9 4 14 5 3 16 0 4 8 2 4 10 17 8 4 2 17 18 11 10 12 15 3 5 0 0 18 0 13 7 0 29 22 6 7 14 32 17 5 8 20 36 23 0 3 8 11 3 13 7 7 27 0 3 8 0 17 0 33 0.05 10 
135 234 136 30 5 24 13 3 6 0 20 9 6 6 16 16 15 5 7 18 16 9 5 4 17 8 6 0 1 5 3 6 7 3 1 26 12 3 10 20 0 14 4 5 0 4 22 7 3 8 17 14 2 8 2 9 14 2 4 5 16 12 5 3 11 10 4 0 6 12 28 19 6 7 40 0.02 4 
136 500 453 81 50 26 12 11 20 53 32 20 14 26 45 25 3 12 32 44 22 8 17 34 38 23 14 11 21 63 27 9 16 17 55 16 11 10 22 63 24 7 15 25 46 31 11 11 23 49 23 12 17 18 69 24 11 16 29 36 22 17 16 22 40 32 14 14 29 45 26 16 15 29 108 0.05 10 
137 98 255 126 35 48 103 76 30 29 61 85 79 26 38 80 94 49 32 25 64 121 72 37 27 69 115 75 30 30 80 107 51 30 34 47 104 72 29 27 75 111 68 34 42 65 97 59 26 35 51 88 70 29 28 71 83 60 38 28 72 117 54 23 29 69 88 60 34 28 58 98 76 36 189 0.06 12 
138 278 304 24 13 43 61 20 1 14 17 30 5 11 11 24 44 21 18 11 24 44 29 17 4 21 10 28 10 14 11 34 10 9 5 20 27 5 11 4 17 29 28 14 13 46 38 12 13 12 10 41 25 8 5 16 49 30 8 7 25 24 16 16 13 29 14 29 12 8 28 30 22 15 48 0.06 12 
139 145 390 84 31 14 13 23 54 29 12 14 27 45 18 12 17 35 39 25 16 15 35 48 23 15 15 24 51 32 12 12 27 48 30 14 13 29 31 34 11 15 34 48 28 14 9 30 51 23 13 11 33 56 26 13 14 27 57 24 14 15 33 45 32 13 11 35 48 24 15 15 31 43 112 0.03 6 
140 369 194 51 7 8 18 28 19 9 5 22 36 20 5 6 17 21 18 9 6 22 30 15 7 6 18 33 20 10 7 22 20 20 11 8 12 30 18 5 7 25 37 14 8 5 20 28 20 10 9 15 29 21 9 6 25 21 17 8 10 16 26 9 8 9 13 35 16 8 6 14 18 12 68 0.05 10 
141 399 362 182 106 191 109 51 39 103 172 112 36 44 78 163 78 48 49 89 192 73 56 53 109 128 80 40 34 89 137 79 37 50 79 150 74 39 53 102 182 108 39 37 115 165 91 40 46 78 154 117 41 41 88 195 60 42 41 64 129 101 50 48 80 162 74 48 49 67 162 114 52 53 273 0.06 12 
142 113 235 90 37 108 175 87 43 39 81 174 72 36 35 76 127 91 50 41 83 175 97 51 40 107 138 93 43 41 110 129 102 38 45 99 165 84 35 42 80 161 91 50 42 98 181 92 49 49 94 176 97 51 50 76 171 106 42 37 103 149 95 53 44 106 155 85 42 49 106 128 98 36 180 0.02 4 
143 398 254 11 8 10 31 0 7 1 4 43 0 3 3 2 41 27 8 0 15 17 0 4 1 0 3 15 4 3 0 18 7 0 5 16 4 18 0 2 13 44 17 2 5 0 22 0 1 7 10 9 6 7 6 16 23 11 5 3 0 56 19 5 8 6 22 5 5 2 27 0 15 1 22 0.03 6 
144 184 474 31 11 30 44 35 17 19 29 59 25 11 15 32 58 25 12 17 32 61 27 16 18 36 42 38 11 15 28 57 33 17 14 27 46 28 18 18 24 47 34 19 13 34 64 32 16 15 34 58 33 15 18 27 61 30 16 17 38 51 28 10 19 38 45 36 12 11 27 56 27 19 62 0.06 12 
145 377 120 198 151 90 43 43 91 132 106 54 41 88 175 126 45 57 116 172 83 59 55 88 157 117 51 41 102 163 104 45 54 107 164 112 48 52 93 163 117 51 46 98 150 119 50 57 100 179 95 47 49 113 203 110 49 54 85 179 103 51 44 97 177 98 45 45 109 184 102 45 56 101 297 0.02 4 
146 322 401 267 51 42 85 183 80 52 50 91 133 79 47 53 86 157 85 45 53 100 121 87 38 35 83 146 89 42 37 92 131 67 33 46 83 157 109 35 49 82 119 78 44 36 95 157 109 47 46 71 166 116 51 33 107 183 109 50 43 81 137 102 48 40 72 142 102 35 45 94 167 94 356 0.07 14 
147 494 132 276 37 51 94 191 76 61 55 108 162 102 42 44 95 159 93 30 54 62 172 97 45 26 89 167 105 42 49 76 158 96 44 49 101 149 74 46 50 127 123 94 50 31 97 182 92 53 40 103 128 112 40 38 101 197 86 36 44 89 159 108 55 47 85 148 61 50 22 118 170 94 368 0.06 12 
148 262 74 36 30 18 12 12 19 25 17 13 7 28 31 15 7 6 21 33 19 7 8 23 33 14 10 12 22 25 14 6 7 14 40 17 10 11 24 31 21 6 10 21 31 24 7 8 15 30 18 12 9 14 30 17 7 7 19 39 28 9 8 16 29 19 9 9 14 32 13 8 9 16 54 0.05 10 
149 381 141 112 46 23 29 65 92 51 26 27 48 89 57 30 31 62 89 59 30 28 53 108 51 24 32 54 101 54 25 24 53 80 57 27 31 48 80 51 27 28 52 99 64 32 31 51 107 49 22 29 61 78 68 24 30 47 108 48 31 25 52 88 61 29 27 52 81 55 27 22 54 95 168 0.02 4 
150 25 181 60 43 20 8 16 28 20 21 12 12 21 70 21 11 15 32 46 26 10 10 37 54 17 8 10 18 41 20 6 13 11 46 0 8 6 29 34 15 2 5 12 9 34 10 12 8 48 19 13 11 15 35 25 4 11 17 26 13 12 11 7 11 9 9 10 37 32 22 2 10 22 80 0.02 4 
151 114 123 192 102 54 60 77 173 87 57 44 103 182 76 48 54 83 177 91 51 55 86 191 101 39 48 98 157 104 48 55 99 182 116 56 52 64 138 102 46 44 89 152 100 29 43 107 151 101 47 53 110 156 86 41 31 102 126 94 47 63 101 199 112 43 41 104 168 90 57 42 108 137 288 0.04 8 
152 383 98 186 82 46 45 91 166 90 48 48 84 144 101 39 42 76 139 114 54 45 97 180 79 47 46 100 135 93 49 57 86 192 103 39 39 99 150 76 45 46 78 166 113 47 57 112 162 79 44 60 95 130 82 51 52 90 157 104 48 51 94 150 99 44 37 102 179 94 57 44 103 174 279 0.09 18 
153 107 375 222 37 76 112 83 44 40 83 119 66 42 32 64 141 64 42 40 81 159 69 41 33 89 134 64 35 33 66 116 69 37 42 73 106 66 42 34 85 148 68 43 35 87 132 68 38 42 70 112 85 39 42 68 119 62 34 30 75 148 63 31 30 75 126 57 40 30 61 117 64 38 296 0.05 10 
154 264 335 74 137 68 41 30 74 134 83 30 44 78 114 77 36 39 62 117 59 31 31 62 149 72 39 39 83 135 63 43 35 70 117 78 40 38 65 121 59 41 41 60 120 72 34 36 74 138 92 37 35 68 118 70 31 33 62 146 73 43 35 61 142 94 40 31 76 123 88 34 31 78 148 0.05 10 
155 133 59 252 81 43 39 99 162 68 51 43 68 131 79 35 40 87 143 111 48 33 104 118 81 41 45 97 156 71 41 34 91 156 80 33 42 90 152 80 30 42 87 153 75 43 41 96 161 96 40 44 91 166 79 43 35 71 151 74 37 40 98 166 80 51 38 83 153 94 48 34 69 125 336 0.07 14 
156 394 180 189 31 36 55 132 48 35 31 52 131 39 34 43 48 80 64 22 43 55 129 53 43 36 77 149 73 30 31 62 98 53 35 29 72 73 56 28 36 55 123 77 30 28 63 111 76 48 30 68 89 57 25 41 62 126 68 23 28 47 107 76 31 33 76 98 61 31 25 55 88 66 252 0.09 18 
157 285 196 180 61 115 70 24 30 76 90 52 29 35 65 91 74 31 28 54 102 56 38 32 49 115 67 27 33 50 96 55 26 29 71 101 56 25 36 58 99 75 31 28 69 110 55 26 30 45 133 72 26 24 57 103 47 37 31 54 133 59 23 33 74 106 67 28 28 70 91 54 34 24 240 0.05 10 
158 442 30 58 32 59 91 49 25 27 52 88 49 35 24 58 91 60 33 22 47 92 61 28 27 63 87 44 34 31 57 112 69 27 25 52 111 70 26 33 64 99 64 25 34 62 105 61 34 27 58 87 59 33 33 60 85 53 36 27 45 92 60 27 25 68 82 62 30 30 49 96 52 33 116 0.03 6 
159 442 423 48 15 6 10 17 20 22 4 11 11 22 27 1 10 21 17 9 0 11 9 30 18 6 12 14 22 28 5 10 17 33 19 8 11 1 41 9 6 8 1 35 18 6 6 17 0 20 2 7 16 51 12 8 5 11 40 12 7 8 20 17 8 8 8 13 27 6 6 8 21 24 64 0.05 10 
160 361 328 42 26 19 14 10 7 17 8 49 7 8 20 47 16 13 0 23 27 11 11 8 20 46 8 10 2 8 39 10 8 6 19 37 25 5 14 13 40 18 8 9 41 24 19 1 10 24 32 21 10 6 29 27 21 1 12 21 39 28 14 11 19 38 18 3 10 10 32 7 9 4 63 0.02 4 
161 275 272 12 29 8 8 4 9 16 13 6 7 15 25 13 6 6 10 20 10 5 5 16 19 10 4 8 8 15 13 4 7 8 12 7 4 4 10 28 11 6 4 12 28 12 5 6 6 23 16 4 5 15 16 11 7 5 11 32 16 6 9 16 32 9 7 4 16 13 18 5 4 9 24 0.05 10 
162 247 5 84 48 26 14 12 27 49 23 12 19 30 57 28 10 12 19 53 25 11 16 22 44 36 9 14 32 31 29 15 12 20 29 15 12 11 24 41 33 14 13 23 34 19 14 14 22 39 35 11 7 28 47 32 12 13 19 50 30 9 16 30 51 25 10 11 32 44 23 12 11 31 112 0.09 18 
163 299 341 31 16 16 31 60 26 20 15 33 57 30 12 12 34 46 27 18 17 33 60 37 17 17 37 39 34 15 13 35 51 35 14 13 35 66 27 17 18 40 67 42 17 13 32 45 29 13 13 26 53 33 17 14 31 40 29 16 12 27 45 33 17 18 27 56 26 15 15 29 48 36 62 0.07 14 
164 348 467 22 16 13 4 5 15 14 12 5 5 12 16 13 6 3 10 24 11 5 7 7 14 8 5 3 9 18 16 5 3 8 16 12 4 8 14 23 8 5 4 14 26 16 5 5 10 17 8 5 8 11 17 18 5 4 6 32 8 5 4 7 6 3 4 6 11 19 10 7 5 8 33 0.03 6 
165 250 138 46 21 13 14 25 34 26 14 10 26 44 22 12 10 17 36 21 15 9 18 40 18 9 10 19 31 22 11 13 18 35 21 10 14 22 32 21 15 9 19 35 19 10 11 26 32 20 11 13 22 31 19 10 12 24 39 18 8 13 23 36 25 9 10 19 36 24 13 9 20 36 69 0.03 6 
166 283 488 89 41 51 98 138 77 39 37 89 181 86 43 51 64 131 85 37 39 68 188 85 50 43 81 161 103 47 43 96 186 90 38 42 108 142 102 49 45 84 144 102 57 40 75 161 100 39 51 102 150 81 40 40 68 153 97 41 49 100 157 84 37 48 82 138 77 43 52 106 142 84 178 0.07 14 
167 339 329 98 94 56 55 91 170 110 41 57 104 165 111 40 58 93 184 111 51 47 111 161 86 53 55 89 167 100 53 47 87 164 107 42 54 85 178 95 40 49 86 158 118 54 53 87 136 82 55 55 105 164 119 45 49 78 139 112 44 51 107 194 115 52 39 77 199 99 50 54 112 191 196 0.04 8 
168 232 369 87 21 14 18 18 36 22 15 17 31 28 36 13 21 29 34 27 11 14 48 46 30 15 15 27 78 38 15 10 32 50 20 14 16 13 82 37 15 17 23 47 30 7 16 36 52 14 15 17 33 64 33 16 12 33 57 18 18 4 28 69 48 18 12 27 47 31 14 17 33 38 116 0.09 18 
169 61 357 74 11 24 66 37 36 19 36 48 32 13 21 31 58 29 6 25 40 79 30 20 11 44 55 47 25 17 25 56 40 15 14 23 56 17 6 18 21 78 40 22 20 52 59 23 13 16 56 79 40 23 13 29 50 53 10 14 38 66 42 8 14 36 53 35 20 11 36 49 36 12 111 0.08 16 
170 370 433 95 52 45 95 154 70 54 62 109 151 100 43 43 78 184 107 65 41 58 194 102 54 48 70 170 98 46 55 91 131 91 54 54 100 187 76 42 57 77 151 92 45 39 70 142 112 42 39 94 151 94 53 50 117 151 97 38 46 107 147 94 62 52 104 123 91 42 53 118 133 92 190 0.08 16 
171 438 375 99 31 16 16 24 49 28 13 16 32 64 34 16 13 38 47 29 17 17 31 59 39 13 13 44 62 38 16 15 34 51 37 11 14 40 61 30 15 17 25 53 27 21 18 33 44 41 17 16 41 68 33 21 19 32 44 30 14 17 40 49 27 18 21 33 56 33 15 14 29 45 132 0.07 14 
172 473 143 147 38 21 21 46 109 36 30 25 37 108 45 26 17 36 85 53 19 21 42 100 61 19 18 37 75 41 27 21 49 55 46 20 21 48 76 46 24 28 49 94 44 15 22 41 91 50 24 25 46 62 52 20 28 49 89 53 29 24 35 88 42 27 21 38 69 41 19 20 40 88 196 0.02 4 
173 280 438 192 19 38 55 123 68 34 29 76 67 60 37 32 65 96 51 30 46 58 127 70 33 39 50 96 80 32 29 57 107 52 32 36 74 120 59 27 36 77 126 47 26 26 52 87 66 30 32 72 91 60 23 28 68 118 73 25 32 67 101 72 32 31 57 103 65 31 37 58 139 58 256 0.08 16 
174 339 109 164 111 41 43 78 170 65 36 35 89 174 80 34 45 71 171 75 36 49 60 128 56 42 35 71 138 85 44 45 89 142 103 42 34 64 196 85 40 38 59 118 79 33 43 77 111 69 36 38 91 126 96 49 38 86 109 86 50 40 72 158 93 35 38 70 139 71 46 32 64 144 246 0.02 4 
175 408 38 207 29 50 59 150 86 31 38 91 153 58 32 40 85 120 83 29 30 64 120 58 26 40 66 112 66 30 45 71 140 55 22 39 62 104 63 22 37 102 140 82 24 27 74 100 71 31 30 61 131 64 26 32 53 77 93 41 33 57 90 88 30 29 69 128 76 30 35 75 137 74 276 0.05 10 
176 465 318 192 110 141 90 44 41 101 140 105 56 53 87 184 121 48 57 87 159 111 55 48 98 195 77 51 54 95 141 90 51 43 90 142 83 37 41 77 160 88 47 48 89 177 91 50 45 80 190 103 38 47 89 183 85 51 42 80 175 99 39 57 91 166 85 37 44 84 185 105 43 42 288 0.04 8 
177 8 365 44 15 11 9 17 28 25 10 14 18 42 13 9 8 23 30 15 13 10 24 48 24 8 7 28 29 17 13 8 25 34 23 7 18 20 39 20 8 10 24 30 19 10 14 26 34 22 11 9 25 37 26 9 10 20 41 26 11 12 14 36 26 9 10 23 41 21 11 14 27 45 66 0.09 18 
178 306 332 147 35 88 42 19 22 46 70 35 27 22 49 89 37 28 18 51 72 55 20 20 53 78 49 24 27 60 86 43 24 21 55 72 58 21 19 65 95 55 21 27 57 101 52 25 27 45 97 56 22 27 39 85 40 26 20 40 64 52 29 27 52 76 37 25 24 49 99 50 27 23 196 0.05 10 
179 108 259 92 101 162 104 51 54 102 150 109 40 53 94 143 80 43 50 77 174 91 45 46 78 144 103 48 50 81 136 94 38 56 99 139 94 54 47 88 133 87 44 46 86 130 75 51 45 87 131 77 53 38 89 144 95 38 39 97 170 106 38 48 105 159 94 42 48 74 155 105 45 52 184 0.05 10 
180 132 463 60 31 14 11 15 30 15 8 9 22 18 14 8 4 20 35 6 8 10 20 17 15 6 13 23 21 19 3 12 18 43 14 11 8 17 37 16 8 7 21 22 16 13 12 13 40 16 13 5 9 43 11 9 15 18 51 12 9 12 11 43 23 5 13 27 52 18 17 7 16 46 80 0.04 8 
181 136 360 150 34 39 58 127 73 39 33 63 127 89 45 41 84 105 66 35 33 82 124 74 38 35 87 127 71 35 34 85 123 86 33 38 68 128 65 39 45 86 109 81 35 43 68 118 75 36 41 78 113 86 43 35 70 145 62 43 45 68 139 73 43 30 89 139 65 44 37 68 119 70 225 0.07 14 
182 311 180 96 67 44 28 25 51 92 46 28 20 51 96 42 21 25 44 83 49 23 28 47 84 51 23 25 39 89 37 17 18 52 72 41 20 21 55 88 54 23 20 46 80 54 26 22 48 96 59 29 21 57 78 40 20 22 58 72 50 22 26 37 65 51 24 20 53 85 43 17 24 39 144 0.07 14 
183 472 55 225 90 28 35 64 110 74 33 29 76 108 76 40 31 78 108 67 42 29 72 131 84 39 38 86 136 90 37 37 67 123 67 43 33 62 120 82 46 40 62 122 82 35 30 63 108 67 35 34 66 127 69 36 39 77 142 71 29 30 72 125 78 38 35 77 142 59 37 30 76 149 300 0.08 16 
184 491 38 122 29 25 62 127 59 23 34 77 93 60 32 27 50 113 55 28 32 51 88 73 28 23 51 115 59 32 28 51 107 62 25 27 63 91 54 35 23 57 119 53 30 30 52 104 56 26 33 52 115 67 32 26 52 116 48 29 31 49 121 62 36 29 70 101 51 31 39 53 122 43 183 0.02 4 
185 284 141 72 34 66 32 23 13 40 72 44 16 20 37 70 30 16 16 38 67 40 15 15 38 53 37 17 17 37 65 36 17 23 38 58 35 20 18 37 68 34 16 14 28 60 42 16 19 44 64 29 14 14 37 60 38 18 19 32 51 37 17 16 32 57 42 22 15 38 59 31 20 18 108 0.06 12 
186 33 65 114 57 66 51 18 17 40 49 41 14 26 37 47 34 7 18 35 55 26 12 8 45 77 44 17 21 52 79 44 20 15 53 61 40 23 15 39 65 31 16 27 48 82 31 19 15 25 56 49 19 15 56 74 40 16 24 24 67 67 17 12 29 64 42 11 19 35 54 35 17 18 152 0.08 16 
187 308 5 146 34 69 134 80 35 33 65 105 66 38 34 71 114 82 35 41 61 99 92 36 36 92 121 73 33 33 71 97 52 44 41 70 115 63 32 33 86 150 65 33 25 54 140 53 39 43 71 124 82 37 29 63 141 81 42 36 77 130 59 28 32 67 115 75 51 34 70 115 60 42 219 0.07 14 
188 468 265 99 20 39 62 35 16 13 40 63 39 14 16 28 57 33 17 15 26 51 38 15 18 30 53 39 14 14 35 77 31 14 17 35 49 42 18 19 28 71 36 19 18 40 59 37 20 15 44 47 25 15 23 40 53 33 22 18 29 48 27 18 21 41 61 30 16 20 27 54 36 14 132 0.07 14 
189 290 445 210 37 55 72 120 62 31 26 60 90 64 31 30 62 121 45 27 36 83 128 70 29 37 79 132 74 35 27 68 119 84 36 25 74 115 67 29 36 49 89 64 30 49 84 152 63 43 27 64 144 94 35 30 63 105 88 39 29 74 91 77 37 35 58 139 68 25 38 43 130 55 280 0.02 4 
190 43 117 72 43 62 102 70 33 36 68 120 80 33 37 72 101 71 33 33 57 127 63 31 42 74 108 58 35 38 67 105 76 32 36 83 136 70 39 39 71 141 68 32 34 83 122 59 31 34 61 103 67 31 31 81 102 80 36 32 84 123 70 32 30 72 138 83 28 30 68 104 79 37 144 0.03 6 
191 104 326 288 103 43 40 81 145 103 52 44 89 147 106 48 52 110 135 99 59 52 77 137 80 44 38 85 195 99 51 46 79 137 78 49 56 83 147 98 52 51 113 147 111 55 40 79 129 98 57 54 77 157 107 46 43 89 191 80 49 40 112 148 81 47 59 107 193 103 43 43 108 178 384 0.08 16 
192 32 489 72 18 28 57 29 20 16 43 65 32 16 14 34 61 35 20 19 38 60 44 12 17 35 65 30 22 20 34 60 26 19 17 29 81 37 16 15 27 68 28 17 16 42 59 37 16 15 35 58 45 21 17 37 62 35 18 17 32 69 31 21 19 31 71 38 17 15 30 48 31 18 108 0.07 14 
193 193 63 198 118 60 30 26 55 125 79 36 31 65 116 67 37 28 79 103 64 33 33 76 117 60 37 31 58 125 82 35 25 74 121 77 31 31 47 103 68 38 25 60 116 70 30 33 66 111 75 30 35 73 118 63 37 25 59 104 71 28 32 64 100 72 33 34 80 111 65 24 28 62 264 0.04 8 
194 116 252 165 58 19 36 47 75 56 36 23 66 65 61 34 37 67 95 61 19 36 60 71 51 23 21 71 106 53 27 26 55 59 41 25 30 76 88 51 31 33 55 60 57 28 22 52 109 55 37 35 51 100 66 25 22 37 94 40 22 24 75 110 52 26 25 58 77 73 31 21 45 131 220 0.04 8 
195 397 102 18 24 30 27 10 7 17 28 18 9 8 29 40 11 14 7 9 38 26 10 8 19 29 18 6 6 25 15 29 10 7 19 34 20 10 15 8 31 24 6 2 25 29 3 9 10 17 35 8 10 6 9 24 9 12 9 9 29 21 5 11 21 6 4 16 13 14 39 17 12 11 36 0.07 14 
196 105 323 120 72 41 18 20 51 80 42 19 18 40 75 48 19 20 39 71 35 21 24 37 81 48 21 14 35 72 44 16 21 39 49 46 22 21 42 60 40 21 16 51 74 32 20 19 31 63 47 15 18 41 68 34 16 20 32 79 55 17 21 47 63 36 16 15 37 61 42 21 13 42 160 0.07 14 
197 124 190 26 52 23 16 12 29 38 27 19 15 26 16 32 6 16 22 43 27 15 8 30 56 18 9 15 29 53 13 11 11 30 44 26 8 16 28 38 17 11 11 21 56 17 6 13 32 45 31 14 14 28 59 25 12 11 26 40 22 11 11 28 36 29 13 13 29 64 21 8 10 13 52 0.06 12 
198 428 187 40 67 49 15 19 33 66 39 23 17 39 66 44 13 17 34 62 30 18 24 31 70 46 21 28 38 71 36 15 23 40 53 42 21 21 37 64 52 22 23 42 90 45 17 17 46 68 39 16 20 37 81 36 20 17 24 77 39 17 25 39 51 31 14 14 27 64 31 17 17 29 80 0.03 6 
199 41 391 105 21 39 69 37 15 17 29 54 49 19 14 37 65 46 20 21 32 61 25 18 16 29 63 34 21 17 25 70 42 21 18 33 76 21 13 18 32 56 34 11 18 37 58 41 15 23 38 57 38 19 20 30 44 41 20 21 37 54 37 22 17 31 46 47 14 19 21 51 44 15 140 0.03 6 
200 274 197 123 18 22 40 52 41 18 18 38 65 32 27 19 52 57 35 18 27 41 80 46 15 24 54 76 41 23 21 47 70 45 25 19 29 78 57 26 24 35 75 52 19 25 37 57 37 24 19 36 80 38 20 18 38 64 53 15 23 44 57 39 17 18 39 80 36 25 19 39 72 46 164 0.07 14 
