50 10 4332
0 37 430 8802 6691 6697 6691 6725 6705 6712 6704 6697 6707 6694 0.01
1 365 422 279 113 165 104 45 51 107 137 73 47 43 77 211 105 36 33 96 139 115 56 51 101 146 79 38 53 115 115 84 50 44 77 125 94 44 46 87 200 83 46 56 95 147 108 38 47 112 170 93 46 43 82 165 110 44 42 76 154 90 56 63 372 0.07 14 
2 395 341 80 17 30 70 31 20 20 38 74 38 22 20 33 78 30 22 17 47 61 55 19 24 41 66 45 21 18 48 67 35 20 17 47 54 39 22 14 35 69 29 18 17 31 61 38 15 21 43 71 35 21 20 37 63 30 24 20 41 59 46 21 120 0.07 14 
3 76 246 39 6 5 6 19 18 5 4 13 0 35 4 7 15 27 27 8 4 0 24 15 6 0 11 1 24 6 9 23 23 26 2 8 7 24 11 7 2 22 19 11 0 12 13 14 21 7 0 42 24 11 7 7 7 0 30 0 4 23 10 12 52 0.07 14 
4 10 275 171 63 83 48 30 20 57 102 41 26 19 74 109 34 27 19 40 89 78 39 33 49 89 48 33 32 70 76 56 45 35 51 87 65 16 28 73 64 64 22 34 47 80 41 27 32 57 82 63 29 23 35 101 62 28 25 55 121 65 25 17 228 0.06 12 
5 472 285 41 27 76 40 18 24 40 42 42 18 22 48 74 36 25 17 53 80 35 21 21 48 70 40 21 14 41 66 51 20 26 55 55 43 22 16 31 59 33 22 17 37 69 45 21 25 29 73 44 22 20 28 58 47 19 26 41 81 30 19 19 82 0.03 6 
6 15 176 80 40 19 21 44 73 54 24 21 40 57 39 17 16 45 85 32 19 18 42 57 45 11 15 54 62 45 17 22 46 63 40 16 22 42 58 31 20 20 28 85 42 22 17 38 47 34 22 25 42 52 39 22 29 46 91 45 18 18 26 51 120 0.07 14 
7 44 277 192 168 81 57 50 75 168 88 56 51 97 172 88 52 38 81 187 87 38 51 99 136 113 53 39 111 157 107 41 45 94 204 83 56 47 95 167 90 38 44 99 146 90 43 42 82 130 107 46 56 84 145 84 48 51 79 174 89 48 41 94 288 0.04 8 
8 375 221 122 116 56 27 26 53 91 54 28 30 58 95 61 26 37 78 114 52 28 35 57 104 62 28 32 62 102 68 34 24 69 81 63 33 24 62 100 47 24 30 80 78 63 35 34 62 109 56 28 33 70 112 62 23 27 49 107 75 29 35 67 183 0.05 10 
9 481 378 198 106 182 77 51 47 109 197 124 54 37 89 139 103 62 58 106 122 77 47 57 74 171 115 41 40 99 168 114 57 49 79 169 93 43 61 104 154 121 52 46 105 173 91 55 49 98 173 119 42 46 110 197 99 45 48 98 178 102 53 38 297 0.06 12 
10 174 125 92 103 127 101 50 47 92 157 77 43 43 105 133 127 47 37 84 144 83 40 49 113 174 108 63 51 70 187 113 43 35 116 162 87 54 47 101 131 88 40 51 81 184 81 38 59 97 177 76 47 53 115 153 116 43 40 71 154 104 42 38 184 0.03 6 
11 411 376 36 31 56 37 16 13 33 54 33 14 18 33 54 34 16 15 36 70 27 14 20 37 75 39 19 16 37 80 31 17 10 51 34 41 16 18 39 62 38 14 17 41 65 32 20 20 26 85 35 23 15 44 73 34 19 17 44 42 40 19 18 72 0.06 12 
12 336 319 144 50 85 38 27 25 57 87 44 29 24 59 74 66 27 31 43 68 49 23 19 46 71 39 19 28 44 86 48 28 20 44 71 45 31 19 47 83 37 24 28 50 97 51 28 23 56 73 44 23 20 63 79 36 24 20 58 78 49 22 22 192 0.02 4 
13 255 94 72 15 18 35 44 42 16 20 34 56 23 20 24 43 59 26 21 18 30 91 36 16 18 44 68 23 10 19 32 55 44 17 12 42 33 24 25 17 32 66 33 15 15 35 76 29 21 14 25 46 26 18 16 31 67 28 22 18 49 60 44 108 0.04 8 
14 217 336 118 36 37 59 112 75 27 33 46 106 57 25 35 65 121 51 30 29 73 83 46 27 31 43 99 43 28 29 71 83 52 32 25 56 89 44 23 20 50 91 65 26 27 67 76 57 37 19 56 84 69 37 29 68 82 60 29 36 55 101 56 177 0.02 4 
15 49 213 177 32 30 49 86 71 29 26 57 89 48 24 26 66 99 48 27 29 58 106 70 27 32 55 111 43 29 34 70 91 70 25 27 48 120 65 39 25 58 119 53 23 31 51 108 60 26 26 56 81 53 34 35 44 99 57 36 27 57 96 46 236 0.06 12 
16 410 206 74 95 29 45 66 154 70 33 35 84 114 74 38 49 86 137 61 40 45 86 114 70 39 35 53 141 87 38 43 59 170 74 39 39 99 119 62 44 37 82 130 84 35 33 66 114 59 30 26 65 129 69 40 40 86 125 72 38 42 76 110 148 0.02 4 
17 86 421 75 34 30 58 143 74 40 31 97 110 89 34 42 98 132 73 36 44 64 96 71 37 32 80 129 86 29 32 66 126 79 41 37 62 112 66 35 29 77 114 90 30 40 91 128 83 29 31 62 109 82 37 38 96 124 77 30 44 81 118 71 150 0.04 8 
18 458 322 94 88 36 22 20 46 70 44 20 23 36 87 42 28 21 39 65 66 32 27 48 65 48 23 29 50 84 45 30 27 52 58 35 19 19 65 74 52 29 24 60 64 41 27 22 44 90 41 27 20 51 82 56 25 21 43 108 42 21 26 47 141 0.02 4 
19 307 269 198 67 118 64 40 26 66 100 80 27 37 82 127 54 44 23 67 111 75 33 40 69 117 64 21 21 81 102 66 24 30 63 104 59 30 44 56 96 58 34 22 58 91 70 33 30 54 104 80 24 21 59 91 65 38 28 47 128 58 43 31 264 0.05 10 
20 34 231 67 42 23 86 104 56 33 38 69 114 57 32 28 72 146 69 22 24 46 118 70 21 38 67 90 79 33 32 64 110 72 26 21 79 103 80 27 36 52 151 59 31 30 45 96 84 30 39 60 119 74 41 26 54 80 57 24 31 87 125 86 134 0.08 16 
21 181 395 264 39 52 96 130 87 37 34 106 150 86 52 51 90 122 57 46 44 116 126 62 39 43 67 126 103 54 56 105 140 70 55 43 84 164 106 41 53 103 121 89 32 45 91 126 102 32 41 80 92 104 55 46 105 159 117 36 42 101 123 95 352 0.04 8 
22 116 479 43 17 19 33 57 42 25 21 47 75 53 16 22 36 61 44 13 21 45 82 42 15 16 35 65 59 25 17 51 68 40 17 27 46 80 45 17 27 41 45 32 21 20 51 71 36 16 26 56 80 41 23 20 47 100 27 22 22 45 71 52 86 0.05 10 
23 211 430 164 40 81 136 68 41 41 93 170 84 38 41 68 112 98 45 44 69 143 95 44 47 100 128 75 42 31 87 156 71 40 32 94 138 65 55 49 76 123 108 32 44 82 155 90 46 33 86 135 80 50 31 70 112 65 45 41 80 113 70 35 246 0.04 8 
24 165 185 162 66 27 24 52 78 63 24 27 55 97 58 24 24 50 89 38 27 23 54 121 59 21 24 67 106 44 28 24 62 71 51 23 28 45 119 36 22 26 36 82 49 30 28 60 100 63 24 32 61 82 61 20 30 49 92 40 22 22 67 78 216 0.08 16 
25 338 231 42 49 19 16 48 82 38 21 24 45 71 50 29 20 39 62 40 17 27 50 75 38 21 21 39 59 46 17 26 38 69 43 12 24 45 80 42 16 26 36 69 41 21 18 33 79 41 16 24 29 83 49 15 15 37 70 47 23 23 36 58 84 0.09 18 
26 272 421 85 49 40 74 154 84 44 43 81 148 97 45 44 74 158 90 56 46 97 128 81 35 35 96 135 84 44 35 70 151 79 35 48 77 148 78 36 40 94 144 89 41 47 91 131 95 38 39 88 130 99 38 41 74 123 97 32 41 99 132 95 170 0.06 12 
27 491 56 23 20 8 14 26 44 26 8 9 24 33 35 15 13 29 46 19 12 11 22 41 23 11 15 23 36 22 13 11 27 31 17 9 11 25 48 25 11 8 23 46 21 11 12 28 44 22 8 14 22 24 21 9 9 36 36 22 15 10 19 41 46 0.05 10 
28 153 300 58 44 29 14 12 30 50 27 12 17 26 55 25 16 18 24 49 32 13 14 31 45 28 12 13 29 45 23 14 13 31 49 23 14 12 29 55 26 14 13 25 49 30 15 14 28 62 30 15 14 23 38 23 14 16 30 43 28 13 13 31 87 0.08 16 
29 383 49 77 127 59 34 40 83 124 89 37 31 93 143 69 30 46 84 157 75 35 49 69 126 75 32 39 92 135 86 30 28 86 145 65 35 34 91 109 74 47 35 89 151 60 35 44 71 138 65 34 33 80 119 76 36 42 87 125 86 38 33 79 154 0.03 6 
30 441 364 124 58 114 57 33 32 65 108 57 29 36 57 86 61 31 32 58 116 49 32 34 54 90 70 34 33 63 96 63 26 27 70 100 61 33 35 62 96 64 29 25 48 98 48 32 27 50 90 57 26 27 71 101 54 28 25 62 106 56 30 37 186 0.02 4 
31 424 486 285 57 55 106 144 108 48 52 99 186 80 47 40 106 153 82 56 52 113 178 102 39 43 91 157 89 40 50 92 179 75 43 39 101 144 102 52 48 95 163 105 45 55 74 148 94 45 50 103 137 99 53 51 81 170 75 49 49 102 155 113 380 0.03 6 
32 327 326 148 32 66 119 76 34 41 78 136 72 33 39 72 120 66 42 38 73 122 93 37 41 67 117 68 40 30 93 105 81 39 45 84 126 74 35 34 72 121 75 42 37 65 120 85 29 46 75 109 67 39 37 70 157 62 34 49 66 124 67 38 222 0.02 4 
33 42 280 240 117 71 41 45 82 176 81 44 37 81 147 80 46 45 87 124 86 33 44 81 139 88 45 47 95 157 67 42 42 71 121 87 39 44 89 162 68 47 38 86 151 67 36 32 62 157 83 44 35 90 140 83 46 40 82 126 74 32 40 69 320 0.05 10 
34 18 150 17 7 32 22 15 6 9 15 47 12 6 11 20 30 17 4 4 22 32 19 6 6 21 17 17 9 12 15 34 18 8 6 12 25 8 9 6 15 18 17 16 8 16 34 24 6 6 23 28 20 10 9 17 36 20 9 8 14 37 12 14 34 0.09 18 
35 170 81 164 95 33 41 71 148 87 48 44 87 162 78 41 49 74 119 89 44 44 67 116 95 42 34 81 141 83 35 39 81 158 88 47 43 68 151 75 37 35 84 149 98 38 36 77 136 93 43 50 68 137 102 45 48 82 135 84 44 35 96 135 246 0.07 14 
36 320 348 192 25 56 101 57 32 34 63 122 61 37 28 54 104 69 34 38 57 91 53 35 29 65 111 78 26 27 73 122 64 35 30 70 113 63 38 30 74 126 57 27 26 59 91 79 29 37 72 124 69 31 28 57 102 58 34 38 58 113 59 37 256 0.04 8 
37 385 253 105 42 18 16 39 66 28 27 10 31 55 38 19 17 54 46 50 23 8 22 33 51 18 23 34 53 41 22 25 26 49 46 13 10 54 47 26 12 25 36 97 25 22 15 37 40 32 17 15 39 53 39 21 20 41 68 49 17 12 29 49 140 0.05 10 
38 337 402 96 16 10 30 37 26 21 20 39 38 35 20 13 36 29 35 20 19 32 40 22 22 11 31 51 26 19 12 31 46 38 16 17 38 27 20 14 11 25 48 32 19 10 34 51 25 17 19 27 46 35 11 12 14 66 11 15 16 22 55 40 128 0.09 18 
39 264 194 72 21 50 18 12 19 21 66 9 10 12 19 18 37 3 9 11 29 11 0 6 6 48 6 13 18 32 80 32 10 6 11 79 25 10 6 40 46 22 13 6 15 14 17 15 9 21 45 8 4 13 20 22 27 16 9 13 43 29 14 9 96 0.07 14 
40 184 37 33 7 3 7 13 24 8 7 5 6 22 9 4 4 11 17 6 10 5 15 28 18 9 8 9 41 10 3 6 14 11 5 9 5 14 7 8 7 5 9 23 7 7 8 18 20 4 5 2 0 22 9 4 9 6 18 13 5 4 7 15 44 0.04 8 
41 133 237 174 31 70 110 52 24 22 44 83 60 28 29 54 114 70 26 26 49 83 65 23 28 56 90 72 33 24 48 92 63 27 24 62 88 71 30 25 51 112 63 33 26 43 109 61 28 25 57 121 62 23 30 54 111 66 22 33 74 88 71 30 232 0.03 6 
42 331 314 36 0 11 65 24 9 9 14 28 23 20 7 12 35 15 3 5 29 0 6 11 6 10 18 20 7 13 9 55 22 8 14 2 53 11 1 14 5 16 4 9 5 0 52 31 5 7 29 15 1 17 8 44 49 32 10 7 25 33 22 8 54 0.05 10 
43 277 230 112 75 46 29 31 41 102 52 29 24 44 77 77 17 27 38 93 51 36 31 65 78 52 46 34 35 64 48 19 18 60 117 76 27 20 55 107 61 32 35 39 92 48 35 22 63 105 46 16 27 65 111 59 21 17 49 96 62 23 32 55 168 0.03 6 
44 20 475 88 94 165 97 32 40 99 119 71 45 42 105 119 70 38 50 98 124 66 45 48 93 144 83 47 45 91 156 75 54 43 85 129 78 39 39 84 171 97 42 56 93 129 77 44 38 103 144 66 44 42 64 146 87 51 38 87 166 96 36 50 176 0.02 4 
45 308 139 142 33 67 101 71 38 29 56 138 54 28 37 76 93 73 37 36 67 132 70 41 34 59 98 81 40 33 65 97 62 30 34 64 131 55 26 35 64 88 67 38 40 72 108 70 37 39 77 123 72 38 40 76 126 64 45 35 84 125 54 38 213 0.04 8 
46 345 486 77 91 41 36 71 124 75 42 31 68 160 71 45 40 60 110 76 36 38 73 121 71 31 32 85 115 99 38 39 70 132 90 33 42 79 134 67 38 30 76 142 73 41 35 93 129 73 45 40 59 111 64 44 35 89 132 58 42 36 84 127 154 0.09 18 
47 366 189 186 70 47 43 90 175 106 41 41 101 172 99 44 44 110 166 76 44 50 84 149 73 52 38 87 183 92 50 53 106 132 96 54 49 107 175 99 48 43 108 182 88 54 41 110 173 75 39 42 101 157 77 59 41 82 184 79 47 39 86 167 279 0.05 10 
48 225 7 62 28 57 38 11 18 22 60 30 18 10 29 41 24 15 18 26 27 31 19 13 31 38 40 14 13 41 55 24 17 17 35 44 28 18 13 25 46 37 11 13 34 41 24 12 18 27 39 28 15 15 29 60 29 15 16 27 56 30 15 14 93 0.08 16 
49 363 48 228 65 146 65 37 32 68 107 62 32 30 90 115 86 35 44 70 143 70 43 43 88 148 93 31 37 70 129 86 37 33 79 135 75 44 42 82 114 66 40 31 73 112 61 39 31 67 126 69 37 29 64 132 81 32 32 81 132 69 39 35 304 0.05 10 
50 349 95 66 27 32 22 11 5 23 56 13 15 12 25 31 33 4 14 18 26 8 16 8 23 33 17 13 13 27 65 10 11 16 24 29 14 10 11 26 73 21 13 20 12 29 24 10 6 32 38 41 1 6 23 38 29 13 11 27 47 37 10 13 88 0.07 14 
