200 10 17061
0 247 429 33252 25205 25207 25202 25203 25203 25197 25211 25196 25211 25188 0.01
1 127 156 20 4 17 15 10 3 8 10 17 9 2 2 10 14 13 3 2 11 17 5 4 5 7 27 10 7 2 7 17 14 8 4 11 12 9 3 2 6 9 11 4 0 3 19 5 4 5 10 24 12 3 3 10 15 11 5 4 14 22 14 6 30 0.09 18 
2 165 86 23 29 39 32 11 11 22 34 19 11 10 21 33 15 10 14 32 51 27 14 8 19 40 24 6 9 29 44 21 11 10 28 34 23 10 10 21 30 18 13 13 23 40 28 11 10 24 37 23 9 9 24 41 24 10 10 22 44 26 13 8 46 0.06 12 
3 429 78 30 66 22 20 19 24 50 22 13 13 22 61 36 14 16 26 45 29 14 14 36 35 21 18 14 36 52 20 11 19 32 48 33 19 13 20 75 36 10 15 18 39 35 17 12 32 63 30 17 16 37 82 25 14 10 31 54 30 14 20 35 60 0.09 18 
4 131 466 156 84 114 78 36 46 89 127 79 50 32 90 111 70 43 35 58 149 89 36 43 73 125 90 39 43 62 126 85 32 31 70 125 66 46 43 88 117 67 33 37 54 127 71 36 31 78 149 74 45 39 81 132 65 30 40 63 151 74 49 37 234 0.08 16 
5 364 195 98 57 96 214 103 50 42 92 117 94 44 42 109 177 93 56 61 79 179 79 56 42 107 204 76 46 44 102 181 121 43 56 77 220 75 55 34 90 228 83 55 43 77 162 129 45 61 87 161 115 49 64 75 126 103 50 42 79 135 63 51 196 0.09 18 
6 104 449 213 55 99 66 39 39 57 133 71 45 40 69 102 66 32 42 62 146 60 37 33 78 104 82 29 40 83 121 79 30 30 61 155 56 47 33 57 125 83 28 28 65 136 56 34 40 86 96 76 33 33 78 133 62 39 41 58 128 81 32 39 284 0.05 10 
7 417 374 87 24 55 32 14 12 33 34 39 16 16 19 62 19 12 13 21 46 30 12 19 32 42 32 12 17 28 50 33 11 11 35 46 29 17 9 21 37 27 15 13 18 49 27 12 11 31 50 28 20 14 33 44 28 8 10 34 50 28 17 10 116 0.06 12 
8 325 392 78 61 39 25 17 35 59 44 20 18 41 69 33 17 20 37 64 36 21 20 48 70 49 21 18 30 69 32 19 23 37 52 42 14 18 29 64 38 24 16 44 76 35 14 16 33 55 36 15 19 42 65 42 22 18 58 66 36 13 25 41 117 0.02 4 
9 394 405 186 32 29 48 112 64 36 29 61 98 44 35 30 68 125 47 47 36 76 102 60 31 29 73 107 51 37 34 70 86 66 37 39 54 86 72 26 25 55 123 57 39 25 61 81 58 25 31 81 131 60 23 31 34 91 57 27 36 60 133 67 248 0.02 4 
10 263 383 15 14 43 15 4 5 11 16 13 6 5 11 15 12 9 7 17 35 15 7 9 16 30 13 6 7 13 17 16 10 8 16 25 22 7 10 18 11 12 8 8 14 19 13 7 8 20 38 13 7 5 19 27 15 8 9 8 23 16 9 4 30 0.02 4 
11 54 358 106 30 52 100 52 25 24 60 71 48 32 26 48 82 50 29 32 41 85 52 28 26 67 97 45 30 23 67 109 57 25 21 59 92 50 33 19 64 71 65 28 28 56 85 65 29 29 54 82 50 26 22 57 99 47 21 27 65 98 51 29 159 0.02 4 
12 349 261 246 97 156 71 49 34 91 135 98 38 45 82 148 73 34 37 96 150 72 32 45 85 127 79 38 47 85 131 71 39 37 82 149 67 33 36 79 142 92 37 34 100 165 96 46 46 74 158 91 42 41 95 152 86 46 39 88 128 78 47 38 328 0.07 14 
13 110 299 156 23 51 71 37 33 21 62 112 39 25 28 65 66 76 25 22 50 88 49 25 32 66 111 64 21 35 54 65 56 19 31 55 89 49 23 29 52 76 39 23 20 38 78 64 26 30 48 91 56 27 26 47 86 40 25 29 46 75 63 26 208 0.09 18 
14 16 283 228 82 36 41 82 146 74 32 37 92 118 61 32 34 66 137 87 45 38 79 122 82 41 29 76 119 75 37 32 87 134 77 37 44 67 135 68 31 43 76 141 90 34 39 67 113 70 42 30 64 148 87 33 31 62 144 69 35 46 89 156 304 0.04 8 
15 89 303 61 56 112 65 31 34 70 90 69 29 34 64 111 59 28 26 63 109 67 37 32 58 90 66 33 32 64 105 60 27 25 58 122 69 33 23 49 106 70 35 26 64 125 68 25 35 52 108 68 27 32 62 94 63 26 32 63 94 68 25 24 122 0.09 18 
16 358 253 219 27 73 140 59 36 43 62 110 93 38 40 58 126 79 26 41 79 108 62 44 40 65 102 65 36 33 80 115 86 37 40 58 103 81 40 32 84 138 64 36 39 57 128 70 32 34 63 117 61 30 38 58 143 72 32 37 56 136 79 29 292 0.04 8 
17 479 28 36 23 14 10 8 12 46 16 6 8 24 44 17 7 6 19 22 18 10 4 32 38 11 11 9 6 32 26 15 7 9 19 19 10 10 8 30 22 8 3 18 18 13 9 5 4 20 17 6 9 27 47 21 10 6 24 24 21 9 9 12 54 0.02 4 
18 310 466 124 58 126 56 25 24 47 108 56 36 32 57 110 59 35 27 43 103 46 24 27 87 92 57 27 34 58 90 60 35 33 54 100 44 31 26 73 90 46 38 28 53 88 79 28 30 76 126 69 33 32 64 100 51 37 21 60 111 55 28 25 186 0.08 16 
19 308 347 24 6 15 16 39 28 11 13 19 38 20 9 15 29 65 23 15 10 17 25 31 20 10 32 46 20 11 20 15 34 35 12 10 41 48 13 13 10 22 29 24 12 10 24 57 16 7 10 9 44 23 4 11 28 24 33 8 11 17 34 31 48 0.08 16 
20 191 17 111 34 25 14 35 33 29 12 19 31 76 25 18 19 19 90 52 18 11 39 63 50 19 23 25 71 32 26 12 39 77 27 20 19 12 56 23 23 14 48 52 32 19 18 43 67 37 21 11 41 72 42 22 20 28 53 40 18 19 56 60 148 0.05 10 
21 27 6 42 7 7 21 5 1 7 3 53 4 0 1 7 21 2 6 5 10 52 17 2 8 24 31 17 9 12 18 19 14 18 9 15 12 15 5 4 12 23 32 2 10 6 35 16 16 13 15 26 0 6 7 9 11 10 7 9 2 17 3 4 56 0.02 4 
22 20 425 120 18 23 37 78 33 17 16 40 59 34 19 21 35 77 32 18 18 37 83 41 20 19 48 67 43 24 20 36 57 38 26 17 45 62 34 18 21 34 68 39 16 21 38 54 37 16 19 47 70 32 18 20 48 82 35 19 24 36 62 35 160 0.09 18 
23 266 254 190 48 85 126 75 52 36 90 145 92 43 40 99 152 121 49 47 97 193 103 42 53 83 150 100 47 58 90 153 88 43 42 111 148 108 46 58 107 187 94 52 45 102 171 87 44 42 120 139 105 43 44 80 155 92 61 34 105 141 108 55 285 0.06 12 
24 225 326 142 30 35 57 149 76 42 45 64 115 72 33 38 63 127 84 41 38 63 116 71 30 35 67 106 73 37 42 68 121 80 42 36 76 114 67 34 29 66 127 80 42 41 63 111 70 39 33 65 112 59 44 29 71 95 78 30 41 70 110 77 213 0.05 10 
25 150 178 32 26 10 9 4 17 20 18 4 2 18 41 19 6 5 15 36 17 7 9 9 24 18 6 3 16 14 18 9 6 16 29 20 7 6 25 31 12 11 5 18 29 6 7 4 14 14 19 4 6 23 20 6 7 6 10 18 14 7 3 20 48 0.03 6 
26 336 346 36 16 4 6 12 16 8 6 6 17 24 9 7 8 11 16 8 3 4 7 21 12 5 4 14 20 12 5 5 14 25 12 6 5 12 21 11 8 6 13 23 13 6 4 11 20 13 5 7 17 19 13 5 6 13 18 10 5 4 16 26 48 0.02 4 
27 80 187 165 23 42 61 57 27 28 76 109 44 26 19 37 85 68 28 35 48 96 69 30 33 47 102 65 24 22 56 86 38 35 25 42 69 58 30 22 60 94 51 32 39 41 104 60 32 21 54 87 57 27 34 53 82 49 29 33 60 81 38 31 220 0.06 12 
28 371 122 13 7 5 10 17 7 8 16 10 30 21 6 5 8 12 15 11 4 13 22 15 5 9 11 33 15 9 5 16 21 2 2 3 18 18 15 5 7 9 21 10 6 5 10 22 15 4 5 10 13 15 6 6 12 22 19 5 5 17 25 21 26 0.04 8 
29 460 29 69 16 14 25 19 0 10 14 34 37 25 19 2 30 40 3 7 17 28 37 31 15 14 31 34 33 4 15 13 41 22 15 14 18 40 25 12 8 13 59 28 24 19 27 14 27 19 9 38 63 24 13 16 26 39 14 6 6 29 48 25 92 0.07 14 
30 272 399 68 30 24 66 116 66 36 46 67 150 54 27 31 67 132 81 37 29 74 119 60 32 25 90 107 71 37 37 53 137 80 35 39 53 112 84 37 24 66 92 63 27 33 64 110 67 37 33 57 109 74 46 31 72 101 57 33 36 64 145 79 136 0.02 4 
31 433 324 164 43 51 74 123 85 38 33 71 147 72 45 37 68 133 91 50 47 96 136 90 33 41 83 129 80 35 35 79 128 91 43 47 83 132 78 42 36 68 119 77 32 48 96 125 75 42 41 73 124 97 36 35 58 124 73 45 40 87 165 75 246 0.09 18 
32 169 197 82 17 37 69 48 18 19 43 78 33 21 26 33 70 38 18 17 30 54 41 17 15 49 55 36 19 19 42 65 32 16 20 40 55 44 20 21 43 90 40 25 18 43 73 44 18 18 27 74 38 22 16 30 73 40 18 24 35 60 42 18 123 0.04 8 
33 420 440 74 22 26 33 66 38 14 20 45 48 16 18 25 29 59 47 24 20 35 59 43 21 19 34 71 36 25 11 36 59 38 25 17 33 40 25 15 22 37 88 24 17 21 24 36 43 21 15 30 47 33 11 20 45 70 32 11 23 41 57 40 111 0.06 12 
34 437 230 34 14 29 41 28 13 16 44 48 32 18 13 44 87 34 21 13 39 59 25 14 17 24 63 38 16 15 32 48 36 13 19 37 59 41 11 19 37 58 27 19 16 36 63 24 15 14 37 72 34 16 14 46 68 32 19 19 39 48 33 18 68 0.08 16 
35 438 196 120 19 20 30 72 54 27 17 40 74 40 18 18 45 53 43 19 27 46 57 34 23 22 40 88 47 18 18 34 56 37 21 16 32 64 34 24 16 30 61 28 18 17 47 58 45 20 21 39 83 27 17 23 30 69 53 22 18 26 65 48 160 0.03 6 
36 97 133 24 0 21 21 29 23 11 5 0 28 35 2 7 27 69 22 10 12 25 52 16 10 9 17 0 29 14 11 7 55 15 10 14 15 39 12 13 17 11 56 26 16 12 9 47 29 6 10 19 45 22 8 13 26 54 23 2 4 21 58 20 48 0.09 18 
37 189 115 96 32 15 15 32 59 32 21 15 31 65 33 14 15 37 59 29 18 17 31 45 32 16 17 24 44 28 14 11 33 56 32 17 14 38 56 30 16 17 27 58 25 16 15 35 51 30 14 14 29 64 28 16 13 26 55 30 15 14 28 51 128 0.05 10 
38 354 449 261 43 102 144 75 40 42 77 154 98 42 43 79 143 75 41 47 98 143 82 45 46 104 132 101 30 47 88 141 80 41 52 96 131 93 42 39 100 174 95 52 41 97 147 94 48 46 98 142 97 36 50 92 158 63 46 42 87 138 93 48 348 0.09 18 
39 397 18 95 45 52 113 147 103 49 43 98 173 84 37 45 103 181 76 42 45 97 159 64 43 52 99 191 74 54 50 87 142 98 41 44 94 159 85 43 44 112 174 98 49 40 87 126 93 48 49 88 142 95 57 52 126 138 104 49 31 75 178 93 190 0.07 14 
40 68 479 86 59 39 56 75 135 98 49 45 96 164 103 39 38 72 138 117 46 48 90 158 77 48 35 79 148 99 46 35 95 142 93 35 47 95 159 90 37 44 73 117 74 41 50 69 137 108 42 51 84 122 62 37 45 87 154 106 33 62 94 115 172 0.08 16 
41 420 302 138 37 27 25 37 72 33 19 22 41 86 55 23 25 48 67 40 27 19 49 81 52 28 24 41 90 40 26 19 37 70 39 23 18 47 71 47 19 20 47 76 50 26 17 49 88 37 22 21 52 79 43 27 20 47 72 43 26 17 46 81 184 0.09 18 
42 297 426 144 26 40 109 42 30 25 48 92 52 28 23 56 62 61 23 20 59 81 51 20 21 59 60 48 22 21 43 70 45 18 25 49 96 39 26 16 44 95 42 24 29 64 76 51 24 19 42 72 45 19 22 44 70 51 27 27 42 66 56 26 192 0.04 8 
43 159 280 87 98 44 46 95 133 87 44 47 98 151 88 49 33 99 168 76 42 32 105 142 88 36 35 103 142 74 43 53 69 148 92 39 49 77 119 98 49 35 77 172 85 47 53 94 131 89 47 46 98 146 72 40 36 99 145 74 45 51 88 131 174 0.07 14 
44 358 161 243 35 43 87 142 86 38 38 76 161 91 35 35 87 139 70 41 42 93 161 82 40 38 79 163 84 32 42 65 152 63 38 38 96 146 81 48 40 84 159 82 49 32 66 151 75 33 48 83 117 80 39 40 92 154 78 42 33 90 162 76 324 0.07 14 
45 68 260 23 15 33 17 11 10 31 47 26 11 16 20 38 26 12 10 39 28 17 10 11 21 22 23 7 8 15 32 11 9 10 20 40 26 11 8 30 33 17 15 15 21 27 18 11 13 22 42 19 8 8 32 46 39 8 13 27 34 23 17 11 46 0.02 4 
46 133 32 44 20 29 66 28 13 17 36 73 42 22 23 35 97 40 22 16 26 105 38 18 21 35 76 43 23 15 68 49 50 13 26 23 69 39 12 23 31 62 56 12 15 48 75 42 25 27 37 65 47 28 26 66 69 37 26 23 52 97 37 29 88 0.06 12 
47 299 380 132 171 78 45 40 70 114 80 34 22 62 91 59 35 28 59 134 66 22 37 62 94 71 32 25 55 93 73 33 37 77 83 54 38 43 67 133 69 21 28 61 146 75 35 35 66 135 58 38 27 83 105 91 24 26 57 110 61 34 37 76 198 0.03 6 
48 129 272 118 40 91 60 26 37 52 67 59 24 34 62 111 66 30 21 63 97 53 24 32 76 87 77 29 24 75 88 57 28 24 65 105 49 24 24 50 95 51 24 24 61 91 53 25 30 66 122 60 31 26 53 106 63 25 28 74 97 72 33 30 177 0.05 10 
49 111 374 116 32 36 65 104 77 28 30 45 88 70 28 32 58 89 52 18 18 49 91 62 25 32 57 112 58 25 32 57 78 48 30 27 57 99 56 26 30 72 129 50 28 33 61 105 43 29 34 55 73 67 34 32 48 109 57 29 30 58 101 68 174 0.06 12 
50 397 20 156 36 72 113 59 48 30 81 142 78 38 37 61 132 68 31 33 67 113 63 39 29 62 122 73 32 34 69 133 65 43 32 88 137 88 34 36 81 113 68 44 46 68 126 78 51 33 66 110 87 43 38 90 102 81 41 51 73 152 58 31 234 0.04 8 
51 245 267 114 53 32 17 18 33 67 39 17 16 44 59 46 15 16 37 73 42 22 22 42 66 51 17 20 37 56 30 19 21 28 73 31 18 15 36 51 41 15 17 35 56 39 21 17 37 69 41 18 22 31 77 39 18 19 41 56 42 15 17 38 152 0.02 4 
52 59 454 228 104 46 40 67 124 51 30 41 71 151 87 37 39 79 137 73 37 41 64 103 75 27 35 82 135 87 39 49 62 109 73 28 50 72 113 67 46 43 81 163 53 42 30 90 142 73 29 39 79 109 75 45 46 91 143 66 44 33 68 107 304 0.05 10 
53 82 3 99 89 48 61 87 196 115 41 42 84 172 111 44 53 71 150 102 51 60 97 171 89 61 56 84 128 81 53 47 99 172 94 48 41 93 160 92 43 58 96 125 121 55 64 124 148 105 58 50 89 189 76 56 47 121 154 91 52 53 84 150 198 0.06 12 
54 368 280 82 44 13 20 41 65 28 11 19 45 75 38 25 23 36 82 31 17 17 50 91 30 13 20 52 78 33 17 14 27 43 40 20 15 38 61 43 27 13 49 56 39 21 24 35 52 22 23 18 37 71 50 14 20 42 65 38 20 17 53 61 123 0.09 18 
55 135 141 138 51 43 23 25 53 83 50 21 32 25 82 44 30 18 40 48 37 23 28 47 72 44 30 21 43 63 46 30 15 42 76 44 29 25 41 64 47 20 22 55 68 54 25 19 39 79 55 23 22 37 56 50 21 24 42 63 53 26 22 44 184 0.04 8 
56 276 345 117 21 20 46 70 35 21 17 37 69 35 25 20 39 66 40 21 19 37 68 44 17 19 39 70 37 16 18 40 67 31 19 16 42 71 40 20 17 34 54 30 18 16 41 61 47 22 18 30 71 32 17 19 41 63 34 19 19 42 70 42 156 0.03 6 
57 259 195 246 117 69 46 38 83 140 73 45 40 71 141 79 41 41 92 127 71 48 34 84 162 71 48 38 93 135 82 46 48 80 146 69 43 43 79 160 93 46 43 93 126 92 39 35 80 158 100 33 38 92 125 91 42 32 68 163 88 42 49 93 328 0.08 16 
58 214 162 105 43 13 26 34 74 37 18 18 28 37 39 14 27 35 69 41 13 10 27 43 36 29 17 33 52 13 16 15 29 80 44 18 17 32 65 24 13 19 26 94 21 18 21 26 54 35 12 21 25 34 35 18 10 22 85 41 15 14 31 62 140 0.02 4 
59 114 5 81 64 122 75 44 42 72 127 83 34 41 99 150 68 43 46 61 136 64 40 42 95 133 96 34 38 88 135 88 45 38 82 123 76 46 48 72 106 71 41 36 78 131 86 45 47 84 152 87 47 34 96 148 65 43 49 72 128 77 37 42 162 0.06 12 
60 234 172 84 76 131 88 37 47 73 151 68 42 43 69 121 84 39 51 90 119 82 37 39 79 144 69 42 38 86 118 80 46 42 82 159 103 51 46 73 128 69 51 36 66 153 86 40 45 107 161 94 55 40 95 133 67 38 33 78 163 83 37 49 168 0.03 6 
61 425 30 198 40 64 98 62 26 34 78 138 65 37 39 52 110 76 32 38 81 96 66 29 36 68 140 62 27 36 53 118 78 30 36 65 91 56 39 36 75 92 71 35 31 75 105 54 35 38 64 109 76 34 29 66 107 47 37 31 73 126 63 34 264 0.04 8 
62 232 258 56 24 54 81 60 30 30 49 105 45 31 23 53 105 62 32 26 46 101 55 24 30 59 98 66 30 28 59 103 49 28 30 45 73 58 26 31 44 107 62 24 24 50 90 61 33 29 53 113 52 24 27 55 100 45 30 24 54 104 54 32 112 0.09 18 
63 297 46 85 47 43 97 134 62 37 51 102 122 79 36 52 84 124 86 44 39 77 115 99 50 37 65 132 81 40 28 72 178 91 56 45 98 162 67 40 33 66 155 75 44 43 91 149 81 41 40 93 112 80 43 48 70 110 104 42 26 67 92 71 170 0.06 12 
64 39 141 57 80 54 36 31 65 93 58 23 20 47 87 67 31 30 55 83 47 26 30 50 106 71 26 26 51 143 41 30 29 45 100 46 32 30 52 101 71 34 32 49 115 67 31 34 63 77 62 32 22 52 75 71 28 31 58 98 49 25 22 50 114 0.04 8 
65 241 128 108 67 78 54 22 23 47 93 48 30 27 54 97 47 22 26 60 81 58 29 32 43 98 52 29 22 50 89 57 29 21 57 101 47 28 26 55 105 59 25 26 44 80 59 32 23 55 85 61 25 30 59 94 42 22 26 48 81 50 28 28 162 0.06 12 
66 239 473 21 63 20 7 7 23 41 18 18 13 18 54 21 8 6 11 48 15 13 11 25 55 14 8 10 7 61 10 13 12 11 40 13 6 14 20 44 15 13 7 19 25 31 7 2 25 26 31 8 12 17 46 34 9 17 21 30 17 9 16 19 42 0.03 6 
67 325 99 168 87 44 42 78 116 90 40 37 70 123 68 43 40 91 140 67 38 38 98 159 98 37 43 80 137 77 37 41 70 168 98 36 50 104 135 69 36 48 85 123 105 47 46 99 142 74 35 52 86 134 89 38 38 76 164 85 31 45 84 155 252 0.07 14 
68 191 58 213 39 70 123 79 34 35 73 109 56 35 28 73 109 70 34 35 60 96 63 38 35 58 126 64 33 29 65 126 62 33 34 68 114 68 30 43 66 126 60 37 36 87 108 70 36 38 57 125 67 31 31 78 120 72 32 35 58 136 74 37 284 0.08 16 
69 434 477 164 137 73 34 41 83 133 89 47 37 79 121 84 39 48 67 141 77 35 35 65 153 98 37 34 72 151 64 38 38 75 159 90 44 47 69 134 97 47 35 95 157 86 34 46 82 151 81 41 50 73 144 67 34 42 94 125 81 38 35 69 246 0.04 8 
70 443 2 60 10 23 33 18 8 9 23 25 19 8 11 18 26 20 7 10 20 26 18 8 13 16 34 21 8 8 18 36 14 12 8 14 34 17 7 11 16 34 21 8 12 17 26 17 9 10 17 29 21 10 9 25 31 16 14 8 18 28 20 9 80 0.05 10 
71 315 399 57 48 22 24 51 94 52 30 29 43 87 65 25 27 45 75 55 31 27 60 99 56 29 38 56 106 56 32 28 63 100 48 31 27 53 82 75 25 28 49 101 57 29 33 55 108 53 25 21 63 104 51 32 25 62 97 59 29 26 78 86 114 0.09 18 
72 107 374 33 43 44 27 20 29 67 41 19 14 39 73 46 19 19 37 68 29 10 14 32 61 32 14 4 37 64 27 13 11 27 39 44 23 13 53 46 25 12 14 39 31 24 17 13 31 72 26 22 21 28 52 33 16 15 41 29 34 12 30 17 66 0.04 8 
73 151 31 80 141 87 45 44 95 159 71 32 43 70 120 85 47 45 97 142 88 36 40 86 150 66 40 33 67 150 66 41 38 76 124 72 47 46 87 124 98 33 44 94 158 69 41 34 63 144 91 36 38 76 138 77 47 40 87 114 76 37 42 78 160 0.02 4 
74 383 384 46 14 21 45 47 43 15 20 50 90 45 17 18 45 56 44 23 20 41 66 36 23 25 49 48 52 18 18 37 64 41 16 17 46 79 34 21 19 43 71 38 28 18 54 63 61 26 18 59 85 54 28 23 39 84 62 21 21 39 78 46 92 0.03 6 
75 14 410 63 30 27 51 96 78 32 40 64 95 47 36 27 82 149 65 29 31 62 108 60 31 27 58 102 53 36 37 67 115 65 26 22 91 90 59 33 34 38 127 73 40 33 58 128 94 20 29 72 120 60 36 21 59 121 57 24 25 84 96 78 126 0.06 12 
76 27 226 186 86 51 42 96 186 115 53 53 83 174 97 44 50 95 176 100 51 51 107 148 94 48 43 83 175 99 48 43 74 175 104 51 43 77 135 112 49 56 101 185 79 56 45 94 158 75 44 47 81 182 105 47 47 98 168 82 51 54 82 151 279 0.09 18 
77 466 14 94 53 57 97 158 86 44 39 83 152 78 38 44 99 152 82 40 44 87 162 107 57 46 88 144 75 45 57 90 144 87 50 53 129 151 77 46 53 95 170 77 49 39 92 135 77 34 53 87 171 76 41 35 87 172 103 55 45 90 179 91 188 0.06 12 
78 204 365 140 33 74 130 66 36 45 79 100 75 27 38 74 120 74 31 36 69 100 65 46 30 69 120 70 31 35 80 139 64 42 32 73 103 64 38 28 62 135 76 45 39 68 150 77 41 34 68 110 54 39 32 79 135 69 45 39 78 112 61 28 210 0.05 10 
79 172 133 138 42 65 47 21 23 38 76 42 23 23 36 70 37 25 23 52 96 45 29 18 52 61 42 23 18 48 74 50 23 24 38 65 42 24 26 50 77 54 18 22 37 83 46 20 23 52 86 54 21 21 47 76 46 22 22 41 81 51 17 25 184 0.02 4 
80 125 124 258 51 81 135 81 49 42 63 138 73 34 37 84 118 63 42 52 78 113 87 52 35 99 164 109 34 44 90 156 96 50 44 75 178 75 43 42 82 154 107 36 46 84 160 71 44 47 98 149 91 45 39 84 190 63 39 53 87 166 70 48 344 0.09 18 
81 105 277 69 61 36 32 64 138 63 41 30 79 138 65 34 28 63 125 77 32 30 65 101 58 28 33 64 110 78 35 37 75 97 64 32 39 70 119 65 33 29 61 103 78 34 42 68 112 56 38 33 61 114 76 28 38 84 108 68 34 35 80 122 138 0.08 16 
82 149 172 13 23 16 4 7 16 35 9 6 11 15 23 16 9 3 7 38 15 4 9 5 8 4 4 4 7 1 7 7 6 8 26 2 1 7 12 23 6 5 6 2 16 10 5 0 23 33 28 3 6 20 19 13 11 4 18 16 13 3 5 12 26 0.03 6 
83 274 46 100 92 51 27 22 54 91 43 31 20 50 69 54 23 23 48 97 61 21 31 43 74 39 23 31 38 87 44 21 20 58 98 52 25 23 60 103 47 21 28 41 79 46 27 26 65 101 51 29 27 51 74 45 26 24 51 103 53 20 21 45 150 0.05 10 
84 111 425 196 48 44 105 186 128 56 44 120 168 94 44 50 84 176 94 42 46 85 171 88 52 41 106 190 114 45 57 115 140 105 48 53 90 200 82 57 48 82 169 91 60 56 93 152 94 54 51 119 205 94 59 42 85 147 92 53 47 88 185 86 294 0.07 14 
85 116 15 158 31 45 84 167 91 41 40 74 161 84 42 32 78 129 59 45 43 70 139 62 41 43 77 156 67 43 49 66 157 73 38 44 80 151 60 42 41 85 149 67 40 39 81 119 81 35 37 65 132 87 38 35 70 156 76 48 28 82 100 70 237 0.08 16 
86 416 439 108 22 39 107 61 26 27 78 116 47 25 25 74 70 65 40 24 40 106 54 34 29 48 97 61 25 19 46 80 62 24 34 65 110 64 35 22 61 108 72 22 33 44 111 57 33 38 51 92 59 32 35 64 99 41 19 29 34 86 69 24 162 0.03 6 
87 486 132 75 58 30 36 75 110 68 30 35 79 128 68 44 41 69 98 75 34 33 90 103 86 36 37 81 137 65 33 37 70 103 88 33 40 63 111 88 35 34 70 110 90 35 36 71 123 77 42 40 65 128 76 38 42 76 145 69 39 30 62 150 150 0.04 8 
88 33 414 160 81 33 37 71 114 79 48 36 72 145 93 44 34 92 143 66 42 42 66 116 70 38 47 68 125 61 42 39 91 132 92 34 37 77 159 82 38 46 83 145 91 47 38 75 129 73 32 33 81 141 67 32 46 79 155 80 44 43 74 132 240 0.08 16 
89 468 337 74 132 68 31 28 82 128 87 41 30 67 116 72 35 40 61 171 63 30 33 85 131 71 38 35 78 119 90 39 37 65 132 69 36 29 72 147 84 49 35 76 113 88 32 43 82 122 66 41 38 59 102 76 38 43 97 132 82 41 33 73 148 0.09 18 
90 346 290 84 34 33 83 115 94 51 40 68 150 90 47 37 78 149 84 37 43 98 148 71 37 41 105 134 103 34 42 74 167 80 43 48 106 160 99 35 40 97 147 86 40 39 89 160 84 54 40 67 125 69 36 37 92 138 97 37 43 88 132 80 168 0.09 18 
91 363 213 198 63 109 59 38 30 61 127 82 33 43 53 105 89 32 39 63 118 61 41 30 57 110 78 26 34 74 108 60 31 30 54 114 67 31 34 48 107 61 32 36 77 156 68 26 33 82 123 66 32 22 39 135 50 30 27 61 141 63 30 24 264 0.07 14 
92 94 95 159 23 23 35 99 43 29 28 48 90 56 24 17 35 86 38 28 28 41 70 47 19 28 58 79 35 28 23 43 71 82 18 32 57 86 70 18 35 62 82 46 34 24 57 110 33 30 25 59 87 48 27 22 57 86 32 28 22 53 70 34 212 0.03 6 
93 318 0 30 46 19 9 13 32 66 31 5 9 29 68 25 12 18 43 62 39 7 10 37 58 35 14 12 31 26 54 21 10 8 51 31 10 13 28 20 24 16 15 29 35 10 15 14 27 46 25 13 13 20 56 24 6 16 19 51 36 25 14 34 60 0.04 8 
94 303 394 68 42 45 17 19 33 47 22 22 16 27 48 23 19 11 24 44 20 18 17 51 67 40 16 24 29 71 34 21 21 28 40 33 13 6 48 46 40 25 10 14 46 5 17 19 32 53 41 16 6 29 40 33 13 18 28 78 32 15 15 42 102 0.05 10 
95 74 275 72 113 78 38 41 56 102 48 38 41 56 136 64 27 35 95 121 55 27 29 66 142 64 30 49 81 106 79 32 34 67 140 52 32 31 77 103 88 30 40 80 122 100 41 39 77 106 77 31 32 74 159 77 36 34 84 98 69 36 33 66 144 0.03 6 
96 90 439 273 70 173 108 53 37 95 161 96 41 60 72 139 76 40 42 106 150 73 51 48 83 128 108 52 42 113 146 73 53 34 85 137 101 42 34 87 127 89 46 47 73 136 99 50 39 112 148 96 35 49 122 161 89 46 39 102 180 83 40 51 364 0.09 18 
97 51 357 80 39 90 100 103 39 41 59 127 86 40 30 88 107 68 32 36 100 97 101 52 31 86 110 97 39 39 88 130 82 36 31 109 120 73 41 34 70 151 79 41 41 74 161 73 44 40 74 152 100 48 41 88 143 81 42 37 78 114 58 42 160 0.07 14 
98 88 236 48 20 21 42 87 47 19 20 49 99 46 29 23 42 73 48 25 21 61 80 54 22 27 58 78 42 27 19 55 73 36 21 23 37 69 49 26 20 49 75 46 26 17 50 82 43 26 28 40 92 37 25 23 48 82 48 29 24 44 73 44 96 0.06 12 
99 342 223 30 25 6 5 0 15 3 4 2 6 11 18 9 9 10 2 7 7 3 3 10 26 19 3 7 10 19 13 0 2 14 15 7 2 7 12 27 2 5 0 1 14 0 3 6 13 16 17 9 5 7 11 6 2 3 5 21 17 0 0 13 40 0.04 8 
100 480 358 120 88 55 37 24 50 80 57 25 32 54 90 62 31 30 64 98 62 33 39 54 135 77 29 22 54 95 55 38 28 45 107 56 26 22 58 104 56 26 32 65 107 51 18 24 47 82 50 30 32 58 101 56 30 26 59 96 56 30 35 35 180 0.09 18 
101 415 366 45 61 50 49 24 19 63 81 57 21 15 39 77 46 24 25 61 95 49 19 24 57 62 30 21 23 38 58 45 30 19 24 80 50 19 25 39 65 50 18 19 56 64 32 18 18 52 92 66 18 16 39 75 45 19 23 46 68 38 16 19 90 0.02 4 
102 102 279 114 28 75 28 18 15 33 73 37 13 17 36 75 33 18 18 24 71 39 15 14 36 78 34 15 16 42 81 61 12 17 54 87 39 25 12 34 56 22 19 21 63 36 35 12 16 37 46 47 13 30 36 50 32 20 17 36 49 40 15 13 152 0.05 10 
103 455 304 228 117 102 34 38 72 123 84 45 41 76 105 53 49 34 64 153 60 34 49 60 129 72 27 44 54 138 54 41 47 73 118 98 27 45 84 96 85 31 46 71 118 73 32 44 72 111 77 32 39 76 108 68 43 33 73 130 78 34 32 87 304 0.09 18 
104 233 341 120 67 88 66 28 30 67 95 53 29 27 54 109 50 29 31 50 100 57 37 31 62 93 63 33 32 63 109 57 31 31 52 97 73 32 34 72 112 60 28 34 55 101 65 22 30 48 118 50 28 20 79 78 60 31 28 65 78 62 26 28 180 0.09 18 
105 307 396 132 26 20 42 76 48 18 28 53 76 42 24 15 41 108 39 21 21 43 76 49 29 16 36 85 47 21 24 31 67 43 25 22 43 84 42 28 27 34 72 43 19 20 44 86 46 15 23 52 69 42 21 19 47 72 41 21 29 48 51 54 176 0.05 10 
106 278 139 23 15 19 8 40 21 16 13 34 54 40 10 8 28 23 21 16 9 23 14 39 16 12 7 39 22 2 7 22 42 33 19 0 27 25 6 20 22 12 36 29 12 9 22 57 30 7 8 18 80 25 10 7 4 39 15 14 13 19 56 29 46 0.03 6 
107 131 283 85 82 45 39 98 120 74 48 41 92 123 105 42 48 107 117 79 37 45 101 140 87 52 32 78 164 75 38 44 89 122 77 44 49 96 123 96 38 35 82 138 98 49 51 92 143 107 40 34 103 125 100 36 53 103 139 72 38 50 72 139 170 0.09 18 
108 222 143 75 39 74 118 86 36 41 70 144 78 41 39 88 102 83 31 40 78 152 56 33 30 63 122 65 38 36 85 148 81 34 28 59 121 93 37 36 83 122 80 39 41 81 149 62 37 28 77 115 90 31 36 58 150 77 37 32 85 123 67 36 150 0.09 18 
109 497 75 64 60 144 52 32 33 72 135 71 30 34 48 110 58 28 30 82 84 75 39 18 45 134 47 35 27 73 84 70 26 23 61 120 73 31 37 56 86 64 31 37 68 83 67 37 32 55 100 62 37 35 84 124 85 25 23 49 104 55 36 29 128 0.02 4 
110 76 32 74 38 76 107 59 42 31 63 128 66 35 30 91 142 64 31 41 85 123 82 34 39 61 124 60 40 38 67 135 63 37 33 80 106 76 34 42 70 137 71 34 34 65 116 60 39 32 74 143 87 40 41 78 102 75 32 41 81 142 84 35 148 0.03 6 
111 403 206 89 152 102 52 60 108 143 119 34 54 75 148 89 45 40 107 135 98 49 49 79 125 99 45 39 84 170 98 45 54 102 150 76 37 36 70 152 66 49 38 77 149 102 37 46 107 84 68 37 40 84 152 83 39 61 80 119 83 41 32 97 178 0.05 10 
112 330 120 76 46 84 125 58 30 43 79 117 73 32 41 81 130 84 41 37 85 147 67 43 38 72 126 76 35 43 76 124 59 41 33 79 122 83 41 43 84 121 55 32 37 73 130 69 35 54 93 128 38 30 39 92 136 72 48 51 87 164 87 38 152 0.08 16 
113 44 250 79 43 73 162 97 48 49 82 133 104 32 46 66 130 62 32 38 98 115 77 38 33 73 169 93 34 33 71 124 73 34 42 90 154 71 43 33 94 119 102 31 42 66 150 86 38 37 65 133 65 42 29 61 109 68 46 39 80 128 79 48 158 0.08 16 
114 295 2 138 65 125 72 45 32 74 112 61 39 36 61 116 68 28 34 77 106 55 29 23 90 111 56 26 27 58 149 76 35 33 89 128 63 26 32 47 101 90 42 40 87 128 60 30 41 60 113 72 33 36 76 125 55 26 30 57 110 81 38 32 207 0.09 18 
115 14 356 135 47 27 21 47 76 50 24 25 53 76 47 17 21 48 66 40 19 21 45 67 48 19 22 34 72 43 18 18 46 75 50 22 26 44 94 41 22 23 50 67 39 19 27 48 96 37 19 22 51 93 38 18 28 38 81 58 24 22 40 61 180 0.04 8 
116 491 24 194 103 54 56 102 189 80 50 45 82 146 113 57 44 108 142 98 52 51 75 187 105 56 50 101 148 81 51 50 93 163 97 45 48 91 163 84 40 46 109 135 107 43 41 90 132 86 41 53 84 190 95 55 49 92 168 117 58 58 110 135 291 0.06 12 
117 149 278 92 26 18 40 94 43 28 23 42 84 47 19 18 58 74 52 25 24 32 55 40 31 21 49 108 58 25 20 50 85 45 18 20 40 62 51 18 23 36 72 53 23 21 43 91 35 21 20 39 79 46 20 20 38 61 54 18 40 26 69 38 138 0.02 4 
118 210 47 108 68 93 48 27 24 52 89 61 32 30 46 97 41 27 23 57 90 59 32 32 63 76 62 29 32 50 95 62 24 24 44 77 54 24 24 55 77 46 26 29 48 85 47 30 24 65 95 54 25 28 53 102 59 28 30 55 82 44 20 28 162 0.02 4 
119 386 94 81 46 86 134 83 37 39 78 145 104 41 36 98 140 69 41 44 69 131 64 50 44 86 130 91 48 34 69 158 85 46 42 89 119 94 46 36 87 131 74 47 32 93 127 87 36 35 62 152 69 30 44 94 148 58 43 35 74 132 79 36 162 0.02 4 
120 395 122 23 12 29 34 24 10 13 16 30 24 13 11 18 35 30 12 9 18 36 18 13 13 21 38 20 12 12 25 41 23 13 12 25 33 24 12 9 28 49 23 14 10 25 33 23 12 9 22 41 21 11 9 27 43 22 12 9 21 37 23 10 46 0.09 18 
121 269 201 96 52 24 14 14 32 32 34 16 24 25 37 50 12 15 48 54 24 13 11 27 50 23 14 12 25 47 12 11 14 27 58 33 20 17 30 73 37 10 10 24 42 48 16 9 34 53 31 35 12 45 45 30 19 14 19 5 27 17 14 40 128 0.09 18 
122 466 485 177 99 54 33 34 72 113 68 26 32 59 107 55 30 32 61 109 52 27 29 62 93 54 24 26 70 88 49 32 28 67 95 56 22 26 69 80 52 29 29 59 124 45 31 29 50 89 50 26 26 63 101 70 30 29 49 113 50 32 26 54 236 0.09 18 
123 22 397 60 13 15 31 43 33 27 9 23 61 27 13 20 33 37 22 19 16 13 70 23 23 19 31 10 52 17 19 41 77 35 16 11 35 28 18 11 15 23 54 31 22 15 46 71 59 7 18 45 61 12 13 10 29 94 13 25 4 38 39 28 90 0.04 8 
124 74 45 282 81 182 87 42 39 109 167 112 50 44 121 175 71 51 44 80 143 89 50 37 106 190 105 55 63 80 172 109 53 46 71 164 92 47 46 98 173 105 43 44 93 160 75 47 56 86 160 103 45 51 96 175 90 46 55 84 158 85 42 37 376 0.04 8 
125 192 353 25 9 16 26 25 14 17 29 34 24 17 12 33 48 18 8 17 30 44 18 10 9 26 45 26 16 19 35 42 18 17 6 20 54 28 18 12 21 39 18 12 14 29 58 23 14 14 22 38 29 17 23 17 36 17 14 14 28 56 14 12 50 0.06 12 
126 474 418 166 39 94 169 68 42 47 87 151 95 39 43 70 117 103 36 33 76 121 73 43 39 81 122 98 34 42 79 123 69 37 38 92 147 72 43 38 91 156 96 46 43 86 143 76 47 34 77 148 95 45 44 85 132 96 42 40 99 146 87 33 249 0.03 6 
127 118 428 150 21 20 40 77 49 21 26 49 73 53 28 27 47 97 44 30 27 41 78 50 24 26 57 88 55 24 22 57 88 50 27 29 37 88 45 25 28 46 90 49 26 25 53 75 46 22 28 48 90 44 22 21 41 80 41 24 26 45 69 40 200 0.08 16 
128 233 233 45 51 19 21 41 78 48 28 19 45 82 49 21 27 42 71 42 19 18 50 95 51 26 22 37 62 36 28 19 44 95 41 22 21 50 83 43 23 24 38 76 43 24 26 36 67 45 24 20 35 97 44 23 27 40 81 53 19 24 36 65 90 0.04 8 
129 14 478 95 43 41 98 174 96 51 52 103 163 98 52 45 79 159 109 49 43 98 155 100 51 42 83 168 95 40 39 91 158 72 43 38 85 152 95 53 51 105 157 76 45 43 89 177 72 40 54 85 157 85 51 44 95 133 91 43 42 104 188 89 190 0.07 14 
130 83 406 60 19 12 9 18 25 16 8 9 18 28 16 11 14 17 28 20 11 9 19 27 22 8 8 17 32 23 12 8 25 28 14 9 9 20 28 22 9 9 17 30 20 9 5 19 31 21 11 10 23 31 21 10 11 24 31 25 7 7 24 32 80 0.06 12 
131 152 412 54 5 5 13 37 17 3 5 20 15 25 2 11 11 57 25 7 7 1 7 8 13 8 1 49 23 6 14 4 26 25 13 10 18 24 22 7 5 5 26 37 3 11 27 12 5 10 6 29 22 25 0 2 19 51 14 0 6 23 45 12 72 0.09 18 
132 101 51 148 39 56 145 68 36 36 79 140 98 35 41 59 148 75 34 28 78 124 75 32 40 70 113 81 48 39 61 110 84 40 31 82 107 82 49 32 75 137 54 39 33 82 107 75 38 44 56 106 61 41 28 71 114 77 38 27 67 107 70 35 222 0.07 14 
133 132 368 74 45 29 65 130 54 37 43 64 150 58 45 26 73 121 80 27 35 68 124 81 47 43 74 131 63 45 44 70 111 71 39 31 93 103 89 36 43 88 93 89 49 47 71 109 87 37 44 82 138 74 36 33 66 133 75 36 39 92 125 65 148 0.09 18 
134 458 108 152 106 91 34 33 76 104 85 34 31 83 142 67 31 40 75 148 61 36 34 61 104 80 34 40 69 130 71 41 41 88 144 88 33 40 93 146 80 37 42 79 144 86 37 37 73 147 72 35 34 62 135 62 28 46 69 120 66 41 45 85 228 0.09 18 
135 206 158 158 61 136 78 41 39 71 111 90 37 36 71 124 93 44 36 72 110 66 46 36 84 137 67 43 34 91 127 73 32 47 88 116 91 38 36 80 114 77 41 37 62 142 91 46 40 101 129 81 38 34 68 150 80 41 32 90 130 101 32 36 237 0.07 14 
136 303 154 81 93 44 36 81 155 93 34 44 84 115 62 44 37 73 109 89 47 44 70 134 80 41 45 66 172 88 34 43 89 130 101 35 33 75 152 86 47 46 80 140 75 42 38 83 145 95 39 39 75 135 86 39 43 62 146 74 31 35 75 139 162 0.08 16 
137 187 167 104 91 50 27 18 46 111 57 25 21 59 97 42 30 26 44 78 60 26 27 56 77 54 22 29 42 97 45 30 24 63 93 50 28 24 52 87 42 26 22 49 91 53 25 32 63 96 47 23 21 46 90 49 23 30 53 103 44 22 30 49 156 0.08 16 
138 499 73 47 21 28 42 81 41 29 22 54 78 50 22 22 60 75 52 21 26 47 90 48 25 16 43 69 51 28 23 43 83 49 22 21 49 71 40 24 25 48 84 45 23 26 56 61 56 22 26 51 68 42 21 23 43 80 57 21 21 49 83 40 94 0.06 12 
139 134 72 84 11 23 34 35 16 15 18 33 70 30 18 15 25 27 37 15 19 37 35 11 7 13 24 59 43 20 1 31 61 19 14 12 21 21 23 14 15 53 62 15 15 27 36 20 41 9 10 52 68 28 13 19 18 24 37 7 11 20 50 16 112 0.06 12 
140 267 290 66 19 24 51 55 38 22 10 27 60 30 10 16 30 64 38 5 19 27 25 10 27 12 18 35 43 14 9 30 68 43 27 19 24 67 35 14 3 40 48 21 15 20 16 53 44 11 20 26 55 31 13 19 40 37 33 11 20 16 39 45 99 0.07 14 
141 480 269 166 33 88 151 72 31 38 71 147 96 35 41 79 147 77 41 38 92 160 89 43 46 71 150 95 25 37 118 145 97 39 39 83 188 73 41 56 113 148 79 34 32 90 139 76 42 43 93 120 83 29 37 65 164 87 56 36 67 147 70 31 249 0.02 4 
142 55 172 16 15 8 8 17 20 14 8 8 18 32 11 8 7 14 31 13 7 10 16 30 10 10 7 15 27 11 9 6 16 28 14 7 8 17 22 17 7 6 15 32 17 6 8 16 28 13 7 7 18 29 18 6 6 21 30 20 9 7 13 32 32 0.06 12 
143 391 315 170 62 135 87 44 42 77 173 68 52 34 69 141 74 50 40 61 156 71 40 36 101 120 99 40 40 70 129 77 38 51 73 142 88 44 48 79 150 98 50 46 80 122 88 50 50 87 111 85 47 39 65 102 62 37 50 71 168 77 49 52 255 0.07 14 
144 162 421 105 15 34 59 35 19 19 40 76 32 20 16 34 55 27 20 14 30 44 30 17 18 38 57 34 19 21 43 43 37 16 15 40 46 30 19 17 42 56 40 20 16 40 50 25 17 19 37 48 33 15 19 40 70 27 17 13 29 57 27 16 140 0.09 18 
145 129 1 97 87 176 101 40 51 89 135 99 58 58 109 152 101 54 40 106 136 93 56 53 88 132 94 55 44 89 165 108 47 37 115 189 94 45 45 86 174 84 45 48 90 146 116 52 50 97 177 97 44 49 87 150 107 58 53 76 150 102 47 49 194 0.03 6 
146 396 366 71 34 28 60 120 70 32 27 50 129 85 32 52 67 106 72 35 33 99 115 47 33 39 51 130 64 29 38 88 136 51 48 35 82 119 71 38 43 69 90 53 31 39 51 90 54 32 28 86 124 77 30 38 64 156 67 34 27 71 95 69 142 0.03 6 
147 168 58 15 14 5 10 17 23 11 7 8 16 22 12 8 5 16 21 11 6 6 17 24 17 6 4 10 19 13 6 6 13 23 13 8 6 17 31 22 6 6 15 24 13 6 8 20 24 9 9 8 14 16 15 8 6 15 20 13 9 7 17 27 30 0.09 18 
148 175 110 32 5 7 13 31 25 5 3 15 45 12 10 4 24 40 18 8 6 22 42 19 3 6 13 16 12 4 9 21 12 19 9 8 17 36 24 9 4 8 27 14 6 7 18 32 10 5 3 13 32 15 7 5 18 40 27 10 14 14 24 11 48 0.03 6 
149 464 481 65 29 82 98 63 30 36 69 94 75 39 28 68 133 71 34 32 72 97 55 35 40 59 106 54 34 37 53 116 56 31 32 63 102 69 36 34 81 114 72 26 35 65 92 70 33 26 59 97 60 37 37 66 122 70 36 32 72 131 73 36 130 0.02 4 
150 267 281 156 52 24 25 41 94 48 27 21 50 94 54 23 24 48 78 57 26 26 47 87 49 28 30 50 114 48 19 21 42 71 50 29 31 48 104 51 21 23 45 80 54 27 21 45 89 54 31 23 58 98 44 34 21 45 73 54 24 33 47 72 208 0.04 8 
151 221 338 192 32 41 47 138 63 30 27 61 116 49 31 30 59 88 98 28 48 41 115 54 22 31 46 106 39 23 38 55 89 27 35 37 73 118 38 30 39 49 94 53 36 25 48 115 60 34 41 61 106 70 32 33 57 94 58 34 18 58 143 64 256 0.08 16 
152 126 15 66 8 7 22 34 16 14 16 35 53 30 8 18 16 34 16 10 9 21 18 14 6 8 13 61 16 15 15 24 58 22 11 11 27 44 38 12 11 29 43 32 14 6 19 32 21 6 13 22 34 10 19 15 22 12 17 9 10 17 44 32 88 0.08 16 
153 330 424 36 8 17 24 11 5 4 6 27 7 8 3 10 0 1 7 2 8 30 12 7 4 11 3 13 9 3 14 19 13 2 10 11 44 2 7 6 10 25 10 4 4 23 22 17 13 4 10 24 6 6 6 11 18 10 9 2 18 27 3 2 48 0.07 14 
154 15 271 102 20 56 95 56 27 23 66 76 46 24 23 51 96 50 23 23 60 85 66 26 21 48 71 56 25 29 50 135 61 24 26 44 97 46 17 16 46 59 47 33 25 48 114 52 19 27 44 93 54 19 29 48 78 37 31 25 49 57 62 32 153 0.04 8 
155 411 462 94 43 43 86 177 112 46 36 66 116 76 53 48 80 176 81 48 50 85 140 79 48 52 88 183 98 52 40 111 145 110 48 50 116 163 96 40 57 86 181 96 55 50 86 173 119 47 46 113 179 93 39 38 89 198 116 40 55 112 157 119 188 0.04 8 
156 241 13 162 134 54 23 25 50 87 60 16 37 36 80 72 19 25 56 65 59 26 33 34 104 67 22 24 64 98 61 31 32 24 72 59 22 30 76 84 67 24 26 38 114 53 15 31 35 116 56 26 30 53 74 63 29 27 45 117 69 22 29 45 216 0.05 10 
157 145 27 186 141 72 44 35 95 164 94 49 47 99 146 84 37 37 98 174 97 40 40 69 182 81 54 53 97 179 83 47 46 120 155 71 39 41 93 137 76 63 59 95 155 101 46 37 93 142 75 51 44 81 173 74 39 52 101 132 86 54 54 107 279 0.09 18 
158 357 35 135 20 37 72 38 21 26 44 72 47 22 17 37 78 47 25 19 56 76 46 21 17 40 76 47 24 27 45 63 41 29 16 40 83 46 22 21 43 86 46 23 26 36 87 41 18 27 45 66 52 21 18 34 96 54 21 22 40 82 53 18 180 0.07 14 
159 76 296 130 35 34 55 115 76 27 29 66 111 73 26 28 59 115 66 40 37 49 101 70 33 32 57 136 58 37 30 52 96 57 35 30 56 132 55 37 29 63 97 55 25 35 51 144 80 33 38 80 114 56 31 39 63 122 75 39 34 53 89 82 195 0.06 12 
160 77 279 69 50 25 9 8 25 29 25 6 9 25 43 17 10 7 25 46 13 11 9 20 46 21 11 11 33 41 18 12 8 16 49 25 12 6 22 35 25 7 14 39 61 20 10 8 20 46 24 11 16 19 52 27 10 13 28 55 12 9 5 23 92 0.04 8 
161 81 354 63 6 12 41 18 12 14 19 37 22 12 6 16 39 26 11 14 19 32 19 9 10 15 34 27 7 12 17 24 17 14 7 16 28 16 15 9 14 31 28 6 7 29 34 20 6 11 23 32 19 8 14 20 34 14 10 14 18 34 25 8 84 0.05 10 
162 334 414 96 57 46 117 133 104 59 55 85 165 82 58 48 97 156 103 40 53 105 175 116 45 61 83 140 91 39 41 110 149 88 49 48 84 141 86 55 45 81 166 94 51 44 80 159 106 42 44 110 201 83 50 39 89 169 113 45 42 78 133 78 192 0.04 8 
163 474 470 81 25 11 14 21 50 25 6 19 26 54 29 21 17 14 48 36 20 18 24 32 28 13 10 36 34 33 14 7 22 69 29 15 18 24 42 31 17 10 19 60 26 13 9 31 34 33 16 13 28 61 36 19 20 19 40 27 12 9 22 45 108 0.02 4 
164 146 317 51 16 23 17 10 10 16 26 17 8 6 12 30 13 7 9 18 35 15 10 7 17 26 12 6 8 20 26 15 7 6 16 26 16 11 8 10 30 16 9 8 16 30 16 6 6 17 33 17 9 7 14 25 14 8 12 16 26 21 8 10 68 0.05 10 
165 450 192 17 33 0 25 12 7 0 16 30 8 4 27 25 16 7 8 29 32 9 20 13 0 8 2 7 9 11 37 14 5 7 35 17 26 5 14 20 32 14 14 10 24 39 18 10 10 8 28 34 0 5 14 28 22 11 0 17 14 23 0 2 34 0.04 8 
166 11 449 76 93 25 18 14 31 35 56 18 13 38 37 23 19 31 32 72 13 26 23 33 57 48 8 28 40 59 32 23 7 38 49 41 16 9 45 52 42 12 13 38 55 36 14 17 30 60 44 26 11 32 48 37 19 21 41 68 26 12 3 33 114 0.06 12 
167 391 238 276 87 45 42 79 165 83 53 43 92 177 93 45 35 100 145 89 46 38 83 158 100 51 44 75 148 103 36 44 95 135 100 53 52 76 163 94 42 41 72 138 89 54 39 95 133 103 49 39 87 154 107 38 46 103 152 90 40 41 88 159 368 0.04 8 
168 294 357 136 53 27 40 61 117 74 27 35 75 123 69 29 36 65 113 56 30 37 60 127 58 30 38 59 99 79 37 38 83 96 66 31 33 76 113 62 36 27 70 128 57 40 30 70 106 54 40 28 58 112 60 34 31 71 102 56 35 36 65 122 204 0.06 12 
169 9 283 88 46 107 98 85 32 39 109 151 74 40 37 74 152 96 41 35 108 132 85 44 36 96 151 116 44 40 73 178 76 52 46 91 145 73 38 46 83 158 82 31 36 69 186 73 51 49 86 156 88 40 31 98 136 83 47 53 90 155 81 39 176 0.08 16 
170 322 47 162 113 39 27 29 48 98 44 24 24 48 85 47 26 23 61 100 47 30 22 46 91 55 26 22 58 84 44 26 33 54 92 64 22 29 55 96 41 27 26 46 87 56 26 22 55 114 49 31 21 44 106 54 33 22 55 96 44 29 30 63 216 0.08 16 
171 104 386 198 84 43 49 94 141 89 56 47 121 150 75 57 48 87 166 93 55 56 104 171 118 42 53 117 171 87 55 58 89 136 106 46 52 83 169 87 48 50 89 182 83 48 33 86 182 82 50 54 114 190 97 39 45 85 176 106 49 57 95 153 297 0.02 4 
172 187 238 132 49 20 19 31 54 45 17 21 56 77 35 22 25 62 58 42 21 24 44 72 40 18 17 32 80 40 20 27 49 86 50 23 19 43 82 44 24 20 47 69 33 18 26 40 77 38 22 25 31 82 59 25 13 54 55 48 26 16 44 80 176 0.04 8 
173 305 459 194 106 176 78 52 52 88 153 104 59 39 82 157 80 57 48 93 136 101 58 47 100 155 94 50 48 95 192 82 50 49 90 203 100 47 47 91 158 105 50 51 86 192 84 55 51 81 127 106 44 40 93 140 96 55 49 97 146 97 54 46 291 0.03 6 
174 381 428 200 44 95 168 96 53 44 89 177 117 52 56 85 182 98 45 54 108 152 113 51 52 101 195 95 44 43 85 166 112 47 41 117 163 93 55 46 108 188 104 54 43 111 187 111 47 49 105 150 79 49 58 79 164 103 49 59 108 145 108 58 300 0.04 8 
175 253 399 294 53 48 80 167 100 45 49 90 147 109 39 56 111 177 89 42 43 96 143 109 39 43 99 172 110 40 52 111 159 107 54 53 79 152 110 39 45 110 195 111 50 53 85 189 91 53 56 101 147 85 54 53 116 171 77 47 50 89 173 79 392 0.03 6 
176 299 289 132 67 126 69 33 37 52 125 67 32 36 69 125 63 37 38 78 99 67 36 26 57 114 66 27 31 58 96 74 31 28 68 118 67 32 36 67 135 67 30 37 70 107 57 34 30 66 95 77 30 37 74 105 59 33 36 61 122 78 26 32 198 0.08 16 
177 185 23 36 17 17 28 5 10 33 13 5 7 8 22 31 22 11 23 29 34 14 9 1 25 42 10 22 17 20 32 0 4 18 19 24 23 7 13 27 41 20 9 12 14 16 2 12 15 11 22 13 0 4 30 36 20 5 9 26 12 10 4 3 54 0.08 16 
178 133 158 28 14 35 14 7 10 20 12 8 7 7 14 19 20 5 9 8 8 11 6 4 16 37 13 7 6 12 24 17 10 3 24 38 15 4 5 18 43 14 2 7 15 16 16 12 6 16 27 11 7 7 21 20 12 8 8 29 19 11 5 4 42 0.06 12 
179 262 482 49 25 31 84 49 29 32 30 83 60 27 19 60 59 57 26 27 70 80 39 22 22 53 90 55 25 19 51 58 54 23 16 50 93 64 24 16 53 67 42 23 24 31 95 35 28 25 55 68 56 20 21 46 86 48 26 29 63 63 51 26 98 0.02 4 
180 61 237 66 12 8 35 41 15 4 3 37 44 22 6 10 40 26 31 1 7 6 44 37 14 5 28 42 18 12 2 24 72 20 0 11 1 30 22 10 6 39 23 31 18 11 26 35 27 18 12 28 43 32 18 21 22 54 30 11 15 28 13 24 88 0.05 10 
181 119 5 174 117 97 46 47 83 173 92 46 45 85 179 82 44 45 80 137 81 40 54 78 123 81 54 43 92 130 69 40 52 67 158 81 49 36 85 169 96 44 39 84 172 96 50 45 96 163 93 45 46 81 153 77 41 46 83 170 65 43 47 80 261 0.06 12 
182 334 259 78 66 43 38 87 107 95 35 37 81 156 69 44 35 85 101 77 40 42 83 159 82 30 37 75 143 69 40 32 94 118 78 36 30 65 166 78 40 36 82 145 89 37 30 87 123 70 42 43 99 104 67 28 33 95 129 69 38 34 71 124 156 0.04 8 
183 462 357 129 37 75 41 18 18 39 69 41 16 19 43 82 45 16 20 35 71 36 17 20 37 76 43 24 20 38 69 52 16 17 39 80 43 18 19 38 60 47 21 25 34 64 36 17 18 34 81 50 16 23 35 81 39 22 17 37 66 53 20 23 172 0.08 16 
184 388 124 25 23 14 10 25 52 25 13 9 23 46 22 12 12 18 40 21 11 12 27 46 20 14 10 17 42 25 13 10 24 37 28 14 12 29 38 28 14 13 28 47 31 12 14 20 34 27 15 15 23 53 29 12 12 25 34 25 13 9 24 44 50 0.04 8 
185 419 100 138 145 68 37 28 83 110 61 41 29 72 104 71 44 36 81 115 55 40 35 75 116 55 27 27 68 122 57 39 32 64 143 66 29 40 69 133 73 38 39 63 114 55 31 36 81 128 75 36 37 70 96 65 32 32 68 100 79 43 39 80 207 0.05 10 
186 269 454 112 66 30 19 58 63 42 29 27 62 98 57 23 32 66 106 57 25 28 58 98 67 25 27 65 98 54 23 22 86 93 45 30 25 58 120 42 26 28 57 84 60 32 34 65 92 59 24 30 63 94 57 22 37 53 137 55 26 36 67 103 168 0.03 6 
187 303 187 156 23 76 99 23 19 22 48 95 58 31 28 72 86 59 29 23 40 100 48 32 26 64 87 59 21 32 66 89 36 30 24 37 77 49 25 19 67 101 47 19 27 36 103 36 24 25 62 98 41 30 25 56 77 60 19 27 58 121 41 28 208 0.07 14 
188 308 409 62 30 49 29 17 12 31 48 32 14 17 32 53 37 12 14 31 53 35 14 13 25 46 33 14 14 34 40 30 11 15 32 51 34 12 16 34 51 30 17 18 28 51 30 18 14 25 62 36 15 14 29 46 35 14 15 28 61 21 16 13 93 0.07 14 
189 102 7 219 27 39 61 117 82 32 42 65 102 67 43 37 72 118 71 31 33 84 103 58 32 31 78 125 72 40 32 69 115 75 35 45 64 109 71 41 34 70 113 61 37 41 61 119 70 37 36 69 144 67 35 42 74 136 74 34 31 75 125 61 292 0.09 18 
190 389 390 52 46 36 12 6 26 52 28 8 21 24 35 17 9 17 24 30 14 11 15 35 36 27 17 4 40 38 38 11 10 13 38 37 20 16 26 38 22 13 14 31 32 16 14 7 10 51 5 12 15 15 56 12 12 7 34 56 37 18 14 14 78 0.09 18 
191 336 157 148 74 122 73 32 36 88 126 91 26 35 56 125 64 36 27 67 123 67 33 38 80 151 82 39 43 53 96 69 40 37 69 128 67 37 35 69 103 60 41 32 88 157 66 38 39 92 120 54 31 33 79 129 70 35 32 58 120 80 38 49 222 0.04 8 
192 156 419 61 47 103 61 37 23 65 105 62 32 39 56 91 64 29 23 56 91 48 34 27 51 100 58 24 33 61 129 46 24 34 66 91 61 30 29 85 121 54 24 29 60 95 60 24 30 76 100 60 26 33 66 135 70 37 25 80 106 52 31 39 122 0.03 6 
193 87 103 69 30 84 88 63 36 42 69 126 61 29 29 49 100 61 31 32 100 121 71 28 36 89 106 85 39 37 70 102 80 30 29 40 122 68 41 31 50 86 46 23 45 71 121 74 35 28 57 110 66 44 27 80 134 62 47 29 60 102 81 38 138 0.03 6 
194 346 149 174 56 29 29 59 97 61 35 27 71 104 67 30 32 63 79 46 26 26 72 100 53 25 26 60 90 70 28 22 72 84 58 28 30 57 115 54 25 24 55 104 67 25 29 56 111 43 27 31 71 118 55 28 35 58 87 51 29 32 48 111 232 0.07 14 
195 394 94 150 34 42 63 124 49 39 42 69 112 80 31 43 98 136 76 33 34 82 109 91 46 31 76 121 87 32 55 69 149 73 30 40 68 152 91 31 30 72 144 70 38 28 75 91 71 32 35 77 109 74 31 41 65 100 89 35 39 77 152 93 225 0.02 4 
196 161 100 82 93 147 86 42 37 58 149 80 44 49 110 146 105 55 32 70 166 72 40 44 77 135 107 39 39 92 165 85 38 38 99 174 89 42 39 81 154 69 41 41 99 110 71 55 46 104 103 102 37 38 99 127 66 48 34 75 145 91 35 50 164 0.07 14 
197 127 483 189 35 54 94 68 35 32 54 93 78 30 30 66 88 54 26 35 69 113 50 26 29 68 84 52 36 27 70 92 53 30 34 59 91 70 29 35 73 116 75 26 26 65 97 52 33 34 61 111 73 27 30 49 87 52 34 29 62 100 60 30 252 0.02 4 
198 224 251 49 38 24 22 55 90 55 28 23 48 90 41 25 25 62 94 46 23 25 46 79 48 25 26 56 90 46 26 18 51 84 40 25 22 43 83 55 27 23 50 82 55 27 20 51 86 51 23 20 50 76 49 23 22 43 73 49 23 22 52 71 98 0.07 14 
199 440 63 147 21 26 40 99 42 31 27 61 104 44 26 25 45 81 53 23 28 43 74 39 22 18 60 103 39 23 23 37 77 55 20 27 53 82 53 19 24 58 89 54 25 21 39 94 54 14 24 50 77 43 21 25 52 96 52 20 22 54 83 45 196 0.08 16 
200 76 79 160 158 76 53 40 83 143 85 35 38 86 163 68 37 50 66 129 87 35 40 82 128 77 37 47 87 100 74 44 41 68 143 76 42 31 68 142 75 35 31 101 115 83 34 36 76 125 82 45 34 75 150 108 40 47 78 131 91 34 48 85 240 0.02 4 
