150 5 11409
0 432 70 21872 16650 16642 16649 16651 16647 0.01
1 365 3 70 132 71 33 33 64 91 82 47 28 82 138 82 34 40 87 98 61 43 32 62 124 51 25 35 90 144 90 32 44 63 108 88 27 30 80 97 63 22 27 55 91 58 28 29 77 96 63 29 26 73 85 58 30 45 71 140 0.04 8 
2 356 91 81 20 42 25 8 12 29 45 29 15 19 19 48 17 7 8 24 47 19 8 18 30 55 36 13 13 21 46 13 6 12 28 51 18 15 15 26 47 27 22 9 16 63 21 13 11 26 40 29 6 12 48 24 25 12 21 108 0.05 10 
3 58 165 52 34 36 40 12 18 13 35 17 17 9 15 75 23 5 16 21 27 25 8 12 32 24 26 15 10 25 54 17 9 10 24 33 34 20 10 18 56 22 17 16 13 57 24 14 10 20 22 22 15 10 41 44 23 11 6 78 0.09 18 
4 127 261 43 22 17 46 62 38 25 16 42 69 43 19 19 45 70 43 19 23 48 85 47 20 23 30 68 35 19 24 46 58 45 21 18 41 66 33 25 20 38 58 46 24 23 33 79 50 22 21 42 76 35 23 23 40 65 53 86 0.04 8 
5 26 339 71 48 30 64 124 77 39 37 94 150 70 39 35 57 93 88 23 34 83 100 98 37 28 69 103 70 26 36 64 115 61 36 30 58 122 90 48 25 61 94 52 45 38 85 111 76 29 36 63 83 86 31 45 62 135 54 142 0.06 12 
6 6 156 195 72 127 64 28 26 67 121 60 29 34 97 115 71 37 40 65 149 87 39 30 57 132 49 40 27 71 103 46 29 26 83 119 50 29 40 59 90 75 36 27 57 97 67 28 32 79 102 62 33 27 67 107 54 32 33 260 0.05 10 
7 46 50 138 23 19 41 105 43 25 18 53 85 40 23 23 40 70 48 19 20 42 86 43 20 17 45 69 51 26 19 58 78 47 24 27 63 106 39 19 23 40 62 45 14 25 44 92 46 17 21 32 75 43 28 21 54 72 61 184 0.07 14 
8 152 94 89 73 45 35 86 169 76 43 53 102 176 89 48 49 104 124 89 35 42 106 163 93 43 44 93 169 96 47 48 98 169 93 39 49 104 125 85 49 52 84 161 77 51 40 82 172 91 36 46 98 170 91 48 37 92 136 178 0.06 12 
9 399 21 94 73 55 21 27 44 75 45 22 25 53 75 42 21 22 41 89 46 27 23 43 61 45 18 28 55 75 38 25 20 37 68 42 21 24 39 93 47 21 24 53 65 41 29 21 35 60 49 25 23 49 87 46 20 19 58 141 0.03 6 
10 65 90 94 100 46 37 113 164 98 54 50 98 151 103 65 49 76 158 101 44 46 73 194 91 47 41 75 163 102 49 45 99 163 108 44 59 102 156 87 36 35 99 157 97 58 51 99 158 79 52 47 66 133 107 45 60 113 175 188 0.08 16 
11 190 388 116 26 29 55 102 43 36 32 47 81 50 27 27 50 95 52 33 34 56 93 50 27 27 68 109 46 25 24 56 76 65 31 31 46 120 49 27 24 54 121 62 28 26 66 101 62 25 36 61 91 49 34 32 63 83 52 174 0.08 16 
12 122 406 152 32 45 76 135 79 31 44 74 141 63 30 31 72 131 72 37 38 62 141 81 43 36 74 147 82 32 42 85 149 76 42 39 83 146 73 38 30 73 106 64 36 38 78 121 58 31 30 71 136 83 36 30 85 141 85 228 0.04 8 
13 489 484 89 98 57 54 92 172 95 43 50 102 151 80 44 37 66 147 88 30 38 90 167 115 37 46 93 147 73 42 42 80 173 76 35 38 94 177 114 44 55 97 119 76 37 53 94 161 71 40 44 84 177 97 48 44 111 156 178 0.04 8 
14 58 31 30 10 6 25 8 17 1 6 19 6 13 13 4 9 16 3 0 4 16 4 4 0 2 0 17 13 2 7 9 14 5 2 1 0 13 7 6 2 21 0 0 8 3 12 17 0 2 8 9 16 18 0 12 12 29 15 40 0.06 12 
15 93 73 116 39 69 118 46 30 36 71 124 42 28 31 63 113 54 29 30 42 83 78 30 26 51 81 64 26 29 54 114 62 23 33 64 80 45 29 24 64 96 47 29 32 60 100 56 24 26 50 104 60 27 21 58 95 46 23 174 0.04 8 
16 433 246 27 38 60 18 13 23 34 81 45 18 0 26 23 20 15 5 40 38 19 15 20 11 58 27 14 10 36 44 42 15 9 39 62 30 15 8 32 45 33 12 18 15 29 24 9 11 34 35 23 15 8 8 46 34 20 11 54 0.09 18 
17 414 139 60 36 42 28 13 12 18 49 18 3 17 26 34 46 10 20 40 44 23 10 15 30 47 28 5 9 43 52 31 13 21 26 60 29 16 9 37 53 23 4 14 30 28 42 15 20 28 52 31 10 18 20 55 34 14 20 90 0.04 8 
18 208 453 51 22 16 11 10 16 26 14 8 5 17 30 17 6 8 22 27 16 8 10 14 22 19 8 9 10 27 14 10 9 21 31 20 10 10 11 25 12 8 8 20 36 17 8 6 14 16 10 8 9 14 26 16 7 6 17 68 0.02 4 
19 431 364 213 74 135 57 39 30 69 112 59 31 25 77 150 86 35 30 65 145 52 26 30 74 126 72 27 35 56 109 78 47 32 81 125 63 40 43 58 136 64 33 32 81 118 94 34 33 51 124 70 34 40 80 93 72 35 25 284 0.03 6 
20 292 95 15 15 36 9 7 7 11 29 18 8 8 15 34 12 9 8 10 24 16 6 6 12 27 13 6 9 18 11 18 7 7 12 19 11 9 6 12 20 7 6 11 17 23 18 6 7 14 29 23 7 8 14 31 17 5 6 30 0.05 10 
21 293 442 171 106 51 23 30 53 89 53 24 34 70 128 54 28 25 53 91 46 29 34 58 92 63 25 20 54 97 66 31 27 64 101 52 26 34 54 91 46 31 29 57 121 48 28 27 53 112 48 26 26 64 84 49 23 31 68 228 0.02 4 
22 166 313 168 48 45 102 147 73 40 40 94 119 92 43 37 88 160 78 38 41 79 158 107 33 52 91 165 98 27 43 100 122 89 45 39 88 111 89 37 33 98 117 75 40 29 87 136 69 40 35 78 150 76 38 40 103 167 91 252 0.07 14 
23 241 267 50 10 22 44 30 12 10 23 25 22 8 13 25 41 13 6 16 34 35 24 7 13 12 29 6 11 9 25 30 20 17 25 32 39 15 16 12 17 47 18 16 13 28 48 20 16 7 15 56 63 15 7 12 46 26 11 75 0.07 14 
24 412 223 39 16 38 79 38 20 22 47 70 32 19 17 37 77 44 22 20 31 63 36 19 17 38 71 40 17 20 38 73 42 18 19 45 58 34 23 22 35 61 41 12 26 40 49 35 21 25 37 77 33 21 21 26 67 40 21 78 0.05 10 
25 278 197 55 22 51 100 51 21 27 47 114 45 29 24 52 96 48 28 31 70 95 58 28 27 65 106 61 25 26 50 116 47 32 30 40 100 58 28 22 47 66 35 29 29 71 99 47 21 23 60 101 61 30 32 54 121 53 29 110 0.09 18 
26 425 480 98 23 22 54 93 39 21 20 51 80 49 27 26 46 68 45 30 25 52 71 55 23 22 57 68 61 20 20 51 78 39 27 29 54 89 44 27 26 48 82 46 25 24 44 79 49 27 19 55 89 56 28 22 52 81 55 147 0.05 10 
27 51 324 204 38 28 71 131 69 32 37 75 107 69 30 32 57 108 56 37 37 70 95 72 39 32 65 132 75 35 41 71 123 70 29 34 68 119 73 27 29 65 129 76 41 33 84 134 56 31 37 67 114 75 37 37 71 96 75 272 0.03 6 
28 269 266 78 44 61 129 75 45 29 79 151 90 35 33 76 106 76 44 29 74 138 76 37 30 65 118 91 33 36 70 136 79 27 40 61 114 71 52 41 60 111 56 46 43 86 157 86 35 32 81 130 58 40 36 91 168 84 43 156 0.02 4 
29 261 1 77 35 88 107 66 42 37 64 128 81 33 32 62 129 58 38 34 77 113 67 30 39 90 140 83 36 37 77 124 83 38 42 94 130 66 36 32 86 151 73 39 37 92 138 92 45 29 83 143 77 40 42 69 116 65 43 154 0.04 8 
30 122 112 45 44 23 19 33 82 28 19 24 51 68 38 25 20 50 68 49 32 28 44 88 31 27 28 45 61 45 15 15 27 72 39 24 26 38 57 34 24 24 55 91 35 23 24 27 89 38 23 19 43 69 46 23 20 64 87 90 0.04 8 
31 450 98 54 32 42 35 14 18 28 31 15 12 9 22 51 40 16 16 24 46 23 11 13 18 48 32 12 12 22 40 29 18 17 16 33 21 8 15 34 48 19 7 17 17 51 23 11 9 25 36 24 11 14 18 31 12 12 17 81 0.03 6 
32 421 4 75 22 12 8 16 40 47 16 10 12 33 41 36 13 7 34 29 28 12 20 33 41 19 4 11 30 56 25 11 14 16 46 15 18 5 24 28 31 13 22 27 37 33 5 9 31 44 18 15 13 34 40 9 10 18 35 100 0.05 10 
33 269 307 41 31 73 39 21 18 46 59 32 22 21 32 69 35 23 22 37 77 42 18 17 51 69 28 20 22 40 77 36 17 21 48 74 41 23 18 42 67 38 23 26 39 68 50 17 21 42 66 49 19 27 44 59 37 19 19 82 0.09 18 
34 18 429 184 43 104 181 82 49 46 91 195 81 43 49 67 189 93 44 54 118 164 63 50 42 79 216 109 54 61 99 155 111 46 44 84 204 90 45 61 72 174 106 48 49 82 177 92 37 41 81 136 66 47 36 91 140 75 51 276 0.03 6 
35 393 444 37 44 20 16 41 74 36 19 15 32 79 42 17 18 45 70 34 17 14 39 55 31 19 18 26 64 35 19 22 49 62 38 25 14 39 64 28 22 18 34 75 30 20 19 34 72 41 16 18 40 79 35 15 27 33 76 74 0.04 8 
36 317 435 138 55 101 47 14 22 46 77 46 20 25 66 60 41 23 17 38 81 42 18 18 41 86 43 20 20 46 66 45 32 22 50 87 34 22 30 46 103 50 30 20 41 81 42 21 25 50 83 44 27 23 55 99 43 33 27 184 0.06 12 
37 149 487 294 161 95 38 39 147 201 124 57 52 100 213 88 54 53 106 178 77 48 60 96 181 116 46 49 94 180 84 53 50 84 135 63 41 44 90 144 93 45 37 84 189 80 42 43 97 174 119 37 51 91 137 127 39 46 86 392 0.03 6 
38 491 238 102 58 17 20 41 22 33 20 15 55 84 49 14 16 21 77 51 5 17 24 52 23 18 16 24 51 44 16 5 25 64 33 14 23 29 27 30 8 16 28 76 40 22 20 46 39 38 12 8 37 84 22 28 16 25 74 136 0.07 14 
39 122 49 63 36 30 57 119 56 29 35 73 101 60 34 39 71 104 78 29 28 53 98 51 35 31 63 119 51 31 32 71 100 52 24 23 58 94 70 26 34 53 88 54 25 38 76 123 57 41 35 66 113 54 40 27 55 102 68 126 0.08 16 
40 284 411 68 33 35 74 134 59 32 31 71 108 67 45 28 79 95 79 33 23 53 114 61 36 27 72 101 65 36 34 76 94 62 37 26 62 94 92 31 34 73 106 73 25 28 73 126 72 29 31 61 124 54 29 33 59 110 76 136 0.09 18 
41 341 51 170 96 150 71 34 43 95 119 106 34 43 95 124 72 40 45 80 112 91 53 40 97 129 81 34 45 72 136 72 43 33 67 138 68 35 46 78 153 70 39 45 88 152 84 43 51 75 156 81 31 38 60 135 75 47 34 255 0.09 18 
42 123 295 83 77 42 43 80 125 91 45 45 77 165 78 34 37 67 114 68 49 37 93 148 65 49 47 88 152 102 46 42 94 159 77 36 33 76 155 99 41 43 74 153 76 41 39 82 134 93 43 46 85 151 84 40 38 84 132 166 0.06 12 
43 253 184 66 17 35 54 37 16 21 34 43 34 17 13 33 51 35 12 13 41 56 40 18 17 39 45 28 13 15 43 63 29 14 17 38 61 28 13 12 29 49 34 21 14 29 54 36 14 16 30 53 32 19 12 35 39 40 17 99 0.03 6 
44 167 253 66 15 6 28 12 5 9 26 5 23 7 8 20 74 18 11 10 16 62 23 5 16 14 27 26 5 7 42 50 26 10 2 31 39 28 14 14 22 26 15 1 15 27 38 4 5 18 27 36 20 12 7 24 26 14 12 88 0.09 18 
45 213 105 54 8 7 24 14 7 9 19 53 9 5 11 18 31 25 7 11 13 29 17 7 7 16 33 17 7 6 18 24 13 7 11 12 34 20 10 8 18 44 18 9 7 18 22 24 7 7 16 26 12 10 8 18 35 22 10 72 0.02 4 
46 14 498 36 18 17 10 9 2 11 14 5 4 3 9 29 10 8 4 11 39 8 5 2 11 6 15 3 2 18 28 0 5 7 9 19 22 5 5 2 22 11 3 6 15 16 8 8 9 6 5 6 5 12 11 19 10 9 6 48 0.06 12 
47 72 200 34 14 0 8 7 20 24 8 8 21 34 17 14 12 13 45 19 5 6 20 0 6 2 9 19 28 26 5 6 13 15 19 8 12 20 13 22 5 2 19 22 19 0 7 5 20 16 5 1 13 36 20 10 0 24 47 51 0.08 16 
48 280 89 39 1 8 10 8 22 17 8 10 5 11 20 20 9 10 15 18 18 5 8 13 20 7 7 11 13 22 7 6 5 12 17 10 1 7 6 11 12 9 6 12 38 12 6 4 6 20 10 6 5 18 17 13 5 6 24 52 0.02 4 
49 481 442 114 23 15 37 57 38 20 20 38 68 32 16 19 46 59 40 22 17 42 76 41 15 19 40 64 32 16 21 42 57 41 16 15 37 63 37 21 15 34 74 35 21 17 33 75 37 22 18 46 60 33 15 17 37 78 37 152 0.03 6 
50 16 392 13 13 8 6 5 18 21 10 9 7 4 25 8 6 6 10 17 5 4 7 12 29 10 8 5 7 12 13 5 7 7 12 8 3 3 9 31 10 6 4 14 13 17 5 3 13 27 12 8 6 19 28 6 6 5 9 26 0.04 8 
51 57 302 94 18 31 38 70 52 19 24 52 66 49 23 17 53 97 61 22 18 52 74 55 22 20 45 89 46 29 29 49 64 54 20 30 47 91 50 17 21 56 72 52 28 22 57 106 57 29 20 44 89 39 17 22 45 62 40 141 0.03 6 
52 183 39 65 114 39 33 33 28 128 83 35 31 81 136 68 37 27 75 131 75 32 41 55 83 59 28 29 52 116 57 39 21 67 88 72 35 37 84 95 54 40 33 60 132 44 39 38 87 101 77 40 44 73 98 69 29 37 84 130 0.05 10 
53 345 171 156 22 29 59 104 56 18 29 46 77 64 28 26 47 98 53 27 35 51 103 47 25 23 54 73 54 26 27 58 76 61 29 24 44 96 61 19 23 62 79 46 31 30 55 80 50 25 21 51 71 46 28 26 58 79 56 208 0.03 6 
54 251 166 96 16 28 55 34 12 17 21 62 32 18 17 35 63 24 17 14 40 55 35 24 19 24 48 26 11 21 26 55 34 11 16 32 57 27 12 11 31 71 35 11 17 32 34 39 16 14 27 55 29 19 13 31 73 26 15 128 0.05 10 
55 281 273 27 26 15 14 21 39 32 9 17 31 48 29 11 16 22 65 27 15 15 29 44 22 12 16 31 55 33 13 10 31 32 21 13 10 29 35 33 11 13 22 35 35 18 15 20 31 28 14 15 30 42 21 13 10 20 56 54 0.04 8 
56 128 37 102 23 57 74 43 26 26 47 72 38 24 23 54 80 55 21 26 55 79 51 23 26 64 87 40 21 30 50 84 63 30 21 47 81 46 24 23 47 85 62 24 23 40 96 47 22 27 41 98 61 24 22 40 92 43 34 153 0.02 4 
57 231 425 99 116 45 42 102 180 99 57 55 119 185 88 55 45 77 218 84 54 48 120 154 93 59 43 108 163 129 48 61 116 137 81 46 51 111 164 112 43 50 80 173 119 53 52 106 189 81 49 47 97 170 83 48 59 97 184 198 0.05 10 
58 17 477 285 186 93 52 49 81 152 88 45 44 93 173 82 44 47 91 155 117 51 42 88 137 89 57 52 95 171 92 40 43 121 189 93 50 51 93 172 97 53 38 100 195 101 59 54 93 178 105 33 44 110 187 109 41 50 74 380 0.06 12 
59 312 330 246 86 45 38 72 146 80 40 41 67 136 88 45 45 76 135 82 39 45 71 123 88 41 49 88 128 87 46 48 80 124 84 38 47 84 123 74 35 46 77 121 75 43 43 82 122 68 46 45 65 171 91 45 35 81 139 328 0.05 10 
60 105 499 164 38 67 123 102 47 42 76 143 82 43 34 87 134 90 44 38 76 112 94 37 39 90 133 104 50 42 79 173 63 44 33 69 151 88 43 44 85 122 85 36 39 68 110 81 41 39 85 159 80 50 48 71 122 86 38 246 0.07 14 
61 66 419 84 45 36 99 133 80 51 44 98 145 84 52 37 67 150 77 43 38 88 102 85 41 47 64 139 80 51 40 105 139 79 40 45 79 185 101 44 31 83 165 57 41 55 85 166 70 35 32 87 121 95 33 44 88 134 83 168 0.09 18 
62 427 101 20 3 2 3 3 28 8 5 7 10 27 17 5 6 6 22 8 4 5 11 16 4 5 1 13 29 8 2 7 9 9 19 3 5 11 6 13 2 2 8 13 13 9 5 11 11 11 5 3 6 14 14 4 5 13 23 30 0.03 6 
63 450 384 71 124 62 30 33 79 118 80 43 35 77 111 73 42 34 67 107 83 40 38 79 122 64 32 39 57 135 74 33 28 69 107 82 41 31 60 123 66 30 40 73 108 75 40 32 83 126 70 32 35 78 121 86 28 36 62 142 0.03 6 
64 235 402 80 18 19 35 62 44 21 20 37 68 41 18 20 36 70 34 18 15 33 82 42 17 20 50 75 52 23 19 45 62 45 19 14 39 65 45 19 20 44 77 34 23 21 45 69 33 19 16 36 51 51 19 19 37 73 39 120 0.07 14 
65 392 438 12 14 7 17 35 1 6 4 12 21 21 6 4 7 27 26 6 2 17 24 5 6 8 2 24 7 8 5 14 29 16 0 10 7 62 13 5 3 38 8 11 8 9 2 38 35 6 0 6 30 18 6 7 16 17 0 24 0.03 6 
66 418 274 36 6 25 2 2 20 9 6 4 0 8 30 13 7 10 12 31 19 3 1 24 20 17 7 2 28 5 9 0 12 13 22 16 12 7 0 29 2 3 7 30 16 5 11 4 15 35 39 7 4 6 11 12 5 8 0 48 0.07 14 
67 97 409 33 3 2 6 19 16 5 4 11 19 12 3 8 14 13 9 6 6 9 33 7 4 6 6 18 12 4 3 8 21 13 6 6 12 24 7 5 5 9 19 17 6 3 9 18 8 5 4 10 19 13 3 4 12 24 14 44 0.03 6 
68 463 375 172 38 47 64 137 92 48 32 95 119 62 36 37 115 150 84 44 44 75 158 99 41 38 67 142 79 47 42 88 172 72 40 34 85 131 97 44 35 78 133 87 45 39 71 141 82 46 37 91 166 88 44 36 78 149 102 258 0.02 4 
69 7 298 178 123 78 30 46 125 155 68 45 52 85 148 77 48 38 59 140 97 48 49 96 135 95 38 34 86 116 76 53 53 76 161 98 36 58 97 120 75 44 48 71 136 95 45 44 76 122 86 52 48 76 147 76 50 60 97 267 0.02 4 
70 323 345 102 18 23 56 85 42 23 32 45 86 50 29 20 51 122 47 29 23 74 91 52 21 33 51 83 65 18 27 72 63 72 36 27 43 78 39 19 22 64 76 35 22 24 37 90 57 31 20 50 109 43 25 24 47 82 41 153 0.03 6 
71 281 102 258 71 43 34 73 152 75 42 42 71 158 74 47 33 84 139 69 49 50 90 142 93 35 50 102 163 84 40 49 106 150 68 43 38 63 162 96 39 50 91 134 95 47 43 94 144 76 32 39 93 148 68 48 35 82 167 344 0.08 16 
72 351 45 80 63 135 73 33 42 77 109 85 43 28 67 155 56 49 47 86 126 62 55 43 85 153 63 36 35 61 123 85 46 46 81 168 82 46 46 72 143 67 42 40 68 130 58 42 37 74 124 67 40 40 78 104 86 38 36 160 0.03 6 
73 318 344 78 64 28 18 19 38 69 31 20 18 33 76 24 15 14 35 62 50 21 16 42 76 42 24 18 35 73 36 16 29 50 81 36 13 22 45 63 41 20 18 37 68 33 16 17 36 73 38 23 20 30 75 32 20 21 30 117 0.03 6 
74 453 148 69 42 71 147 66 44 43 84 88 72 34 42 59 116 65 32 32 52 147 89 33 28 57 94 76 48 34 72 122 69 28 44 53 102 93 35 29 63 97 65 33 27 46 124 65 32 39 62 117 47 23 45 69 128 55 31 138 0.05 10 
75 75 430 48 37 66 54 18 25 44 105 43 21 30 44 64 47 19 24 56 97 44 19 33 73 70 44 27 21 39 71 52 18 27 56 83 37 22 25 32 90 43 14 26 61 47 57 19 23 46 67 64 26 23 46 72 48 27 26 96 0.06 12 
76 273 412 64 44 36 28 73 120 65 31 33 69 115 56 36 33 60 109 54 24 29 70 110 82 31 36 69 146 59 40 37 54 125 62 24 28 58 106 66 30 29 86 122 71 40 20 79 109 62 34 34 67 80 75 28 29 55 93 128 0.09 18 
77 97 51 222 30 38 93 126 87 45 34 68 130 65 38 45 76 108 65 41 39 80 106 63 33 46 55 124 74 54 31 63 121 96 36 31 87 117 70 43 33 61 135 61 42 36 57 97 74 32 47 64 110 88 35 38 68 171 84 296 0.05 10 
78 428 195 140 97 76 29 24 73 115 70 35 33 75 87 60 32 29 54 118 74 31 36 59 136 54 37 38 70 114 83 36 35 67 128 58 34 41 61 148 67 42 27 68 113 72 32 36 57 105 76 37 36 57 102 59 30 34 67 210 0.08 16 
79 118 451 19 31 17 7 14 14 34 17 9 10 13 26 16 9 4 24 31 25 12 14 22 40 25 12 7 21 16 13 9 10 24 19 33 11 9 13 30 16 5 7 20 37 20 5 7 15 35 17 6 7 14 36 11 11 9 19 38 0.03 6 
80 46 43 84 43 95 118 78 49 41 82 163 94 42 61 80 132 77 35 46 103 175 73 54 32 103 126 71 47 40 67 140 82 43 38 63 134 113 49 31 67 118 85 44 48 102 138 61 45 44 77 152 94 54 48 65 128 106 42 168 0.05 10 
81 214 389 22 8 12 13 19 12 0 16 8 25 13 14 0 23 12 13 0 2 11 37 3 1 4 7 20 16 7 3 23 21 5 6 6 4 0 11 3 4 0 34 0 8 2 12 9 10 5 3 4 23 23 10 9 7 8 7 33 0.02 4 
82 305 452 63 12 28 62 25 7 16 3 47 28 10 0 14 40 32 6 20 21 10 9 3 23 25 35 14 15 9 9 30 11 5 11 49 24 17 6 19 17 51 10 6 11 28 46 25 7 13 22 40 6 14 3 17 63 36 10 84 0.09 18 
83 411 267 41 41 17 21 53 57 54 17 23 36 72 59 30 20 42 92 46 15 23 37 67 44 17 18 28 80 48 23 14 35 48 43 16 18 43 69 40 23 20 34 72 35 28 20 41 85 48 20 18 50 74 36 14 19 36 95 82 0.07 14 
84 369 288 32 9 37 14 33 6 9 15 26 10 0 7 15 40 24 8 0 12 17 25 0 14 11 18 14 4 1 16 48 0 2 16 20 51 16 9 1 0 23 29 4 10 7 36 29 11 8 11 44 16 14 6 20 11 21 9 48 0.05 10 
85 353 117 114 84 44 29 25 62 126 63 27 32 65 115 75 32 26 48 60 39 31 36 49 95 46 27 21 45 93 60 27 33 50 107 54 24 27 58 77 64 17 33 82 76 73 29 28 62 68 54 28 27 66 85 65 30 30 63 171 0.06 12 
86 475 363 88 102 39 43 80 122 101 53 49 73 164 76 52 39 70 134 102 48 38 73 146 107 44 41 100 133 63 38 46 101 161 77 47 37 84 134 76 53 45 78 175 84 52 47 77 141 87 39 43 73 155 90 47 39 95 126 176 0.09 18 
87 315 44 40 12 12 21 26 22 7 12 0 38 18 18 10 29 44 17 10 7 15 13 28 8 9 25 42 22 10 7 19 39 35 5 10 42 22 25 7 10 17 27 29 13 7 22 29 21 5 11 19 44 19 10 4 19 42 18 60 0.06 12 
88 279 270 164 42 69 138 77 42 36 77 155 90 30 44 72 170 80 35 48 81 149 74 41 39 85 139 75 32 43 85 141 73 36 43 69 155 67 38 45 93 141 76 33 41 100 116 83 32 42 67 165 92 37 39 80 151 71 50 246 0.05 10 
89 141 154 20 12 15 16 11 24 8 8 23 39 14 11 14 9 22 15 11 6 13 26 11 12 2 18 55 15 3 5 10 30 17 4 10 14 28 19 14 8 11 40 10 11 11 10 27 24 11 10 28 41 18 11 12 20 23 6 40 0.06 12 
90 50 380 52 27 28 41 56 61 24 22 55 62 55 25 19 59 93 47 24 30 70 93 52 24 20 59 134 49 26 26 54 97 36 24 44 54 89 54 32 22 45 92 52 24 22 28 94 58 32 23 56 104 71 34 36 56 105 43 104 0.06 12 
91 233 403 134 28 29 90 145 62 32 34 66 105 60 35 38 36 81 50 29 32 66 120 67 47 34 73 122 53 26 47 64 100 66 36 40 93 105 75 37 43 51 96 61 33 30 89 111 72 31 25 65 80 65 33 27 65 123 80 201 0.06 12 
92 20 488 172 86 40 43 76 114 85 48 42 70 162 86 44 38 79 131 97 46 46 88 104 111 39 32 56 146 89 31 41 71 161 75 44 51 85 127 74 49 54 85 195 117 34 48 94 113 108 58 35 81 131 113 39 54 84 142 258 0.02 4 
93 73 278 152 70 128 89 30 51 88 151 59 40 55 75 137 48 44 32 66 146 76 29 45 80 141 81 34 31 66 112 62 42 33 83 139 85 32 30 86 125 79 48 35 58 114 63 38 57 67 165 86 36 45 84 152 84 39 35 228 0.04 8 
94 282 19 48 14 10 22 29 53 18 16 10 26 60 31 3 17 32 36 16 15 12 10 40 39 16 14 36 35 29 11 16 14 50 23 5 14 22 35 4 14 8 22 35 23 10 7 25 42 25 10 17 31 43 22 17 12 26 42 72 0.04 8 
95 118 28 120 27 67 93 56 32 34 63 115 78 30 33 51 95 81 29 24 59 143 47 32 35 53 102 71 21 32 57 90 73 37 19 58 94 60 34 32 50 107 50 31 33 43 113 64 26 36 51 105 42 43 16 67 108 54 31 180 0.04 8 
96 76 401 70 35 33 64 122 86 34 46 76 129 50 39 35 73 100 83 42 34 67 129 60 38 31 72 116 79 29 43 78 129 70 31 30 63 104 75 44 46 57 138 54 39 28 78 131 74 40 24 61 102 72 28 39 73 116 77 140 0.02 4 
97 409 230 68 46 25 23 21 28 25 17 12 24 43 58 22 16 19 37 79 34 13 22 26 45 40 15 15 24 62 27 6 27 30 80 24 12 8 49 70 39 20 15 17 52 30 12 16 34 45 17 19 15 40 70 46 18 16 50 102 0.08 16 
98 125 376 128 61 33 32 56 123 75 29 31 72 122 73 30 31 64 110 67 28 38 64 121 68 38 29 66 122 67 36 31 52 113 63 29 38 56 110 59 34 33 54 104 69 37 34 57 94 63 32 37 56 107 78 34 27 62 118 192 0.08 16 
99 191 148 50 30 56 70 42 26 30 57 79 39 19 22 49 78 37 21 22 34 85 45 22 22 60 63 49 26 18 60 84 50 25 21 66 111 40 29 28 69 78 46 28 24 46 83 51 18 18 52 76 44 23 19 53 68 45 26 100 0.03 6 
100 249 213 63 23 32 22 6 6 8 40 18 11 10 16 26 28 9 8 22 57 25 15 11 9 45 12 12 11 14 36 4 8 11 23 32 19 13 11 31 5 18 11 13 18 24 12 12 17 20 47 27 9 13 33 22 11 18 16 84 0.06 12 
101 170 362 86 26 42 107 38 20 34 40 74 30 19 17 52 70 31 25 25 35 60 34 16 20 38 71 54 25 16 33 40 39 31 12 40 73 33 17 18 46 47 40 24 24 39 96 31 24 22 37 36 41 31 27 56 70 61 14 129 0.06 12 
102 321 383 150 21 53 69 52 20 27 55 80 47 25 23 50 83 57 19 24 58 85 61 23 27 49 65 43 24 32 59 83 36 24 18 61 91 57 19 25 41 86 38 27 25 52 93 55 24 18 58 86 64 25 18 53 66 42 24 200 0.08 16 
103 296 59 170 36 77 155 96 37 37 63 113 67 41 40 96 129 78 50 45 78 158 83 44 42 79 115 95 44 42 78 133 89 38 41 73 131 75 39 37 77 159 91 45 39 101 158 98 46 43 91 120 82 50 41 99 132 97 33 255 0.04 8 
104 347 467 94 82 44 24 19 55 89 46 30 17 52 91 35 35 23 34 97 51 23 21 39 89 36 15 23 38 99 58 23 20 58 81 49 19 28 55 85 40 24 26 60 94 51 30 21 45 92 43 16 24 37 102 41 27 31 45 141 0.02 4 
105 296 181 198 37 81 114 70 25 28 64 115 59 31 23 93 110 50 29 26 59 113 88 32 20 49 119 65 27 34 77 115 80 39 31 81 103 46 29 25 61 93 93 32 41 46 136 76 30 40 76 133 64 34 35 73 134 65 38 264 0.03 6 
106 36 34 88 22 33 67 51 27 18 52 63 54 19 16 38 90 65 14 28 68 81 47 31 21 25 98 47 25 21 50 83 37 21 20 42 68 45 26 19 49 75 40 21 15 40 86 45 19 15 39 58 30 17 27 45 61 40 19 132 0.05 10 
107 371 162 144 79 36 32 88 124 68 36 30 66 122 58 31 40 79 108 82 31 36 75 126 90 31 30 74 119 59 46 29 77 110 85 41 34 61 117 63 29 33 54 92 72 37 27 62 102 85 30 38 85 156 83 29 28 65 159 216 0.08 16 
108 189 273 114 35 20 22 28 63 27 21 21 47 63 45 26 16 33 47 42 17 20 40 89 19 13 19 29 56 26 13 24 28 78 54 13 16 43 54 39 20 12 39 71 30 21 18 28 60 38 23 27 55 75 25 26 20 55 53 152 0.08 16 
109 487 219 90 44 35 17 17 33 47 23 18 9 24 45 27 15 16 22 47 29 16 13 32 50 26 16 16 28 46 29 12 11 27 56 27 17 15 23 53 24 12 17 23 48 35 17 16 37 50 27 15 13 33 45 20 14 15 35 120 0.09 18 
110 484 299 20 10 8 20 23 16 8 11 21 28 21 8 10 16 29 18 13 10 24 42 20 11 12 23 40 16 9 12 23 30 19 9 12 22 27 20 10 10 19 31 21 7 7 20 34 16 8 11 15 36 20 10 11 18 36 22 40 0.03 6 
111 480 3 164 38 38 90 170 68 41 50 81 123 71 33 47 66 114 78 44 34 71 148 89 43 46 76 131 63 41 39 105 132 86 37 43 80 142 80 36 34 99 160 65 37 40 67 114 82 53 55 83 158 87 53 47 68 122 68 246 0.08 16 
112 285 239 84 47 28 22 38 75 42 18 21 46 91 39 19 23 49 65 30 28 22 49 74 36 18 19 36 57 30 26 23 39 62 47 17 20 44 71 33 20 18 37 57 33 19 26 49 81 44 20 24 43 84 44 23 23 45 50 126 0.09 18 
113 130 397 174 24 58 105 53 36 33 57 111 68 23 28 51 77 49 24 32 42 108 61 29 30 46 89 65 30 35 58 111 47 34 38 47 103 62 28 23 53 99 59 24 31 67 89 50 23 28 58 100 52 33 26 51 110 56 25 232 0.05 10 
114 234 471 79 37 82 124 77 36 44 72 153 97 35 37 70 146 69 32 47 62 164 65 48 39 68 128 78 32 38 79 133 78 41 44 89 141 79 44 37 65 151 91 40 35 98 148 74 37 30 79 128 86 35 46 66 142 86 44 158 0.08 16 
115 328 59 172 70 139 84 43 42 71 139 95 47 48 72 150 80 50 46 85 129 92 46 34 82 158 73 36 51 105 159 92 50 35 66 130 76 50 34 75 128 84 36 40 98 147 69 48 42 75 169 76 52 37 96 172 80 40 45 258 0.03 6 
116 222 459 55 30 28 44 98 43 24 29 72 90 49 29 28 49 103 50 33 25 51 107 63 23 25 52 81 40 32 26 56 80 65 34 22 55 75 53 26 33 65 101 64 23 24 61 95 62 32 30 51 101 57 28 18 71 80 52 110 0.05 10 
117 32 223 237 122 67 33 34 90 125 83 40 41 69 157 86 44 42 94 125 97 46 41 93 153 86 34 43 72 128 78 44 39 88 122 85 36 35 92 113 74 41 47 64 113 83 41 33 81 130 90 39 37 71 133 79 43 46 86 316 0.05 10 
118 129 2 29 23 14 20 28 56 33 14 14 38 80 24 9 10 36 71 27 12 9 34 34 29 15 14 20 48 22 18 11 42 48 31 8 18 18 48 38 17 14 27 47 27 13 17 39 38 31 12 19 39 52 27 15 13 29 70 58 0.02 4 
119 166 326 52 51 107 47 22 18 37 88 46 32 29 50 85 59 22 25 35 87 57 22 18 47 102 65 24 26 57 86 64 30 20 30 76 60 30 30 48 53 42 22 16 65 86 55 21 35 41 124 57 21 18 74 78 42 25 20 104 0.07 14 
120 406 17 48 6 13 44 5 4 11 10 20 15 6 4 29 38 32 6 6 12 14 14 10 10 11 35 23 13 2 8 29 21 11 3 15 23 22 4 6 12 27 7 7 6 4 23 23 4 6 23 39 24 7 11 8 22 14 6 64 0.04 8 
121 231 114 22 9 16 34 1 13 6 11 17 5 2 13 10 36 15 8 10 21 7 15 3 1 16 18 6 7 9 21 15 13 12 3 12 35 14 2 5 0 15 13 8 4 18 0 4 11 0 6 0 13 7 0 23 27 14 4 33 0.02 4 
122 314 138 54 10 10 5 18 29 12 5 6 20 37 18 13 3 13 42 12 3 3 16 53 11 6 8 17 27 22 7 3 4 28 26 3 12 19 29 12 10 9 13 32 12 8 9 15 14 21 10 5 12 18 17 10 10 10 41 72 0.02 4 
123 350 184 30 13 15 26 49 29 15 14 29 38 29 16 12 32 62 26 10 19 23 52 24 10 14 24 58 28 13 15 29 49 23 20 19 25 61 35 15 18 32 44 21 15 17 25 53 29 16 12 25 73 38 12 21 41 53 29 60 0.09 18 
124 390 197 89 85 49 41 103 127 77 52 46 85 163 102 43 40 61 167 107 43 46 123 136 101 33 35 84 127 73 42 39 76 152 96 35 42 84 158 86 54 51 71 123 71 52 42 96 159 80 37 45 77 176 85 35 42 103 157 178 0.03 6 
125 219 93 222 44 37 64 113 91 42 37 90 138 64 44 27 69 134 54 31 36 86 108 67 29 40 67 162 72 42 38 80 157 79 30 41 79 148 63 45 45 100 123 67 33 36 64 103 69 46 31 64 121 86 40 45 63 146 93 296 0.06 12 
126 95 231 117 47 59 36 15 22 42 56 46 19 18 47 80 39 14 23 43 81 38 16 21 40 68 42 19 23 33 72 36 21 19 40 55 39 15 16 35 78 37 20 18 40 47 33 15 19 33 77 31 18 20 45 72 33 18 19 156 0.05 10 
127 95 477 38 36 25 9 14 19 40 17 8 8 23 23 22 7 8 28 33 17 8 9 22 36 15 11 9 15 42 23 8 10 19 42 21 10 6 20 26 13 7 8 27 25 18 7 11 19 27 18 9 9 27 20 13 10 10 17 57 0.06 12 
128 92 38 24 21 45 19 12 14 19 36 9 20 3 27 44 23 14 11 26 25 12 17 12 13 47 17 7 8 17 46 21 11 13 23 28 14 13 9 21 51 30 6 16 15 28 25 8 5 25 57 17 8 7 24 33 12 9 11 48 0.06 12 
129 276 329 78 18 18 32 81 38 17 11 37 86 39 17 18 47 75 37 26 22 42 65 42 15 9 26 62 48 20 23 45 52 34 13 23 44 44 43 11 16 32 75 36 31 16 30 35 29 21 17 52 60 35 15 15 36 78 32 117 0.09 18 
130 115 320 112 27 39 64 111 50 24 34 53 90 40 23 29 49 108 54 23 21 46 83 48 25 31 58 68 61 28 25 41 93 53 31 34 58 127 50 30 31 49 85 51 23 30 57 77 50 27 34 42 97 60 24 32 56 85 58 168 0.09 18 
131 199 418 104 102 43 23 27 57 88 44 28 23 54 93 61 19 29 58 85 46 26 22 48 92 53 22 29 42 86 58 28 28 62 88 55 27 25 59 70 56 30 26 50 96 51 19 23 62 83 44 26 22 50 83 52 24 28 57 156 0.04 8 
132 24 301 160 36 87 145 84 40 47 90 149 94 44 45 67 108 76 34 41 75 134 96 37 32 61 132 75 29 51 68 119 82 32 46 59 144 72 35 32 78 121 78 40 33 96 154 64 38 42 72 128 70 37 32 98 166 74 45 240 0.06 12 
133 426 86 19 35 11 8 6 6 21 7 9 7 10 21 17 7 6 23 31 22 7 19 9 29 20 8 0 33 35 32 11 7 28 44 14 15 16 16 15 21 4 13 39 34 27 15 7 12 51 30 9 6 33 7 18 10 10 13 38 0.02 4 
134 33 446 117 34 50 29 26 19 45 65 27 13 18 52 85 47 26 21 33 53 33 13 23 33 56 33 27 17 36 79 34 11 13 50 53 50 18 27 43 55 38 19 21 35 68 44 17 18 32 60 37 19 23 42 43 34 16 20 156 0.03 6 
135 5 179 75 42 39 80 144 66 41 40 86 110 79 46 43 106 127 80 46 36 71 145 81 39 29 63 115 88 39 52 95 130 79 35 31 79 135 66 26 43 72 122 58 30 45 67 143 90 34 30 54 138 74 42 39 65 166 82 150 0.05 10 
136 82 422 28 46 28 13 17 27 49 32 14 10 31 56 25 9 15 24 61 21 12 14 29 52 25 14 17 23 52 27 16 12 23 46 29 17 10 30 42 31 13 12 31 42 25 12 15 23 45 29 11 12 38 50 29 14 13 25 56 0.02 4 
137 319 474 156 81 34 32 74 131 66 43 33 83 135 87 41 44 86 118 70 40 38 86 117 69 36 31 62 107 88 41 42 72 126 71 42 32 64 140 71 36 36 72 124 66 37 32 98 109 63 44 36 71 159 80 35 38 68 159 234 0.05 10 
138 54 252 32 59 26 17 12 31 57 35 16 14 36 67 24 19 17 29 52 30 13 16 31 68 33 13 12 29 53 28 15 19 28 69 25 14 18 24 53 41 15 18 27 46 24 16 17 38 62 34 18 19 33 50 34 12 18 30 64 0.06 12 
139 442 47 54 13 4 30 22 5 3 10 24 62 14 4 9 14 40 14 12 16 25 43 16 5 14 14 37 23 6 4 27 40 14 9 11 30 35 18 3 7 18 31 16 9 14 5 32 22 12 9 5 54 31 7 5 25 14 35 72 0.05 10 
140 308 428 140 132 79 32 32 62 129 67 33 32 68 120 78 38 37 78 110 67 37 40 73 121 85 34 39 74 97 58 42 31 57 128 78 31 36 69 98 77 30 31 51 111 76 33 37 85 109 78 40 33 56 109 65 40 38 72 210 0.03 6 
141 366 224 60 55 31 15 13 19 58 39 18 13 29 42 26 14 10 25 52 31 22 12 27 57 28 12 11 32 45 17 19 15 33 52 28 13 13 37 47 34 16 16 31 43 36 16 16 31 33 28 13 14 27 51 26 12 13 23 90 0.03 6 
142 22 172 60 8 22 32 19 8 8 20 38 19 7 7 18 40 27 9 10 16 34 18 8 9 15 39 16 13 6 19 27 16 12 10 20 35 19 13 10 20 23 16 10 10 17 40 16 7 8 17 32 13 7 8 24 38 21 10 80 0.02 4 
143 421 35 74 41 33 16 13 43 68 45 24 14 34 54 36 27 11 28 82 40 21 23 48 67 47 14 21 35 58 36 27 17 35 58 34 17 19 32 80 33 19 20 51 44 38 17 16 39 93 29 17 17 31 88 33 14 19 27 111 0.09 18 
144 293 420 282 76 189 73 48 46 80 163 80 52 39 86 190 89 37 43 107 142 91 43 41 88 155 111 53 37 104 132 95 44 50 112 166 83 42 51 107 146 75 39 52 100 165 102 49 42 82 138 88 49 41 100 175 89 43 49 376 0.07 14 
145 244 220 48 25 26 54 74 38 30 28 52 85 45 21 19 39 95 55 18 20 51 82 68 27 18 53 90 35 31 23 59 85 60 21 29 43 82 54 20 20 44 69 40 27 20 51 93 42 19 24 36 91 50 24 18 40 78 55 96 0.03 6 
146 433 177 43 42 22 12 41 69 30 18 15 43 81 34 14 16 20 91 50 23 14 33 65 34 15 15 21 104 43 25 28 41 53 37 14 24 53 61 32 18 16 53 75 27 20 27 31 94 38 20 22 38 71 31 21 23 26 129 86 0.06 12 
147 430 340 10 5 18 15 13 4 4 9 15 8 2 3 3 25 13 1 4 10 0 2 7 4 11 9 16 6 3 5 25 2 4 7 10 0 18 4 6 10 18 13 2 1 12 17 13 2 3 10 3 16 0 0 10 18 8 4 20 0.04 8 
148 271 334 162 73 41 38 85 135 64 36 42 79 124 86 35 42 70 172 63 33 35 74 122 71 39 37 71 122 75 38 42 79 135 76 43 45 98 128 63 49 40 82 127 76 43 34 68 135 77 38 43 84 129 84 44 39 99 123 243 0.04 8 
149 179 133 166 79 126 73 44 47 96 135 85 45 34 93 156 99 47 39 96 123 95 45 48 78 153 74 42 44 80 154 91 41 49 74 153 88 39 43 69 147 94 47 36 87 127 85 33 41 88 120 84 41 44 99 137 89 36 37 249 0.06 12 
150 354 295 105 12 11 22 55 22 7 31 25 70 19 15 24 65 66 34 17 14 28 39 23 14 26 37 49 59 14 17 56 40 26 18 17 31 64 51 19 13 31 71 30 21 20 38 40 38 18 16 42 71 29 23 15 19 38 39 140 0.07 14 
