150 5 11413
0 333 408 22921 17251 17253 17247 17247 17248 0.01
1 233 351 13 7 8 19 0 4 14 15 18 10 1 15 20 11 9 6 18 3 16 8 8 16 35 3 4 3 13 33 22 2 8 19 13 15 11 3 10 21 7 10 10 11 29 7 10 7 21 5 23 8 3 11 18 16 1 6 26 0.05 10 
2 24 335 57 15 22 18 8 11 20 28 23 7 9 15 24 18 11 10 23 36 26 5 11 14 41 18 8 11 18 36 8 10 9 14 25 17 7 10 22 32 15 11 11 18 28 12 8 11 21 29 15 9 10 27 43 21 8 8 76 0.06 12 
3 254 50 294 51 45 81 174 93 53 44 123 171 101 40 54 91 116 123 41 43 112 156 84 33 43 103 189 102 44 58 108 141 92 50 44 99 143 86 47 44 100 213 92 57 61 93 155 116 52 58 96 132 106 49 40 91 160 114 392 0.06 12 
4 141 171 108 84 53 26 33 74 106 58 32 28 64 80 42 27 24 50 124 40 29 27 60 83 63 29 33 57 66 54 25 22 57 110 59 22 22 39 94 53 24 26 55 75 53 27 26 47 93 47 30 29 75 112 49 30 26 69 162 0.07 14 
5 217 221 150 75 118 69 43 41 82 114 73 40 31 73 115 73 41 35 88 150 73 40 31 70 114 66 33 31 65 127 98 37 34 79 102 65 36 34 80 133 86 37 31 65 167 73 28 36 79 95 65 34 31 60 114 97 35 38 225 0.09 18 
6 398 390 20 21 54 20 10 7 16 36 14 7 7 14 38 17 13 11 35 25 20 7 9 25 42 20 7 12 13 49 13 9 6 16 26 15 5 7 20 37 15 8 9 21 44 16 12 7 15 35 27 11 12 23 29 25 10 10 40 0.09 18 
7 9 33 48 47 21 27 50 65 43 24 31 53 75 54 23 23 40 91 40 20 22 35 100 57 22 20 48 90 55 23 20 39 84 51 30 24 61 82 47 20 26 50 85 38 17 21 61 70 44 22 23 53 64 37 22 21 31 86 96 0.06 12 
8 231 262 96 49 39 95 142 109 58 37 95 178 86 43 51 119 145 92 51 52 74 167 94 49 48 84 158 71 48 57 79 182 99 59 60 114 163 81 58 50 100 147 85 48 48 98 192 77 40 56 119 161 91 45 56 92 150 90 192 0.02 4 
9 438 249 66 17 15 13 28 48 43 14 24 26 63 45 19 20 26 49 15 19 19 45 62 32 19 12 34 75 28 24 12 24 26 29 17 15 35 74 43 17 26 25 50 38 26 17 30 70 49 16 17 23 51 30 14 11 40 48 99 0.07 14 
10 175 381 62 37 23 39 18 14 34 51 39 15 12 31 56 27 12 19 27 41 24 15 11 20 74 36 12 14 25 25 33 11 20 31 52 25 13 16 39 67 19 15 19 25 56 30 18 14 29 38 38 21 14 44 51 35 20 11 93 0.02 4 
11 65 223 40 13 12 2 19 24 9 11 18 69 14 9 4 18 22 29 9 11 17 32 7 12 4 23 5 15 8 4 20 35 16 10 6 19 36 14 10 7 15 31 26 10 3 29 35 21 8 5 9 46 13 13 11 19 22 21 60 0.09 18 
12 255 368 147 32 42 45 57 27 21 59 74 43 27 28 61 75 47 33 29 50 67 30 17 23 63 89 40 21 23 61 58 51 19 21 76 107 55 31 33 68 79 42 36 30 44 81 50 27 26 42 101 29 28 22 33 109 48 29 196 0.05 10 
13 493 261 15 13 6 2 8 3 29 0 9 8 7 39 6 1 18 33 14 6 8 10 17 32 3 16 11 66 0 5 3 11 23 3 6 16 0 11 17 11 11 13 0 14 18 15 18 52 0 5 3 0 32 0 10 4 18 38 30 0.03 6 
14 257 188 134 86 36 29 96 109 59 41 35 60 92 67 37 40 73 113 59 29 30 57 87 78 30 34 73 110 71 24 31 63 95 88 35 37 57 106 57 36 36 58 99 65 38 26 81 102 58 33 36 63 108 82 32 32 54 139 201 0.04 8 
15 492 35 164 65 49 35 97 131 80 39 39 77 133 95 46 40 93 159 88 51 37 95 153 102 47 37 93 129 73 40 32 75 151 107 44 39 72 135 70 42 37 66 153 84 42 31 93 119 100 41 31 90 149 88 38 42 98 126 246 0.03 6 
16 464 366 17 7 12 22 49 16 10 13 15 32 15 8 4 2 13 8 8 6 18 32 27 13 12 6 16 22 11 14 19 19 11 8 14 11 28 7 8 10 33 26 15 8 10 11 23 16 8 9 11 45 17 3 11 19 34 10 34 0.03 6 
17 500 64 96 9 14 22 57 34 15 21 37 48 39 15 15 39 48 32 21 14 34 42 42 9 18 38 54 47 13 16 23 48 22 20 13 12 34 40 25 12 26 60 35 13 9 29 45 23 13 18 28 76 13 16 17 36 40 41 128 0.08 16 
18 260 56 105 13 29 53 20 24 19 39 52 51 14 22 41 61 41 12 18 45 69 30 20 10 40 36 48 13 22 25 76 40 14 17 44 89 54 21 14 42 55 39 20 19 39 60 22 15 11 43 55 36 13 28 47 71 31 21 140 0.08 16 
19 371 82 184 103 150 70 44 51 86 162 91 46 41 113 177 77 41 36 81 126 79 55 38 82 190 84 40 37 113 168 93 53 42 74 149 79 60 38 95 159 90 48 47 77 175 80 35 41 106 182 83 56 52 105 151 99 57 47 276 0.06 12 
20 216 288 95 51 69 176 94 40 60 68 169 93 52 46 90 177 105 40 55 92 158 99 47 50 114 151 108 46 39 90 153 101 56 56 101 155 114 49 48 76 170 116 36 40 99 157 93 44 54 89 147 88 48 38 98 214 72 54 190 0.05 10 
21 455 171 240 79 40 34 69 152 74 40 48 58 168 98 38 43 67 147 76 47 44 89 158 90 41 38 72 115 70 33 37 83 158 81 38 34 76 147 87 37 35 70 142 56 38 39 66 146 66 50 38 84 171 81 35 40 92 105 320 0.06 12 
22 278 474 159 23 42 115 54 20 26 57 64 48 32 29 44 69 41 35 28 46 108 39 31 25 36 92 55 33 21 51 84 51 32 31 41 77 55 25 29 32 53 63 13 30 44 118 56 30 24 48 76 49 29 23 54 96 43 20 212 0.02 4 
23 333 140 73 37 74 129 65 37 34 71 127 61 40 31 80 111 53 38 31 66 106 84 35 38 76 133 86 36 36 87 138 74 40 33 67 117 67 49 33 62 103 75 39 31 68 134 65 38 26 79 137 69 40 35 71 137 71 30 146 0.03 6 
24 334 479 40 20 10 8 22 33 18 9 11 17 31 21 9 10 16 27 19 9 12 22 42 20 10 8 15 30 23 10 9 18 31 20 9 8 18 27 23 11 9 19 28 19 8 11 20 27 20 8 9 19 32 20 11 10 20 30 60 0.07 14 
25 203 108 52 57 97 50 22 29 53 93 50 22 21 40 94 46 21 28 56 72 46 21 30 56 90 51 26 24 60 90 48 24 31 53 93 60 22 22 61 72 51 22 31 57 71 45 20 26 50 90 48 27 30 58 95 48 23 25 104 0.04 8 
26 356 152 93 14 17 29 63 35 19 17 49 74 23 19 15 42 50 31 15 13 31 50 36 16 19 25 49 25 16 15 35 61 33 20 20 27 65 26 18 18 34 54 26 19 11 32 52 37 18 16 27 37 25 15 13 32 38 41 124 0.06 12 
27 42 321 120 33 26 62 106 37 25 29 53 130 50 25 38 59 94 63 35 22 61 79 63 26 32 66 109 63 31 27 53 89 64 28 34 64 94 55 39 32 38 115 57 25 25 57 88 53 26 27 81 112 46 19 32 65 105 51 180 0.05 10 
28 239 294 176 81 126 78 38 44 98 168 91 45 41 87 145 100 45 37 80 138 78 36 36 77 121 107 47 50 88 166 80 35 48 67 130 75 39 48 98 130 83 48 45 100 137 101 46 46 86 157 83 51 43 87 137 81 48 36 264 0.04 8 
29 180 25 45 8 8 25 42 20 6 12 9 28 20 9 5 9 18 8 4 4 17 20 24 5 6 19 22 15 8 15 10 9 23 7 2 8 18 22 7 4 6 23 10 8 9 20 12 19 8 10 20 7 19 4 9 21 46 13 60 0.04 8 
30 397 213 30 18 3 4 29 7 21 12 11 37 58 20 11 4 27 14 12 4 12 44 36 25 17 5 17 45 21 11 0 0 1 1 8 14 28 40 18 8 11 20 48 5 8 11 26 25 10 5 5 12 1 26 3 8 24 41 45 0.05 10 
31 333 342 141 38 82 44 21 24 49 77 44 17 24 47 83 39 21 29 53 72 33 15 27 66 74 38 31 18 42 77 45 32 25 38 79 32 24 21 33 88 39 22 22 41 101 45 23 26 41 71 56 22 18 47 77 47 18 25 188 0.03 6 
32 199 490 100 106 51 48 118 155 108 53 57 85 147 108 42 43 117 168 104 42 51 109 193 89 48 50 94 169 86 51 49 120 161 105 52 52 87 189 88 55 58 118 195 111 42 59 83 201 92 44 57 120 143 84 51 50 107 189 200 0.04 8 
33 162 166 31 52 34 15 18 27 57 38 13 19 36 50 38 16 18 26 42 39 17 18 25 56 37 18 18 32 51 24 16 13 32 42 35 15 14 34 48 32 13 12 27 45 35 13 18 34 56 29 14 16 29 49 30 14 12 37 62 0.04 8 
34 483 263 19 9 25 32 22 13 7 13 36 6 24 8 20 25 16 12 11 24 0 24 5 15 25 10 14 13 13 32 21 47 4 13 17 40 0 8 8 8 38 48 10 4 19 25 26 7 6 0 0 20 4 7 13 18 13 10 38 0.09 18 
35 229 293 198 86 129 53 33 30 60 98 77 32 33 68 98 64 29 30 49 129 70 34 33 82 131 72 37 29 54 117 70 35 40 83 124 64 33 27 58 113 73 37 43 85 112 81 37 29 79 114 64 26 34 72 94 68 34 30 264 0.08 16 
36 210 461 123 97 39 14 16 53 63 33 20 22 42 57 56 14 19 73 71 45 34 19 27 61 30 22 15 46 58 52 20 22 52 51 23 19 9 40 44 50 17 27 41 74 15 14 11 42 67 38 25 13 38 35 28 18 11 29 164 0.02 4 
37 81 184 96 19 43 84 75 26 26 38 64 54 23 17 54 115 54 20 22 38 102 74 28 31 39 116 43 26 22 64 77 38 23 23 54 77 41 21 29 44 69 44 24 29 35 61 36 32 40 48 94 36 22 23 39 74 36 27 144 0.09 18 
38 169 247 124 58 26 31 69 77 64 24 26 42 105 87 25 27 53 96 64 38 29 69 91 50 35 18 66 85 54 25 33 66 112 57 32 28 44 82 54 30 24 56 78 55 28 32 75 93 50 26 27 66 109 61 38 36 67 94 186 0.06 12 
39 20 270 84 156 74 44 33 92 149 72 42 39 89 162 69 46 45 91 141 85 46 51 97 138 77 35 37 94 146 90 42 43 104 165 84 49 40 69 130 83 39 44 92 117 83 43 45 67 125 66 45 43 79 117 68 36 52 85 168 0.09 18 
40 23 96 40 33 72 48 23 23 35 74 40 21 19 29 60 49 17 23 34 63 39 16 16 33 78 42 25 18 41 70 34 23 20 33 78 32 19 16 45 73 39 21 17 43 63 32 22 16 33 65 30 26 22 31 67 32 19 18 80 0.02 4 
41 467 224 162 54 25 32 71 95 58 43 23 52 72 55 26 20 38 82 61 29 34 40 106 63 16 32 46 90 42 30 33 39 83 63 35 27 28 129 55 25 17 85 144 43 23 20 57 126 50 26 30 56 114 63 20 37 43 84 216 0.02 4 
42 120 377 114 37 26 45 116 70 23 23 44 110 50 22 27 47 106 33 20 27 61 95 41 19 24 61 76 63 29 34 62 127 52 34 26 48 95 38 30 18 48 99 71 37 39 57 91 46 27 40 60 87 60 20 27 50 116 52 171 0.06 12 
43 333 4 100 24 54 87 43 27 21 61 97 51 26 24 57 85 36 20 30 46 101 51 24 19 38 85 38 22 17 46 91 49 20 32 54 71 62 19 28 59 103 48 21 19 42 100 49 25 21 38 98 52 26 29 52 103 52 23 150 0.08 16 
44 4 5 252 110 84 41 38 90 142 66 22 36 73 130 78 46 43 67 175 105 38 50 71 117 72 41 43 66 161 75 37 40 89 149 91 45 37 59 133 64 32 57 63 164 94 49 35 101 127 96 30 35 102 165 81 32 39 86 336 0.05 10 
45 494 487 12 7 6 6 19 17 0 13 0 24 64 12 7 5 5 9 8 6 4 8 0 31 4 9 29 9 13 12 4 3 15 15 5 1 1 53 22 10 0 6 7 17 6 2 1 36 7 6 5 18 17 20 0 4 10 15 24 0.04 8 
46 34 383 128 30 58 104 54 27 33 74 86 65 39 24 64 112 52 30 35 76 89 48 27 25 59 151 77 42 26 59 118 72 38 25 61 101 67 28 32 59 120 58 42 23 55 109 75 38 32 71 110 55 27 29 53 123 70 26 192 0.03 6 
47 312 357 40 17 15 3 15 27 37 18 5 1 34 36 0 12 7 24 40 15 6 4 29 50 16 7 12 8 3 27 11 6 28 45 2 6 10 42 52 17 3 11 31 19 4 13 2 24 41 30 15 6 25 64 19 4 9 19 60 0.09 18 
48 147 150 186 62 115 64 29 34 51 114 53 29 25 69 115 73 24 26 65 82 60 29 35 71 106 70 33 33 67 119 50 33 25 56 114 63 35 35 71 113 68 35 30 53 107 58 32 25 78 126 70 28 34 53 122 54 38 41 248 0.02 4 
49 419 18 120 77 58 40 33 73 102 46 25 31 69 120 48 32 21 43 107 64 24 25 65 121 50 47 28 56 99 39 28 26 54 140 71 26 28 63 82 59 20 37 40 97 56 22 25 64 120 69 24 35 53 96 52 26 38 60 180 0.09 18 
50 28 410 100 149 92 50 44 115 172 96 59 44 127 159 96 47 49 85 171 65 51 49 92 140 93 63 58 85 156 82 45 66 110 146 98 41 48 106 170 107 60 43 82 179 112 56 60 90 139 86 57 48 110 149 98 54 60 103 200 0.05 10 
51 166 203 30 28 31 8 6 11 25 18 7 5 23 45 0 7 4 14 15 16 4 4 5 9 19 5 9 29 43 19 2 6 21 28 15 6 8 15 28 17 12 2 12 23 22 12 10 16 35 10 5 9 18 13 19 3 12 15 45 0.08 16 
52 32 488 156 23 60 88 41 20 23 41 84 58 24 26 51 93 43 33 26 56 95 54 28 20 44 68 51 28 30 46 77 59 25 30 57 99 56 27 29 44 101 42 31 24 49 75 47 25 29 51 96 57 26 22 44 77 58 30 208 0.05 10 
53 332 83 62 12 19 34 40 26 11 15 46 53 28 18 17 26 61 23 11 15 35 44 30 15 12 32 49 32 18 14 22 55 18 17 16 28 61 27 11 16 26 58 34 13 11 22 60 36 14 13 29 51 26 14 20 39 41 34 93 0.04 8 
54 22 291 73 140 74 36 31 63 144 81 35 39 87 128 56 24 32 63 96 71 34 40 69 140 90 29 29 89 150 65 33 30 67 137 49 40 39 71 86 99 33 48 64 156 66 41 37 65 116 72 34 27 94 121 86 49 39 73 146 0.06 12 
55 201 492 44 63 28 31 13 65 69 32 17 19 56 91 44 21 15 58 86 45 19 17 36 59 54 32 23 38 78 30 26 21 27 78 41 26 9 44 53 43 25 23 27 85 37 17 18 39 98 48 17 21 54 56 42 19 17 34 88 0.03 6 
56 431 88 154 130 76 40 38 91 121 55 31 37 96 133 73 39 33 69 109 69 32 40 90 119 81 37 40 74 145 63 32 39 83 119 83 36 43 59 152 80 31 30 79 127 86 47 43 88 116 81 36 32 82 157 82 35 39 70 231 0.09 18 
57 275 419 258 71 166 108 43 33 81 167 74 49 54 79 148 66 38 42 91 161 82 41 42 88 121 81 43 40 101 125 91 33 47 100 163 82 41 39 102 156 96 39 45 60 141 68 43 54 83 154 79 40 45 77 158 106 44 38 344 0.07 14 
58 247 355 19 8 11 11 27 15 9 13 20 29 20 13 12 17 38 21 6 8 18 39 16 9 7 20 33 21 6 10 16 37 15 9 7 18 54 17 10 8 9 32 26 9 8 15 31 23 7 8 18 33 20 8 7 18 19 19 38 0.05 10 
59 166 332 25 28 28 10 20 16 38 17 21 14 33 33 30 18 13 15 68 19 8 8 6 52 22 15 22 12 36 14 2 9 12 48 37 20 9 30 72 43 17 13 19 33 28 3 15 24 45 16 11 16 27 44 36 17 13 43 50 0.02 4 
60 230 367 189 23 61 75 33 39 36 58 96 70 26 22 52 92 45 36 33 58 93 82 23 36 47 137 62 43 26 87 131 75 27 36 52 75 63 43 21 42 150 50 29 29 63 63 88 26 32 74 117 75 30 25 52 98 74 34 252 0.04 8 
61 178 237 99 161 118 60 50 112 163 117 52 51 81 142 99 42 50 112 163 101 42 58 120 140 79 55 39 98 184 102 47 50 81 157 87 44 41 91 156 96 39 60 106 147 99 54 45 96 191 98 44 53 94 148 101 51 43 117 198 0.06 12 
62 7 287 198 79 104 63 34 38 48 128 53 28 31 53 96 57 43 30 74 107 53 37 28 71 106 67 24 34 81 80 55 35 26 67 147 61 28 29 68 129 60 32 33 70 125 58 28 34 62 124 82 33 35 76 105 69 23 36 264 0.05 10 
63 383 328 26 11 19 16 6 6 8 30 14 4 7 9 20 10 7 7 13 13 12 6 7 12 19 16 7 6 12 20 9 8 7 10 24 16 4 6 16 19 18 2 7 10 31 11 7 7 12 19 14 5 6 9 17 4 5 6 39 0.05 10 
64 399 444 58 23 77 74 62 37 34 65 95 47 30 38 45 82 64 24 30 66 104 60 29 33 57 99 60 26 29 51 71 58 24 21 53 91 56 22 31 76 90 60 23 31 57 138 58 27 38 53 148 70 30 34 54 74 55 25 116 0.02 4 
65 252 338 78 122 77 40 32 78 149 84 34 26 77 111 85 49 27 71 137 92 40 31 59 128 89 34 39 87 105 58 40 38 69 156 76 45 44 68 148 93 32 39 75 174 73 34 38 74 125 78 43 37 75 144 84 32 32 91 156 0.07 14 
66 457 479 48 11 0 8 11 32 64 16 5 7 1 40 3 12 11 30 6 17 17 5 1 0 17 4 0 6 0 25 4 9 21 13 2 1 5 9 18 22 0 0 25 0 16 19 4 29 48 0 5 10 17 39 23 8 0 31 64 0.08 16 
67 81 102 45 23 52 70 50 15 27 41 74 54 25 20 51 75 35 19 24 48 72 32 22 17 35 56 52 30 20 44 91 54 29 20 43 96 50 18 28 36 65 33 26 18 44 74 41 23 27 38 86 50 16 21 37 82 39 24 90 0.08 16 
68 495 45 234 37 46 70 111 80 33 38 66 169 65 40 48 77 102 81 39 35 103 154 77 36 46 62 105 70 44 32 86 116 84 33 31 68 121 82 33 36 79 141 73 37 31 77 123 84 31 39 78 153 76 46 44 68 138 67 312 0.05 10 
69 114 381 136 69 128 74 38 40 62 133 58 40 38 66 115 65 34 39 44 169 67 40 33 57 89 68 37 39 67 110 87 26 34 72 114 43 36 19 66 106 59 32 43 76 107 78 28 35 61 126 61 37 39 66 126 68 30 29 204 0.04 8 
70 379 111 10 15 15 4 2 5 3 1 10 14 9 0 0 2 5 9 5 7 18 11 4 4 21 7 7 11 20 22 10 0 1 0 2 14 3 6 14 6 7 2 7 15 7 28 5 4 12 35 4 0 0 5 19 10 7 3 20 0.08 16 
71 338 257 117 84 35 17 28 38 53 61 17 20 38 44 46 19 16 48 60 37 21 23 46 49 43 19 28 44 83 33 18 16 44 58 28 19 21 20 117 47 21 26 39 48 40 12 12 33 57 63 19 23 41 64 44 16 34 29 156 0.02 4 
72 328 301 76 79 128 72 44 33 78 154 61 33 47 88 148 97 40 46 73 127 90 36 43 85 138 64 30 40 59 134 66 36 39 69 146 84 38 36 67 104 62 33 30 68 136 86 32 31 79 120 76 29 44 65 107 81 36 35 152 0.08 16 
73 404 259 110 59 26 26 40 72 52 22 28 41 108 66 22 25 51 107 41 24 24 57 115 61 23 30 64 94 49 31 35 61 83 56 30 30 49 112 53 22 23 48 115 49 22 30 57 107 54 27 22 48 95 55 31 32 64 76 165 0.09 18 
74 395 25 264 78 39 46 90 160 71 53 31 89 125 73 36 44 71 142 86 41 53 93 152 75 32 43 90 131 102 37 41 87 152 100 45 33 78 144 77 55 44 82 109 57 36 48 69 118 95 48 41 92 163 104 50 26 65 128 352 0.03 6 
75 239 167 67 33 75 104 55 37 40 70 115 65 36 41 72 129 67 28 36 87 118 69 34 34 69 109 70 32 38 73 140 78 29 28 64 94 53 35 34 66 116 75 36 37 58 108 67 27 36 76 102 69 38 30 86 141 68 28 134 0.08 16 
76 349 455 52 11 24 9 17 20 39 21 10 8 26 45 14 12 10 29 24 29 11 9 25 54 13 13 10 23 61 27 13 15 21 35 20 5 10 27 46 24 13 15 26 86 40 23 11 39 54 26 7 11 21 43 37 15 13 23 78 0.03 6 
77 111 371 297 46 103 191 116 42 50 88 145 88 32 66 74 193 84 53 64 82 161 117 45 47 110 137 87 65 53 85 148 109 45 61 79 200 77 30 41 118 167 82 64 61 103 173 128 47 55 102 186 80 46 39 135 225 113 46 396 0.07 14 
78 496 449 78 14 27 38 31 11 17 21 62 25 11 11 29 52 35 23 10 24 63 26 14 17 14 33 25 12 14 22 51 20 13 11 36 64 28 8 10 17 48 36 7 13 18 38 33 12 18 20 31 26 16 15 27 38 25 12 104 0.09 18 
79 408 59 144 64 137 62 39 32 98 98 62 33 31 61 125 74 38 31 97 125 75 35 34 86 127 56 35 40 81 125 74 32 28 77 110 77 34 36 77 138 68 28 40 85 112 87 32 33 83 115 62 38 30 64 133 59 40 39 216 0.06 12 
80 487 178 180 60 24 28 55 136 44 19 27 60 73 66 25 35 45 82 60 26 31 53 137 58 27 26 48 102 56 31 40 48 98 59 29 35 54 94 57 23 30 42 123 64 29 39 73 98 61 31 35 46 117 69 30 25 83 92 240 0.03 6 
81 444 33 13 6 19 25 10 0 10 11 12 19 2 5 18 11 22 4 8 15 20 13 9 10 5 35 9 9 12 17 40 8 8 7 5 39 18 6 8 9 41 12 9 6 19 26 9 11 2 11 12 9 9 5 1 39 10 1 26 0.05 10 
82 323 88 54 14 15 26 51 22 15 10 22 38 29 16 14 27 28 24 8 11 20 54 26 14 8 36 51 28 9 10 28 39 26 9 12 30 41 23 15 14 27 48 26 14 15 22 38 24 11 13 25 52 27 14 15 24 40 29 81 0.06 12 
83 202 80 141 120 40 20 19 51 92 47 24 19 51 58 45 28 29 49 81 54 19 21 58 77 33 22 22 62 58 36 33 29 36 105 40 23 23 49 72 53 27 22 51 76 56 22 11 49 107 34 23 28 46 75 67 35 23 34 188 0.03 6 
84 32 421 60 84 46 33 32 59 113 55 28 28 50 107 63 33 32 61 93 58 25 34 72 87 59 34 29 50 97 59 31 26 50 98 53 27 31 50 86 55 29 33 48 95 66 37 21 50 108 53 36 32 54 101 64 30 24 66 120 0.09 18 
85 174 273 58 33 60 21 17 13 37 49 23 20 17 24 54 23 9 12 23 44 35 16 16 28 47 28 14 19 29 66 40 18 12 28 63 28 9 14 24 45 21 11 15 28 60 25 13 13 25 45 22 20 15 28 44 39 18 15 87 0.06 12 
86 197 444 108 50 84 56 27 27 49 91 45 15 32 47 98 49 30 27 65 111 45 22 31 61 80 60 24 27 37 107 50 27 19 77 87 48 23 31 40 98 53 15 46 62 90 47 25 19 51 100 42 29 33 34 85 57 29 25 162 0.06 12 
87 237 1 33 19 26 9 9 6 18 2 3 4 6 18 7 4 9 2 0 13 5 2 16 9 12 12 10 25 26 17 4 0 3 0 15 3 8 17 38 13 4 0 23 28 25 10 2 21 23 14 6 11 9 25 13 6 13 11 44 0.03 6 
88 32 385 96 43 84 46 26 22 44 59 32 30 22 51 74 53 26 29 41 69 48 21 29 41 67 58 18 24 41 69 52 19 16 44 71 44 25 25 43 70 43 21 30 62 63 45 18 24 58 70 40 34 20 44 71 42 20 26 144 0.02 4 
89 17 467 52 8 12 0 16 13 27 12 5 30 58 21 17 21 21 70 10 13 17 22 45 22 9 8 28 31 14 13 18 35 47 36 7 9 17 33 29 16 8 34 49 24 10 19 21 44 16 14 8 33 63 12 17 13 17 33 78 0.09 18 
90 439 329 50 15 14 31 46 21 13 17 28 49 25 15 11 23 42 23 11 11 28 32 24 13 18 27 48 22 11 12 23 48 18 14 13 23 45 29 11 13 19 48 20 10 14 24 45 30 14 10 25 39 26 9 16 25 37 27 75 0.07 14 
91 150 144 174 31 29 52 93 59 36 28 69 96 46 22 26 52 91 55 34 39 66 91 38 20 27 54 85 50 30 33 51 86 47 22 29 70 83 62 33 33 54 121 49 27 31 54 139 70 22 31 48 114 52 29 30 55 100 73 232 0.07 14 
92 241 116 94 95 190 93 50 49 96 175 105 52 55 91 167 102 38 47 97 165 93 46 46 72 159 76 41 48 117 133 91 39 39 81 156 78 45 48 86 156 73 46 52 108 169 97 48 34 109 167 111 38 43 90 166 101 48 40 188 0.06 12 
93 122 293 118 63 29 23 48 86 45 29 27 70 76 60 28 26 66 88 80 23 27 70 75 64 23 42 68 102 69 22 33 52 128 62 24 29 51 98 40 29 29 55 76 59 34 16 72 75 31 20 24 65 88 82 36 28 41 99 177 0.03 6 
94 457 149 28 25 17 6 7 24 37 10 8 9 10 27 16 7 7 22 25 10 6 13 14 31 14 6 9 11 26 12 9 10 15 11 20 9 2 9 11 13 5 0 8 28 14 9 9 10 27 9 3 5 12 26 6 1 5 2 42 0.05 10 
95 205 306 201 138 73 29 35 54 110 81 35 29 66 103 55 33 29 59 108 54 33 40 63 124 70 36 38 61 102 77 38 41 73 128 66 35 32 59 115 81 32 40 73 116 66 26 27 75 128 73 34 36 74 104 74 30 40 69 268 0.04 8 
96 49 88 240 115 97 45 48 68 134 75 45 35 84 111 84 41 39 68 120 84 37 32 90 129 91 39 36 102 160 74 36 46 83 110 89 36 37 83 128 79 49 45 81 136 92 44 45 81 138 77 39 35 92 116 65 40 36 58 320 0.06 12 
97 9 319 40 69 44 17 22 48 74 40 19 23 40 64 35 26 18 46 71 42 18 22 40 64 31 28 16 34 63 32 18 18 41 72 37 22 23 49 60 29 20 18 47 77 34 16 19 37 81 38 19 19 47 65 38 21 24 47 80 0.09 18 
98 342 344 91 151 107 50 48 87 182 86 39 44 98 156 101 45 50 79 136 86 47 50 97 154 94 43 38 103 173 70 43 46 110 174 75 37 38 98 130 91 37 46 97 140 82 46 47 65 148 80 40 41 85 154 92 49 42 103 182 0.06 12 
99 487 258 168 66 29 29 51 95 50 24 26 68 81 53 23 28 58 71 60 23 23 79 97 63 22 26 54 100 69 30 23 61 71 43 24 34 56 88 61 30 32 53 92 46 26 17 59 83 65 26 25 45 93 51 25 24 55 79 224 0.04 8 
100 368 353 31 15 32 49 52 15 14 29 55 28 15 23 49 63 31 19 17 25 41 26 22 12 34 64 31 17 15 30 57 27 14 16 21 58 32 18 17 45 31 34 19 16 29 47 38 15 13 36 58 33 16 19 34 45 25 16 62 0.09 18 
101 156 473 66 64 113 52 30 28 60 123 56 23 22 61 105 76 31 35 62 96 65 29 24 59 118 81 33 28 56 134 70 29 28 67 101 60 31 38 53 113 52 21 28 56 80 75 37 35 76 87 56 49 26 53 84 84 34 34 132 0.02 4 
102 331 379 42 12 34 57 55 20 12 34 33 40 20 21 43 50 28 17 18 49 27 50 22 11 14 43 30 36 21 36 103 47 15 22 43 72 44 14 19 33 83 21 24 23 30 61 19 30 27 71 86 33 16 22 31 89 33 18 84 0.05 10 
103 161 248 66 20 9 11 23 39 21 8 9 21 29 24 12 10 22 33 22 9 11 22 33 21 12 11 23 33 19 10 13 19 41 17 10 12 26 30 28 10 10 18 41 22 9 12 20 33 23 10 12 19 36 21 10 11 20 37 88 0.08 16 
104 310 96 29 46 25 24 18 15 33 33 10 9 27 50 33 9 10 21 17 25 13 11 26 48 19 10 18 14 54 24 18 12 27 58 9 9 21 26 25 34 22 14 34 66 41 8 11 26 70 34 6 8 30 40 30 9 28 29 58 0.04 8 
105 346 337 72 23 13 39 60 38 20 20 32 55 42 21 14 34 61 33 18 20 40 53 37 17 18 43 69 43 16 20 38 70 28 13 17 40 65 31 17 12 33 69 37 19 14 26 54 33 17 18 40 60 42 19 15 48 60 35 108 0.06 12 
106 286 240 234 32 42 96 112 62 41 35 75 114 67 41 36 95 112 76 45 41 90 140 67 39 34 84 113 72 35 41 94 113 76 45 48 82 152 72 44 43 90 138 66 47 34 90 140 68 32 30 81 132 82 31 40 62 116 78 312 0.04 8 
107 211 355 156 68 41 47 77 117 85 37 36 79 135 62 37 36 77 142 70 48 38 83 157 90 36 38 76 105 92 47 37 90 117 57 43 36 67 129 76 47 47 73 134 80 36 36 58 120 53 47 34 73 122 72 37 47 72 141 234 0.02 4 
108 230 26 225 36 41 88 153 87 42 41 94 116 61 42 32 60 111 71 39 38 82 134 62 30 44 66 132 86 31 36 83 131 65 38 38 81 139 90 32 42 82 106 67 32 33 75 133 77 36 39 62 115 90 41 31 85 115 81 300 0.09 18 
109 55 89 196 57 47 75 200 121 54 58 97 142 85 39 49 86 170 113 43 42 75 146 88 52 57 109 150 85 50 45 99 186 96 60 59 87 161 97 65 59 135 174 113 50 49 77 161 116 50 33 95 182 115 41 60 106 153 108 294 0.04 8 
110 271 288 174 48 111 50 32 28 46 97 65 26 24 48 98 56 27 25 66 71 59 39 28 50 64 55 26 32 58 108 46 30 26 67 86 47 29 28 46 79 48 28 27 77 125 49 31 25 51 80 49 29 22 57 88 76 32 34 232 0.05 10 
111 449 298 59 29 52 98 66 33 29 58 110 78 33 33 40 87 65 27 38 51 99 53 32 27 96 74 49 29 34 54 79 65 26 26 66 61 80 27 31 55 114 55 35 28 44 126 40 31 26 38 142 57 23 23 81 98 72 19 118 0.04 8 
112 112 53 39 32 16 25 42 69 41 16 18 40 88 47 18 22 31 55 47 16 20 34 68 34 14 22 49 58 52 26 26 37 59 46 23 15 43 68 46 14 18 38 84 38 15 18 39 77 31 20 20 40 50 48 21 18 39 75 78 0.05 10 
113 226 173 88 28 16 47 60 40 18 17 52 60 51 20 22 39 72 32 19 20 42 78 38 19 22 42 62 50 21 30 44 64 36 25 26 49 83 43 22 19 35 80 39 20 17 35 74 48 25 25 38 69 48 20 28 40 67 39 132 0.05 10 
114 13 362 74 21 32 67 33 17 20 34 64 41 19 22 37 58 33 17 17 36 52 30 16 18 40 58 36 16 15 40 59 31 18 20 37 68 31 20 20 39 65 46 20 18 28 63 36 17 16 32 66 35 15 20 31 74 35 15 111 0.02 4 
115 259 351 42 33 18 10 10 21 36 16 10 8 19 27 19 9 8 25 36 16 11 9 24 33 17 14 9 22 38 22 13 8 14 31 17 12 7 21 50 16 12 13 20 37 19 8 9 24 53 16 12 15 17 43 19 7 9 24 63 0.02 4 
116 17 426 31 38 55 22 18 12 43 53 33 15 16 39 63 30 12 14 33 72 29 16 19 27 66 41 13 10 25 30 37 14 21 35 55 31 16 16 40 41 32 19 16 37 50 24 14 14 23 69 24 14 14 30 55 27 15 19 62 0.05 10 
117 96 197 100 53 18 24 47 74 32 29 17 58 84 43 32 25 23 78 49 20 24 32 92 46 27 28 45 60 52 37 17 53 96 56 24 17 58 83 68 25 21 54 79 28 27 28 49 81 46 25 23 52 107 52 21 16 64 75 150 0.03 6 
118 290 453 70 87 69 29 39 58 99 65 32 39 97 115 68 44 44 55 139 65 41 29 51 139 60 38 36 60 119 58 35 40 84 160 83 32 28 83 145 66 32 40 56 120 59 34 35 86 125 91 26 27 83 88 68 35 38 77 140 0.09 18 
119 387 328 216 148 59 29 38 81 151 61 32 30 69 146 69 43 35 76 163 82 41 45 86 134 90 38 33 61 127 58 33 36 85 96 81 32 32 73 153 75 42 20 63 108 57 27 28 85 89 66 32 29 62 102 59 34 31 73 288 0.05 10 
120 256 331 135 19 18 58 75 43 23 19 51 75 47 20 17 41 62 41 20 19 38 63 45 21 16 47 53 40 21 20 39 61 59 22 27 39 91 40 21 31 47 90 36 19 23 53 64 25 21 17 35 90 67 28 23 43 72 47 180 0.07 14 
121 405 89 46 8 20 37 20 9 12 24 36 27 10 10 19 45 25 15 9 31 44 16 12 9 18 28 30 12 11 24 34 26 13 10 18 37 19 13 13 17 39 22 11 10 22 43 28 10 13 17 47 23 7 15 19 50 24 12 69 0.05 10 
122 300 371 16 28 29 27 8 12 21 18 4 9 10 27 44 19 8 12 8 16 10 7 6 22 23 7 7 6 20 35 17 10 6 8 17 17 7 9 20 7 26 2 8 14 26 19 8 10 14 40 17 0 11 24 23 15 5 0 32 0.02 4 
123 150 174 108 96 59 27 22 45 93 70 22 27 47 102 49 24 28 50 104 55 32 24 58 82 59 24 22 58 113 62 24 24 44 92 49 25 26 43 74 43 28 25 51 97 65 27 31 47 80 52 27 31 50 75 53 24 28 73 162 0.04 8 
124 92 204 21 10 20 65 21 11 6 27 32 21 23 15 21 38 28 18 6 11 70 41 4 7 17 84 21 5 15 15 20 46 13 7 18 34 23 4 19 22 38 5 10 8 14 16 20 8 12 38 14 30 15 5 12 43 21 11 42 0.02 4 
125 422 493 102 12 35 37 25 20 10 33 47 35 22 11 45 61 23 13 17 34 60 45 19 21 31 59 53 15 21 34 48 37 16 26 21 60 58 17 11 47 75 34 16 26 16 70 45 6 16 23 58 40 27 12 24 74 24 20 136 0.08 16 
126 39 150 63 11 17 16 0 0 0 11 12 35 0 3 10 18 30 22 18 11 24 35 30 0 4 21 46 36 10 20 36 44 20 7 15 24 27 26 8 9 33 0 11 6 15 11 43 13 8 17 21 44 19 4 14 29 25 40 84 0.07 14 
127 85 34 158 83 43 39 101 106 74 36 41 85 118 82 46 43 58 128 62 36 33 72 144 80 45 41 84 114 89 39 36 91 148 85 34 40 84 181 86 44 41 95 126 67 44 30 110 147 78 40 39 69 164 68 47 36 100 141 237 0.08 16 
128 327 244 10 11 11 3 6 5 16 11 15 2 2 7 19 7 3 7 1 34 6 2 6 9 21 5 3 4 13 28 9 4 7 16 12 12 4 2 8 29 14 6 1 2 7 10 2 5 9 11 10 6 2 8 14 14 4 3 20 0.06 12 
129 295 350 135 56 84 35 25 28 60 82 51 23 28 48 83 51 30 19 53 61 47 22 23 34 58 49 22 21 54 66 39 22 16 30 81 47 19 22 44 63 28 21 20 38 65 48 24 18 55 88 41 21 18 51 76 29 21 19 180 0.05 10 
130 142 260 124 67 102 57 24 28 73 114 47 30 29 53 112 59 33 24 64 118 67 30 25 51 87 56 35 30 60 115 49 34 34 53 114 47 36 34 62 93 58 30 32 72 113 60 29 29 61 80 67 28 33 59 119 64 30 26 186 0.05 10 
131 207 414 47 27 41 57 44 20 25 42 67 44 27 27 49 72 50 22 26 40 74 56 22 23 49 86 43 21 19 40 70 47 29 20 41 83 51 29 28 47 85 48 24 30 53 86 43 23 29 41 93 41 24 18 50 66 45 24 94 0.06 12 
132 64 67 96 52 41 14 8 25 63 22 10 14 25 48 28 14 22 28 60 25 17 22 47 50 31 13 14 39 69 31 14 16 36 59 46 10 14 27 59 22 18 17 30 36 28 20 14 19 48 35 18 10 28 67 26 17 20 36 128 0.08 16 
133 444 161 104 24 45 95 56 34 23 52 82 48 25 24 31 89 64 21 20 49 132 69 16 25 44 89 38 29 24 51 83 78 29 27 52 66 47 31 23 42 96 67 24 35 41 103 73 23 28 57 76 61 20 26 44 114 42 20 156 0.03 6 
134 26 126 261 64 112 78 33 36 72 147 85 55 41 62 144 94 48 46 102 137 91 52 34 92 142 81 46 45 87 162 103 48 46 99 148 99 39 48 81 124 90 38 38 93 158 99 43 48 84 143 99 52 38 95 123 70 45 43 348 0.08 16 
135 181 224 88 39 22 20 36 84 40 23 22 43 82 44 23 22 48 77 47 18 28 43 80 47 19 25 46 73 37 19 23 45 73 42 19 20 34 67 42 19 19 51 77 42 19 23 49 62 38 26 21 46 78 51 23 24 44 62 132 0.06 12 
136 238 471 75 66 117 69 44 45 67 127 76 41 31 86 120 72 31 41 64 150 84 38 31 68 116 59 38 35 64 142 78 39 34 74 148 74 44 42 74 123 88 35 40 87 112 62 41 39 82 111 72 39 34 71 107 69 45 40 150 0.09 18 
137 480 379 98 49 46 121 134 97 47 50 106 173 99 43 49 105 126 89 53 49 93 144 83 50 36 69 185 84 44 50 85 158 116 35 33 121 167 106 36 55 100 174 69 55 44 109 177 88 60 42 93 179 107 54 53 93 215 83 196 0.04 8 
138 252 370 15 3 0 29 16 15 5 9 18 20 4 2 24 8 25 8 2 21 32 6 8 3 20 51 2 13 6 34 29 12 12 11 28 41 10 9 8 2 1 17 7 4 4 35 26 13 8 18 10 26 0 4 17 15 16 3 30 0.06 12 
139 319 115 51 26 27 46 72 38 28 31 43 102 46 25 22 51 79 58 19 24 46 92 47 18 27 36 91 62 26 25 60 80 55 28 28 48 67 51 22 25 41 96 58 20 22 42 82 46 22 30 46 97 47 25 27 56 93 47 102 0.07 14 
140 413 320 102 23 11 39 67 27 10 7 45 115 21 22 7 25 57 21 6 17 13 67 16 8 17 36 38 32 21 19 42 36 5 18 21 53 61 26 15 8 35 45 26 21 8 42 48 22 19 15 36 27 41 20 19 32 72 27 136 0.06 12 
141 266 239 76 37 19 12 52 47 39 16 21 37 56 49 10 18 28 66 50 21 25 37 55 47 18 18 45 69 37 26 19 41 78 45 20 18 33 60 38 15 13 31 64 26 17 16 32 79 31 15 16 22 68 41 18 18 36 66 114 0.02 4 
142 472 332 192 129 71 24 32 66 102 71 33 35 61 112 53 31 27 53 94 62 36 25 60 93 63 32 30 69 116 72 32 29 67 129 74 34 32 58 120 59 34 31 45 97 54 38 25 52 86 67 31 29 55 102 69 31 28 68 256 0.09 18 
143 44 374 156 149 95 44 31 81 125 96 38 39 93 133 84 39 35 63 113 74 35 34 65 124 101 38 43 98 112 90 39 33 78 121 71 36 39 96 117 74 34 40 68 114 86 29 33 66 141 92 45 44 81 130 77 33 30 79 234 0.03 6 
144 283 9 70 9 23 35 49 57 15 22 48 46 35 12 16 25 38 30 22 11 39 60 32 20 20 41 60 32 22 15 36 37 21 13 18 25 57 53 22 21 39 82 63 17 7 43 58 55 19 20 26 31 22 19 15 27 56 21 105 0.02 4 
145 168 118 177 23 50 109 54 32 31 68 96 54 33 23 60 119 62 23 32 59 94 61 32 28 44 109 72 32 23 57 105 43 31 29 62 98 50 29 25 54 106 49 37 32 53 110 47 34 37 57 107 64 28 25 68 108 69 20 236 0.02 4 
146 163 164 174 44 87 125 82 54 42 70 171 80 53 49 77 130 102 47 47 80 131 79 36 44 69 142 93 47 51 98 138 81 40 41 81 127 66 39 44 67 135 88 40 40 103 162 89 36 38 91 123 91 50 38 115 140 81 31 261 0.05 10 
147 329 296 87 17 40 50 36 15 8 19 46 19 10 8 35 30 18 23 20 47 45 24 10 8 33 23 26 17 12 27 56 17 12 19 22 41 32 14 21 36 37 24 20 18 20 31 32 16 15 31 49 28 20 15 25 64 36 12 116 0.07 14 
148 277 92 44 42 72 41 22 26 35 57 42 17 20 39 72 42 24 24 50 84 43 21 24 41 62 47 26 21 53 81 54 18 23 50 78 39 20 24 40 72 48 25 18 38 64 47 21 19 42 67 35 20 19 44 74 47 26 23 88 0.02 4 
149 183 88 96 34 51 22 15 12 41 45 29 14 17 31 47 27 15 14 42 56 27 16 13 29 57 20 9 13 38 58 23 14 18 29 43 30 25 17 25 34 33 12 11 31 65 19 17 24 30 74 19 11 15 40 49 22 16 16 128 0.04 8 
150 106 173 120 90 72 25 31 55 89 68 27 25 74 92 71 35 32 48 109 63 32 31 54 95 55 26 25 52 107 70 25 27 62 120 66 26 24 66 88 55 26 27 65 88 47 27 30 57 102 58 36 33 71 87 64 26 28 65 180 0.06 12 
