200 5 16302
0 164 38 32289 22200 22200 22199 22202 22203 0.01
1 148 309 35 59 15 10 24 59 35 26 19 23 68 41 16 20 33 98 42 14 17 41 70 38 29 29 25 55 24 17 24 16 52 38 24 14 50 80 51 19 20 42 25 35 15 23 28 92 24 26 19 32 36 21 16 16 34 35 70 0.09 18 
2 493 297 70 40 74 103 67 36 28 66 131 57 39 41 74 143 73 38 36 64 111 76 28 35 85 112 67 32 36 71 115 72 37 35 76 93 80 39 38 59 139 72 28 32 72 136 73 39 34 65 118 65 35 37 73 123 70 33 140 0.02 4 
3 434 9 17 4 10 23 27 2 11 11 7 25 21 9 11 25 25 9 0 9 17 32 15 16 9 22 39 16 2 8 30 13 27 5 8 7 26 34 0 10 25 20 11 8 8 33 22 22 12 10 12 15 10 3 14 8 19 15 34 0.08 16 
4 71 333 252 39 35 69 159 90 48 50 79 171 107 30 39 92 128 100 36 37 111 109 86 42 41 89 151 83 41 38 91 182 70 39 39 77 129 89 49 46 66 143 98 44 48 76 121 72 34 39 87 162 83 46 43 63 154 72 336 0.09 18 
5 493 370 184 88 140 83 43 45 96 154 93 54 45 76 148 102 43 44 111 167 100 49 43 96 140 108 43 45 84 164 82 41 39 96 149 92 41 42 91 119 93 44 47 108 164 77 49 40 81 168 81 43 34 76 130 79 46 38 276 0.04 8 
6 456 131 39 8 2 9 28 11 6 7 6 32 9 5 4 4 19 21 4 2 8 22 10 3 7 15 30 11 5 5 18 25 13 11 7 11 29 7 8 5 15 18 11 5 8 20 26 9 4 8 21 35 14 7 5 11 34 18 52 0.06 12 
7 89 5 194 100 46 45 98 146 101 39 54 91 151 96 45 44 114 162 87 43 40 93 147 112 44 39 107 152 87 48 50 95 168 84 43 53 84 143 114 48 40 80 185 86 50 45 103 184 112 48 56 101 155 92 51 40 109 193 291 0.07 14 
8 481 149 82 70 133 126 36 44 99 123 72 52 46 83 120 90 41 46 67 123 90 44 44 91 125 108 37 36 73 129 89 41 41 68 150 67 49 33 70 133 84 36 56 71 125 92 42 34 72 146 79 31 45 67 137 74 41 33 164 0.03 6 
9 43 26 48 11 20 10 10 24 75 37 7 13 47 32 21 7 14 24 33 29 12 10 50 32 0 11 14 19 67 24 18 4 33 46 12 16 17 14 22 29 14 9 25 35 21 6 12 31 17 31 10 6 44 64 29 16 10 33 72 0.04 8 
10 436 228 75 9 25 40 21 13 16 21 63 35 11 20 28 49 14 7 13 18 47 33 10 12 20 32 31 15 11 25 25 31 11 14 42 41 24 9 14 26 51 21 16 15 16 70 25 11 9 17 45 21 11 13 19 53 23 4 100 0.09 18 
11 392 341 21 8 7 22 49 21 11 17 21 32 7 10 14 17 44 11 19 5 12 37 21 4 7 19 48 21 4 10 42 33 7 12 4 18 55 12 16 11 9 46 4 7 20 25 29 17 4 12 22 27 16 9 10 30 28 6 42 0.08 16 
12 488 100 19 9 10 25 25 15 8 10 17 24 16 8 10 18 29 23 10 7 17 30 23 11 8 20 29 15 8 10 16 44 20 7 7 21 30 18 6 10 19 32 16 9 7 27 31 17 8 9 19 25 19 11 9 22 19 20 38 0.04 8 
13 56 38 55 27 68 83 64 25 29 48 101 44 25 31 49 93 65 26 23 55 92 54 29 27 43 98 58 32 26 51 67 63 30 23 47 76 50 27 32 48 85 63 26 33 59 77 57 30 23 40 93 47 22 22 58 102 68 23 110 0.07 14 
14 182 312 65 30 54 106 68 29 36 74 115 66 28 34 79 86 60 36 36 52 111 77 34 35 65 95 56 29 37 62 97 55 35 30 54 127 68 35 33 70 85 56 38 40 70 126 61 35 33 78 108 69 34 38 72 116 71 29 130 0.07 14 
15 70 370 129 20 32 77 46 18 12 42 47 32 27 15 56 56 47 23 28 33 66 46 21 19 29 46 31 23 14 44 83 41 16 28 48 71 42 32 26 32 89 39 18 14 48 76 46 23 27 66 73 62 14 24 50 75 49 21 172 0.04 8 
16 228 476 116 30 24 52 116 64 33 25 55 100 59 29 27 59 87 61 35 34 59 116 68 22 31 46 122 57 24 28 55 96 61 34 33 62 115 60 23 24 57 96 54 28 28 57 119 72 22 29 48 94 44 25 22 54 84 49 174 0.03 6 
17 475 322 91 44 92 167 106 44 52 110 163 95 42 51 96 161 89 37 51 85 153 73 45 33 84 145 72 45 53 99 171 85 42 38 107 153 81 52 44 95 131 74 46 39 91 142 85 53 39 82 150 96 50 50 103 159 96 49 182 0.07 14 
18 333 453 192 37 29 53 126 58 26 41 54 117 59 24 29 78 110 48 23 33 49 98 50 29 33 50 111 59 33 27 64 122 77 31 29 60 138 54 32 33 62 114 55 39 32 60 101 72 43 24 60 114 66 31 28 62 105 75 256 0.05 10 
19 71 237 74 87 126 73 26 42 55 165 63 31 40 94 100 67 40 41 58 110 57 36 32 74 148 111 40 37 71 156 83 36 37 101 127 71 32 32 77 145 67 41 38 54 94 64 41 34 62 151 64 31 24 57 158 70 34 33 148 0.09 18 
20 132 102 39 25 78 33 26 19 43 56 43 19 15 40 60 27 17 14 42 78 39 21 17 34 49 30 22 21 38 65 48 21 21 32 56 33 26 16 52 60 32 16 17 32 75 38 25 26 35 65 28 12 24 38 57 37 21 16 78 0.06 12 
21 355 137 65 31 30 52 95 78 30 37 70 120 62 38 39 65 109 56 31 37 81 99 56 33 38 74 92 45 40 34 72 86 66 32 33 53 96 63 41 23 69 101 76 34 39 56 94 54 34 30 60 116 64 36 32 44 103 65 130 0.04 8 
22 193 367 132 39 17 19 46 62 44 21 25 51 56 36 25 18 50 80 28 22 30 49 79 49 26 20 26 93 48 23 32 44 106 54 25 24 31 47 42 15 26 51 50 47 20 19 22 101 51 9 21 50 84 41 28 16 82 91 176 0.07 14 
23 212 188 87 29 53 36 14 15 32 58 30 13 14 24 46 23 13 16 31 54 28 11 11 26 42 22 15 15 27 59 31 13 12 29 34 23 16 16 26 44 33 14 14 26 39 32 14 12 31 48 27 17 13 35 51 26 11 13 116 0.04 8 
24 51 470 76 26 23 25 32 97 31 20 25 29 89 31 14 16 32 57 31 20 22 50 72 47 15 11 33 84 43 16 27 55 51 52 12 22 51 47 36 19 20 52 50 56 23 20 46 66 30 25 31 55 55 34 12 16 52 46 114 0.05 10 
25 400 2 110 85 63 30 29 74 108 73 38 28 74 80 51 30 31 43 90 81 22 28 49 77 61 29 30 57 94 49 29 33 44 80 45 34 22 58 83 57 30 40 59 75 38 32 22 31 120 69 30 27 62 79 65 32 25 57 165 0.06 12 
26 10 21 294 41 54 94 179 85 47 48 92 146 83 58 58 109 141 79 54 44 81 180 87 57 53 91 189 95 49 41 101 183 105 46 40 115 185 97 46 45 91 145 85 58 48 119 194 109 58 44 104 182 87 40 53 77 181 83 392 0.04 8 
27 102 82 162 68 39 30 31 51 84 74 37 28 54 84 70 24 26 49 129 47 23 27 52 116 39 24 21 50 77 52 36 28 43 84 52 23 21 52 86 44 30 21 73 86 45 33 25 41 114 56 27 24 79 63 52 41 28 52 216 0.09 18 
28 424 335 72 9 12 22 49 23 7 11 21 37 16 10 9 25 51 24 14 9 18 43 28 13 11 26 44 26 11 10 26 45 22 12 13 30 34 27 12 13 25 34 25 9 9 26 46 27 13 9 22 25 18 11 10 27 52 22 96 0.03 6 
29 321 134 154 59 129 69 37 32 77 101 55 46 33 74 111 77 40 50 72 155 60 36 36 67 136 77 39 33 73 132 83 35 32 66 115 72 35 34 92 103 57 37 31 95 106 85 39 33 59 154 59 25 55 59 109 95 42 45 231 0.04 8 
30 298 31 159 90 54 23 28 45 94 62 31 23 56 80 51 32 29 47 95 46 21 25 58 75 43 22 31 59 106 47 26 22 58 66 57 25 29 45 92 62 23 27 43 94 55 29 28 52 100 44 28 25 60 80 44 30 32 56 212 0.02 4 
31 388 44 297 55 43 102 165 111 48 52 103 154 93 43 49 111 166 106 52 49 94 188 96 46 43 91 193 102 47 40 96 171 112 46 50 110 182 92 43 47 87 144 102 44 52 103 182 112 58 53 99 159 84 51 46 115 160 91 396 0.04 8 
32 278 471 51 19 32 22 6 5 23 21 16 12 8 22 38 11 6 8 18 39 8 10 5 15 26 25 13 9 5 29 19 6 12 13 20 25 12 7 31 27 19 8 10 26 41 13 9 6 14 40 13 6 9 2 40 18 6 13 68 0.03 6 
33 238 8 12 14 6 12 26 46 17 4 5 5 42 17 4 10 3 16 12 8 1 30 25 16 1 1 0 51 11 5 2 26 23 18 5 5 21 32 17 2 16 17 1 17 2 0 2 19 17 5 1 10 22 12 5 4 16 8 24 0.06 12 
34 50 264 186 55 89 157 77 51 45 104 171 77 45 51 76 157 112 51 45 79 148 98 39 50 94 140 83 45 38 101 149 109 44 42 98 153 82 39 49 111 138 106 50 49 85 143 102 44 43 96 141 90 38 38 110 187 96 50 279 0.09 18 
35 86 306 195 72 91 67 29 24 67 120 60 31 38 60 115 67 38 36 66 98 67 31 36 66 95 80 40 32 52 90 60 29 36 74 116 64 33 29 55 109 62 25 35 73 114 52 24 35 69 118 60 34 34 59 100 75 28 36 260 0.05 10 
36 312 391 11 16 14 5 2 16 6 8 15 11 29 24 11 2 37 17 22 5 7 8 50 0 4 8 0 33 7 13 7 13 14 13 3 13 4 0 21 0 2 0 17 13 11 6 0 4 21 0 7 18 58 10 2 4 0 27 22 0.07 14 
37 392 79 88 43 22 18 36 74 49 26 21 54 59 50 23 21 48 97 46 24 24 43 72 34 23 21 41 85 29 21 23 58 71 38 19 20 53 72 41 22 20 45 75 38 24 23 46 58 40 22 19 56 64 47 21 17 51 69 132 0.02 4 
38 350 44 105 17 13 43 20 27 27 25 23 51 13 16 18 48 39 32 32 15 47 68 27 17 9 30 34 38 15 14 58 45 48 22 20 37 55 35 13 27 55 57 30 15 27 21 72 35 14 21 28 68 31 13 12 36 49 33 140 0.05 10 
39 479 231 216 43 65 119 60 30 29 66 128 64 38 36 74 121 57 40 46 77 127 76 39 29 64 123 72 29 37 83 104 65 32 35 84 132 63 37 42 70 103 70 37 39 68 129 66 34 42 86 160 64 45 37 87 102 76 38 288 0.07 14 
40 121 17 44 13 13 27 40 25 10 14 14 40 19 15 12 17 41 24 6 14 30 38 16 10 11 18 25 19 12 12 32 41 32 15 6 23 41 18 10 15 24 39 24 9 9 26 39 17 7 9 22 40 21 10 11 28 35 21 66 0.08 16 
41 106 359 10 24 5 10 5 8 8 16 7 6 8 8 0 0 1 4 10 3 10 1 2 9 24 8 11 5 16 27 16 6 6 12 6 10 9 7 13 35 0 3 10 11 2 13 3 2 2 27 6 9 5 9 33 13 9 0 20 0.08 16 
42 234 249 32 24 58 56 26 22 26 48 22 23 17 43 27 34 12 19 24 84 16 22 15 38 42 32 15 16 38 19 45 15 20 27 109 17 10 19 47 78 55 14 18 37 52 35 20 13 19 49 31 16 10 16 52 29 11 9 64 0.08 16 
43 115 165 78 37 61 146 98 37 30 69 134 84 30 39 85 125 66 34 38 73 125 70 39 42 96 109 69 30 35 97 150 86 31 33 96 158 69 33 33 76 127 71 38 46 70 115 78 32 39 89 127 87 35 41 84 114 68 41 156 0.02 4 
44 79 397 91 84 125 92 52 37 69 119 107 59 46 99 201 106 38 55 96 217 71 47 44 87 147 88 41 42 115 145 108 40 40 100 144 89 42 36 98 154 65 54 37 93 143 86 43 39 83 143 82 59 47 98 145 92 40 60 182 0.03 6 
45 364 156 30 11 0 7 5 44 13 7 17 0 59 3 14 4 0 66 11 11 11 19 41 20 0 4 14 6 0 10 5 31 49 5 11 16 3 40 21 7 2 5 20 0 6 16 14 26 15 19 7 25 0 9 20 25 23 26 45 0.09 18 
46 376 446 54 28 70 58 37 30 20 50 47 61 28 25 42 102 64 27 25 38 130 48 27 31 47 72 51 23 26 41 90 47 25 30 43 56 54 25 30 46 104 63 34 26 52 69 48 25 29 50 64 42 20 31 61 99 41 23 108 0.07 14 
47 163 210 153 25 56 90 42 17 19 37 103 41 30 29 59 85 41 18 26 38 91 45 28 20 57 92 47 27 28 55 80 54 23 22 39 76 50 23 26 59 69 56 30 15 46 54 57 21 20 43 76 52 21 35 47 81 50 19 204 0.09 18 
48 273 424 116 35 60 96 64 31 30 53 96 48 30 25 52 97 51 32 32 52 118 65 30 24 58 113 63 32 32 63 94 62 31 22 51 82 48 23 33 63 88 57 32 31 47 108 49 30 26 56 88 63 32 36 72 93 56 30 174 0.05 10 
49 465 218 42 17 50 68 38 20 17 38 66 41 16 17 39 71 36 27 23 38 61 50 20 26 43 60 45 23 25 47 70 54 24 16 51 64 44 26 19 36 63 36 18 16 39 66 45 21 23 38 71 32 21 17 44 62 41 21 84 0.06 12 
50 39 266 156 72 137 91 46 34 79 137 65 31 29 82 141 68 30 39 75 121 74 43 43 78 116 65 40 33 88 140 90 44 39 70 154 74 47 40 71 141 89 40 39 92 102 67 39 40 87 121 85 37 42 82 120 81 37 40 234 0.05 10 
51 147 384 84 41 60 45 22 20 42 82 45 22 17 49 67 34 17 25 44 71 46 18 20 35 84 43 21 16 33 54 56 17 18 54 80 36 18 23 41 71 37 21 16 50 76 43 18 18 50 73 43 20 24 46 60 44 22 20 126 0.09 18 
52 465 149 240 99 37 42 99 148 104 45 35 74 145 80 43 47 91 129 60 44 34 87 171 81 34 45 90 126 62 37 32 59 148 69 32 39 75 117 73 44 37 82 123 70 43 35 83 158 92 35 37 80 116 76 44 43 72 120 320 0.07 14 
53 176 312 21 6 19 19 45 15 13 7 12 28 16 9 8 22 60 27 9 1 1 88 8 5 20 14 7 40 9 5 28 19 14 7 4 28 40 6 18 11 25 44 33 11 15 22 43 28 3 6 32 29 26 18 5 3 71 22 42 0.02 4 
54 315 223 48 17 24 54 78 40 19 25 52 77 55 24 20 47 76 53 23 24 52 74 49 21 18 38 75 46 27 26 51 79 46 25 17 55 82 44 24 23 51 93 52 24 26 54 82 56 20 27 48 84 45 22 23 46 64 56 96 0.08 16 
55 254 104 11 8 19 14 4 4 13 16 10 5 5 9 19 14 3 4 12 15 14 5 5 9 25 13 6 6 10 18 12 4 5 10 27 9 5 5 9 16 11 5 7 8 20 14 8 5 6 14 9 7 3 7 20 11 5 3 22 0.06 12 
56 93 451 19 10 20 17 5 11 13 21 37 20 10 3 13 21 32 7 8 13 39 14 10 3 4 34 35 13 13 10 29 22 4 7 13 10 10 14 10 13 26 27 9 11 28 36 23 10 10 36 39 27 5 5 22 7 22 10 38 0.02 4 
57 269 390 46 20 23 39 80 48 23 25 34 57 38 17 20 50 87 44 28 18 43 100 60 23 22 49 71 39 32 27 39 90 33 16 21 51 85 46 24 20 32 67 53 19 20 51 87 44 20 25 36 84 40 20 22 47 83 35 92 0.03 6 
58 193 139 240 138 103 39 35 67 168 80 28 35 82 169 90 47 47 107 109 77 41 36 62 145 71 48 38 93 128 92 31 47 90 110 65 44 39 67 143 109 33 39 77 147 90 43 40 85 179 81 30 33 68 112 89 24 42 78 320 0.05 10 
59 294 100 78 52 141 100 34 44 71 159 107 34 41 72 98 63 32 41 87 129 91 26 43 101 139 74 35 44 84 198 88 41 29 82 107 93 29 43 88 154 75 29 36 79 165 69 50 46 64 134 83 37 43 82 142 100 39 38 156 0.09 18 
60 240 298 63 15 13 15 54 41 19 16 10 46 15 10 12 14 30 67 44 5 9 23 46 22 19 17 20 10 11 6 17 14 83 26 14 9 9 37 31 16 6 13 27 26 20 4 17 26 15 7 15 20 37 9 10 9 30 35 84 0.03 6 
61 18 68 50 9 24 48 19 14 11 19 46 20 11 13 27 43 22 12 9 23 47 22 11 10 28 39 22 12 15 23 35 21 11 10 30 44 31 12 10 27 46 24 14 10 20 52 29 11 10 28 43 20 11 13 27 47 26 10 75 0.02 4 
62 483 102 183 26 72 100 72 35 25 67 111 58 29 36 71 104 55 25 31 65 90 62 35 26 67 89 56 26 38 57 85 54 27 34 68 117 55 25 26 51 112 56 25 28 71 109 57 34 29 71 113 58 25 30 64 109 57 32 244 0.08 16 
63 160 420 48 12 5 13 24 10 7 8 6 43 12 7 9 20 47 7 5 3 8 24 22 12 5 20 46 21 6 8 9 28 19 5 11 9 23 21 4 9 27 12 17 15 5 7 32 12 11 9 15 29 20 4 8 5 34 19 64 0.05 10 
64 241 318 96 18 30 71 44 13 14 34 44 30 19 18 23 46 26 18 17 45 77 17 20 13 38 41 36 17 15 29 50 43 13 26 23 50 26 17 11 23 66 33 14 16 30 42 23 15 15 30 45 32 17 12 27 61 30 18 128 0.07 14 
65 132 336 252 177 91 50 31 93 131 74 48 48 89 164 89 36 37 75 141 66 35 38 86 137 95 45 36 84 179 75 43 51 90 123 83 37 36 95 122 75 35 35 97 152 78 44 35 80 132 75 34 38 68 168 80 30 40 97 336 0.09 18 
66 362 130 90 49 20 19 10 12 36 33 12 14 33 35 29 25 11 32 50 26 20 11 31 63 23 12 12 28 48 15 18 21 20 52 32 13 7 31 48 33 16 15 33 57 26 16 19 27 61 67 19 17 29 51 35 27 21 18 120 0.06 12 
67 46 491 297 155 92 50 52 87 152 123 54 56 115 202 104 42 46 110 134 106 52 42 108 127 91 54 48 102 142 111 43 42 100 184 120 42 44 123 152 98 52 47 104 130 74 57 42 89 177 107 47 50 110 180 81 43 55 90 396 0.05 10 
68 249 90 171 67 106 53 29 31 60 95 54 22 29 65 95 53 29 29 54 135 77 30 26 67 132 68 17 42 46 117 72 24 33 53 101 63 36 40 65 94 58 30 31 59 73 84 21 31 88 122 47 29 27 47 70 67 29 30 228 0.08 16 
69 491 84 43 43 18 13 27 69 64 21 26 28 78 43 23 20 28 89 39 29 13 36 81 61 22 23 24 45 56 25 28 32 63 30 15 21 38 95 54 24 22 46 73 56 22 18 38 60 52 28 18 38 59 42 14 27 35 55 86 0.04 8 
70 196 417 26 23 13 3 28 46 24 15 14 50 37 36 12 15 24 28 24 15 8 36 35 20 9 10 26 65 44 14 14 21 33 19 8 21 25 41 23 8 8 23 23 21 8 19 31 48 13 19 11 31 74 44 17 7 15 0 52 0.06 12 
71 466 331 22 19 15 15 27 44 19 4 8 17 10 16 21 3 31 33 23 9 13 21 47 32 13 10 33 27 14 8 13 14 48 29 12 4 34 24 22 15 9 8 25 13 12 13 35 35 15 7 17 28 30 14 10 10 21 46 44 0.07 14 
72 206 313 243 146 69 34 40 97 154 70 46 37 82 150 68 38 40 84 144 76 42 40 82 125 65 36 46 70 131 68 38 33 91 151 85 42 36 92 146 79 33 34 72 113 86 43 38 99 144 82 45 36 97 134 93 42 44 75 324 0.07 14 
73 214 389 130 72 40 27 54 127 59 32 39 66 105 68 27 30 50 95 55 34 32 59 107 55 30 27 69 113 49 36 25 73 115 68 16 39 54 96 56 29 33 63 127 68 27 37 54 106 48 31 29 58 106 62 30 32 64 147 195 0.09 18 
74 491 156 162 24 25 68 79 50 30 29 51 115 68 24 32 44 128 93 36 21 54 91 54 24 30 60 93 53 26 34 63 92 57 25 24 59 76 41 31 39 74 95 55 32 26 69 87 48 34 26 44 80 61 24 32 51 98 64 216 0.08 16 
75 125 220 82 45 63 45 25 13 40 63 35 22 20 49 85 40 16 24 39 83 49 17 19 52 79 37 18 27 43 59 51 19 16 41 79 41 18 21 36 34 50 17 22 28 83 46 15 16 46 63 38 17 21 35 66 40 17 21 123 0.02 4 
76 17 407 52 34 33 26 15 12 24 59 16 15 9 33 42 21 9 11 27 25 24 16 10 26 44 20 14 8 27 53 24 17 12 28 41 41 16 11 21 42 14 12 14 25 49 29 9 13 25 30 25 14 16 23 48 23 13 10 78 0.02 4 
77 2 482 130 34 28 52 137 71 26 26 63 94 59 36 35 69 110 78 37 28 60 105 57 37 31 62 120 65 26 28 78 100 67 33 31 62 112 79 36 25 74 87 72 34 35 76 97 76 32 35 69 124 73 34 32 58 116 69 195 0.05 10 
78 155 455 114 48 47 35 16 19 65 54 45 19 19 26 66 45 15 21 38 64 37 13 23 33 75 26 19 23 35 58 29 24 16 37 75 46 16 20 24 63 45 14 16 30 83 31 17 23 46 64 53 17 23 45 51 44 14 18 152 0.05 10 
79 17 169 95 53 49 109 185 92 54 53 98 160 84 54 42 85 156 100 41 48 94 178 86 48 51 79 146 100 50 52 103 190 98 37 55 73 143 105 37 50 92 163 84 48 41 88 155 90 47 46 105 137 76 42 47 81 145 79 190 0.06 12 
80 400 422 200 82 46 41 88 166 89 46 61 83 143 87 58 51 107 185 86 42 46 109 188 102 48 56 104 167 99 46 51 103 165 96 50 39 105 153 112 57 41 96 174 115 43 58 84 141 92 42 40 112 184 116 40 56 113 147 300 0.04 8 
81 196 484 29 16 35 41 37 17 12 38 56 26 20 18 25 44 38 20 18 37 55 22 17 15 20 36 41 9 16 29 68 34 17 18 31 71 30 13 10 24 48 37 9 10 21 60 33 20 16 16 56 20 14 18 30 43 21 8 58 0.08 16 
82 102 410 180 51 99 150 92 51 47 77 156 80 36 40 95 160 79 49 40 87 132 83 39 46 106 160 94 45 41 98 148 95 50 46 85 136 84 38 49 80 125 97 47 51 75 155 90 41 48 99 177 79 47 43 102 141 90 39 270 0.08 16 
83 135 134 54 11 10 26 52 23 13 9 25 52 28 14 13 29 52 27 15 15 24 46 36 18 14 26 41 22 11 11 30 49 29 14 12 24 44 33 13 13 24 44 22 13 12 24 44 22 10 11 31 34 28 16 9 30 50 24 81 0.07 14 
84 220 498 297 106 45 60 116 190 97 52 41 83 178 98 46 58 82 161 113 47 57 85 147 95 58 44 93 196 98 38 55 119 164 94 62 50 90 181 107 56 58 91 147 78 49 53 106 203 91 41 52 94 137 99 42 56 97 190 396 0.05 10 
85 67 241 273 171 75 45 49 99 132 81 47 38 76 149 82 47 49 93 146 70 42 38 92 157 94 49 44 100 151 73 35 50 77 165 102 53 35 93 144 104 47 54 104 132 104 39 43 92 141 100 47 33 106 154 82 44 42 81 364 0.07 14 
86 125 352 86 37 109 149 71 40 38 76 151 71 45 53 85 157 67 34 36 78 127 81 40 44 105 165 114 39 43 81 161 91 37 39 74 108 83 46 38 90 141 105 47 40 74 121 93 34 44 64 157 102 37 44 84 143 101 44 172 0.05 10 
87 309 81 96 105 31 21 25 56 69 56 25 34 50 70 47 20 28 45 97 47 24 26 62 73 47 24 30 45 67 31 19 31 68 93 47 19 27 51 67 50 27 22 49 89 62 33 23 39 106 38 26 23 38 95 62 17 28 56 144 0.02 4 
88 385 229 114 20 29 63 96 50 34 20 50 116 57 22 22 72 116 48 33 22 60 70 52 20 32 47 80 47 30 22 60 116 97 23 22 54 60 60 31 43 64 103 82 34 22 32 84 47 24 25 57 106 56 44 20 56 89 50 171 0.04 8 
89 144 417 111 16 15 41 71 31 18 16 29 61 30 18 19 40 80 28 18 18 33 70 47 17 11 29 54 43 14 17 29 56 41 22 21 34 47 36 20 15 41 71 39 16 15 43 57 39 18 15 40 65 40 17 18 31 71 45 148 0.09 18 
90 161 446 60 25 66 78 57 35 27 61 122 63 30 30 60 115 55 29 35 71 98 46 30 29 63 116 65 23 36 73 122 57 28 30 68 81 59 31 30 41 96 59 34 33 64 117 63 23 27 53 104 71 32 30 75 90 49 30 120 0.09 18 
91 328 121 64 63 27 18 15 36 51 24 29 17 46 61 23 29 16 21 52 18 20 15 16 69 39 19 14 35 65 23 14 14 43 51 32 7 19 20 49 42 14 13 21 69 25 15 20 24 38 27 11 15 54 68 25 13 12 26 96 0.07 14 
92 96 1 198 102 55 48 97 169 104 43 44 111 179 115 55 53 110 187 125 46 54 93 175 104 54 45 104 136 113 54 60 112 178 103 55 56 95 155 90 45 48 91 198 89 44 53 79 193 103 53 42 97 162 97 42 42 85 199 297 0.04 8 
93 199 155 104 44 83 54 24 20 47 78 48 25 24 60 75 49 30 26 59 83 45 24 23 55 100 48 22 29 57 109 51 28 28 47 99 43 25 23 50 92 59 19 25 54 94 50 29 29 62 79 45 24 19 55 106 47 20 30 156 0.09 18 
94 177 1 114 29 49 43 18 21 42 76 26 19 22 45 61 30 23 17 44 76 40 20 16 40 69 39 15 24 35 67 25 20 20 28 86 46 21 20 42 54 26 30 18 51 74 43 22 20 36 63 39 18 17 41 48 24 17 12 152 0.08 16 
95 16 81 88 160 97 45 48 96 181 79 36 47 103 133 101 44 35 83 151 92 39 42 73 132 95 34 44 74 173 102 39 48 83 133 95 39 34 91 151 85 52 47 78 122 88 53 54 92 147 98 34 37 73 130 76 45 38 98 176 0.04 8 
96 114 202 117 13 42 44 49 28 18 45 82 35 13 27 40 60 44 27 9 32 57 36 35 21 47 53 41 16 7 36 58 37 26 28 20 73 31 8 11 51 54 60 17 19 54 74 26 26 14 55 54 31 15 29 41 89 45 24 156 0.04 8 
97 301 36 78 18 22 32 68 51 20 24 43 52 43 22 18 33 57 45 22 16 34 57 35 23 21 41 66 38 18 21 34 71 44 21 26 33 72 46 22 15 38 58 32 22 20 41 58 39 13 23 36 78 33 16 17 48 64 31 117 0.04 8 
98 204 399 27 24 40 25 15 11 28 48 38 9 15 31 37 26 15 10 32 33 17 11 12 24 48 25 8 15 29 45 30 18 13 37 41 41 14 11 21 46 30 14 13 26 42 21 9 12 37 28 19 7 13 19 49 22 10 13 54 0.08 16 
99 483 17 79 43 64 156 69 39 46 87 147 75 35 46 66 127 86 32 47 98 117 83 49 41 95 146 69 37 38 82 147 75 38 38 90 156 63 45 40 71 169 87 36 31 74 131 70 36 50 71 153 82 36 34 68 139 80 43 158 0.05 10 
100 32 323 51 16 6 6 12 31 15 7 7 17 32 16 5 10 20 31 18 9 9 17 23 14 9 8 12 29 19 9 7 22 27 15 9 7 16 31 14 7 8 18 20 11 10 8 15 30 15 8 10 20 16 19 7 10 17 35 68 0.07 14 
101 208 53 90 46 93 37 19 19 48 94 47 18 24 47 76 47 22 18 40 79 44 23 17 35 71 35 24 19 39 73 40 21 20 46 79 46 23 22 41 65 47 20 21 47 70 48 22 23 34 79 42 21 21 43 73 48 22 27 135 0.05 10 
102 7 431 91 47 79 137 89 45 54 90 149 90 38 51 79 191 106 31 46 98 135 86 56 51 85 143 80 36 53 92 170 81 41 34 89 140 85 43 42 103 167 89 41 38 82 171 119 43 50 79 153 104 47 49 94 180 94 57 182 0.04 8 
103 479 255 63 123 64 24 30 64 119 56 28 40 76 115 55 31 41 67 136 43 42 30 60 136 54 29 29 57 110 56 34 35 59 111 52 35 27 71 114 74 23 30 82 74 61 33 34 33 91 55 23 27 44 101 68 25 33 87 126 0.08 16 
104 328 475 105 54 32 15 19 42 36 29 10 22 50 35 29 14 12 25 68 38 8 25 32 70 28 28 15 28 84 42 23 20 40 61 28 28 14 26 47 15 20 14 39 58 35 26 20 51 58 34 14 14 26 64 53 14 11 29 140 0.04 8 
105 70 155 200 75 56 50 92 190 90 58 58 101 158 92 49 64 96 161 95 60 48 107 165 82 62 52 92 164 79 38 53 82 156 93 50 41 76 171 128 56 39 93 195 99 53 50 114 191 116 41 50 110 140 92 52 46 84 139 300 0.07 14 
106 280 484 58 55 92 50 32 25 57 111 56 31 32 58 110 62 25 26 59 91 66 29 31 70 114 49 32 34 43 101 72 29 32 58 96 67 25 29 55 104 48 25 37 47 95 50 26 26 64 94 50 37 36 46 87 45 26 30 116 0.09 18 
107 143 324 162 44 46 71 133 83 37 30 76 127 104 35 44 74 164 77 42 38 67 108 68 32 38 89 125 94 48 43 78 156 77 34 44 68 161 86 47 37 73 119 72 36 40 86 118 93 42 38 83 135 75 33 38 100 132 75 243 0.06 12 
108 181 32 94 58 91 62 27 26 50 81 65 17 31 59 89 51 18 22 47 103 40 20 16 47 62 47 19 21 62 51 36 22 21 38 49 38 22 17 37 79 53 34 30 65 84 50 27 21 36 95 56 30 23 34 63 46 18 16 141 0.08 16 
109 500 269 70 110 82 35 31 76 130 76 32 37 66 102 79 35 34 84 116 75 37 30 71 107 70 32 33 63 121 56 41 32 81 121 56 37 37 85 116 73 28 32 58 97 70 41 36 68 134 78 39 35 60 99 67 42 32 83 140 0.08 16 
110 141 368 72 140 59 38 41 73 138 98 30 40 55 114 92 31 37 63 125 74 44 36 67 119 71 36 32 70 110 77 38 32 72 155 46 34 32 81 113 88 45 46 77 113 79 24 35 79 151 85 25 37 86 125 76 38 32 57 144 0.03 6 
111 277 320 99 54 55 102 155 86 49 47 76 157 97 46 51 128 128 84 36 45 81 163 102 46 65 94 179 118 47 61 108 165 108 58 48 94 194 94 57 38 104 166 120 56 53 92 154 101 43 39 88 170 99 58 41 87 184 103 198 0.07 14 
112 384 189 120 27 33 71 98 74 30 23 49 133 41 23 29 64 106 59 26 18 53 111 56 24 26 42 97 58 20 31 70 119 37 28 22 70 125 58 29 34 73 126 53 38 22 59 122 42 15 28 57 105 67 22 43 47 125 76 180 0.02 4 
113 167 268 54 18 19 56 18 15 13 33 81 31 16 14 24 68 29 13 11 29 37 34 6 16 32 54 21 15 9 29 36 30 14 12 28 32 22 17 20 36 44 18 19 9 33 78 21 23 23 23 51 20 16 11 16 41 32 11 81 0.08 16 
114 103 447 57 48 93 62 35 30 60 111 49 24 26 65 98 49 24 28 67 90 62 32 31 48 97 49 28 28 62 107 65 25 27 52 91 50 22 30 56 78 58 30 26 42 91 52 26 35 56 116 55 24 32 60 111 66 27 32 114 0.09 18 
115 86 346 76 38 19 16 41 68 46 21 16 31 68 35 24 17 41 85 30 19 20 49 51 40 17 14 40 77 42 18 16 42 70 35 25 14 37 55 43 23 19 34 46 45 20 17 35 55 39 20 18 36 61 43 19 15 33 76 114 0.05 10 
116 110 411 180 166 85 55 52 123 156 70 50 46 95 145 90 52 44 97 169 92 39 36 87 138 95 47 51 84 146 107 50 49 85 130 100 50 42 73 164 100 37 43 86 116 95 49 42 92 126 80 44 45 96 136 76 56 54 78 270 0.03 6 
117 318 14 92 47 22 18 58 74 47 29 22 45 89 45 21 25 40 65 40 30 18 58 79 52 21 24 51 61 58 20 23 37 85 43 21 21 40 69 41 19 22 37 73 44 30 29 49 76 43 25 28 52 77 51 18 24 44 67 138 0.05 10 
118 174 343 105 49 67 54 12 17 33 82 40 22 17 30 66 18 12 23 32 63 45 26 15 49 33 38 16 17 34 49 37 21 23 38 76 46 22 17 20 49 40 16 23 41 77 35 13 20 29 55 33 18 19 34 58 47 17 13 140 0.08 16 
119 361 323 130 32 37 64 93 64 49 40 72 125 64 30 32 76 120 53 25 33 60 91 97 34 32 72 103 73 18 39 65 93 52 29 39 85 89 79 31 36 86 110 59 27 30 89 138 60 26 31 37 84 70 24 30 48 125 74 195 0.03 6 
120 407 457 196 103 142 106 55 48 94 188 109 43 41 106 177 122 42 40 102 181 84 44 54 99 139 89 46 52 85 147 94 49 44 114 213 116 56 39 87 195 89 49 50 87 165 95 47 45 113 145 89 46 50 103 154 100 42 47 294 0.03 6 
121 296 474 40 39 53 39 18 19 38 57 39 26 15 33 63 45 23 19 50 64 46 24 20 43 54 40 18 16 52 57 33 27 25 29 63 29 24 17 43 66 42 16 17 39 59 45 20 12 40 64 36 17 24 45 65 39 16 19 80 0.05 10 
122 413 67 128 25 38 95 81 37 34 68 120 53 42 33 61 141 62 33 42 79 88 70 24 31 62 118 59 38 27 60 88 61 32 39 67 125 47 42 39 65 89 51 28 26 52 97 49 42 35 58 101 68 29 33 75 104 74 33 192 0.09 18 
123 79 296 168 51 33 74 137 66 38 33 97 153 71 36 34 65 146 91 48 50 98 159 79 50 49 83 131 88 50 35 105 137 80 46 45 70 127 91 49 48 73 149 96 40 40 97 150 98 47 40 84 122 70 39 35 98 146 87 252 0.08 16 
124 247 17 32 29 22 9 5 19 52 17 7 10 12 15 0 10 6 15 33 17 10 3 13 26 29 11 4 18 24 21 9 10 14 14 1 5 3 17 31 18 5 9 33 30 8 10 10 16 27 23 5 11 9 39 9 6 8 17 48 0.06 12 
125 174 335 158 43 66 163 83 33 36 87 139 108 44 42 67 119 83 36 42 70 147 80 43 42 100 138 90 40 33 77 124 71 45 36 68 118 78 38 39 99 153 82 38 39 86 146 90 39 46 82 119 73 43 38 74 130 78 38 237 0.07 14 
126 103 236 52 96 42 21 21 45 86 45 29 27 42 110 59 27 22 44 97 44 25 29 59 93 48 24 28 56 105 44 24 28 51 102 48 22 25 44 93 59 29 26 57 99 52 31 27 59 76 56 27 25 55 76 42 30 26 43 104 0.05 10 
127 272 97 222 41 66 120 70 41 42 71 148 65 41 36 63 112 86 46 45 74 151 72 37 38 64 117 68 36 40 68 130 70 33 36 88 110 76 41 34 86 107 92 34 40 63 151 76 36 39 88 134 79 32 43 84 138 66 39 296 0.02 4 
128 376 45 82 73 131 84 33 48 91 118 74 34 34 84 130 79 42 41 74 142 81 45 47 73 150 93 37 34 78 133 92 32 34 93 127 100 36 37 93 134 67 36 44 84 135 92 36 33 83 158 93 45 33 88 167 73 35 33 164 0.09 18 
129 319 148 252 167 87 48 42 76 175 72 45 44 84 168 105 31 32 73 136 70 48 47 82 172 87 42 42 64 170 83 39 39 82 120 88 37 45 83 135 83 40 43 91 155 80 34 49 86 122 71 40 47 73 151 97 39 41 71 336 0.03 6 
130 49 55 100 44 47 82 159 102 42 55 114 175 80 44 56 114 170 104 44 43 113 176 104 44 56 112 155 100 58 47 89 209 91 42 50 92 151 85 56 42 103 189 81 56 41 79 175 96 55 49 109 190 101 42 53 111 163 85 200 0.09 18 
131 480 277 16 20 10 11 6 17 31 18 6 9 20 22 9 9 8 10 24 8 10 8 15 31 16 5 9 20 33 12 6 9 18 25 16 11 6 9 35 16 4 7 9 42 14 8 8 17 27 10 8 8 19 30 13 11 9 17 32 0.09 18 
132 117 6 118 30 47 95 62 23 22 55 101 70 29 31 54 116 47 23 36 72 116 79 25 26 64 97 64 29 28 56 105 49 30 32 58 83 59 29 24 70 86 62 31 22 83 119 56 27 35 69 103 69 23 28 70 98 50 26 177 0.09 18 
133 103 143 264 39 88 115 78 45 41 106 161 79 51 40 84 128 95 41 44 90 156 78 37 53 91 129 84 48 47 100 178 89 49 48 104 165 77 48 48 88 171 79 35 49 77 171 84 43 45 73 172 74 36 49 93 165 80 42 352 0.06 12 
134 58 435 162 134 71 35 32 76 185 50 42 36 102 145 105 40 34 63 127 98 41 39 87 145 68 39 33 90 120 76 32 38 76 146 83 39 40 75 112 121 34 45 96 160 95 32 48 75 172 70 38 44 88 99 87 31 41 74 243 0.08 16 
135 70 233 63 22 32 23 9 7 23 31 21 9 12 23 25 15 10 8 23 28 23 8 11 16 32 15 10 7 22 31 22 9 8 25 31 19 10 13 19 40 20 12 9 24 31 20 8 11 27 37 18 8 9 19 39 16 8 7 84 0.05 10 
136 433 66 297 82 51 62 102 143 106 50 41 99 198 84 39 61 85 148 106 42 46 102 139 100 48 54 100 180 92 57 39 107 188 117 39 48 104 175 120 49 57 91 155 124 65 51 132 187 85 44 65 97 142 102 52 44 102 191 396 0.03 6 
137 259 487 258 94 143 74 49 47 87 141 92 44 52 95 121 75 50 40 80 139 90 41 37 81 122 75 35 41 84 141 99 38 42 74 111 81 32 48 88 143 86 46 32 63 114 82 47 50 71 132 104 36 42 80 143 90 36 49 344 0.09 18 
138 25 164 98 22 26 44 60 61 21 27 38 81 54 23 26 41 85 53 27 25 41 85 51 26 22 50 65 41 23 24 49 105 47 27 25 53 79 46 22 23 39 71 41 25 25 57 70 42 27 26 53 90 57 23 19 39 79 46 147 0.03 6 
139 398 463 87 149 80 50 43 77 153 80 49 45 98 114 70 34 34 94 102 72 45 45 87 155 105 50 54 106 125 70 46 33 76 136 74 55 35 110 124 99 50 36 91 143 100 50 38 90 111 63 52 51 103 183 66 35 42 116 174 0.03 6 
140 391 394 28 29 18 9 8 10 23 11 6 6 12 21 11 7 5 14 31 13 6 9 12 26 14 6 11 15 21 14 6 5 12 31 16 7 7 12 17 15 7 8 18 17 14 6 6 17 23 9 9 4 11 22 14 6 7 12 42 0.08 16 
141 406 225 246 68 37 43 87 142 91 39 33 94 151 66 44 37 77 147 93 43 38 81 119 94 46 41 71 150 87 40 45 91 130 74 42 34 90 134 72 40 46 95 157 66 36 36 73 139 87 36 35 89 132 72 37 41 91 130 328 0.04 8 
142 219 54 81 14 31 44 24 14 11 23 42 29 15 13 26 46 23 16 15 30 37 31 13 12 20 48 24 13 13 26 43 24 15 13 25 46 26 13 12 22 37 27 12 12 30 38 35 11 15 24 43 32 12 12 29 41 31 16 108 0.08 16 
143 277 97 58 57 80 53 32 32 52 83 62 30 29 52 82 63 34 34 53 101 51 26 35 55 104 49 30 31 57 90 54 30 25 70 92 63 30 30 62 107 58 23 31 65 92 46 37 25 64 95 65 35 26 67 83 74 25 29 116 0.05 10 
144 198 29 270 32 98 178 88 44 42 86 132 72 39 44 76 158 100 53 41 98 150 69 44 54 81 140 103 38 31 107 161 120 50 50 100 174 99 40 48 111 174 86 46 46 100 154 94 43 37 76 152 116 42 51 115 173 96 42 360 0.04 8 
145 175 0 62 58 25 14 14 26 50 31 14 17 37 54 24 10 18 27 44 31 17 17 25 48 33 12 18 34 55 34 17 18 33 58 30 15 14 39 39 32 15 12 25 60 26 14 14 25 46 27 16 18 26 49 26 17 14 32 93 0.09 18 
146 210 37 154 42 41 67 150 57 40 47 82 111 76 31 32 75 112 85 35 36 82 116 65 36 35 70 134 93 35 39 68 126 82 46 39 58 139 74 29 40 85 88 76 41 43 64 122 58 36 36 73 127 90 46 42 101 111 78 231 0.06 12 
147 153 108 51 64 123 51 20 22 54 83 37 31 29 33 124 57 19 30 31 104 39 25 22 68 91 54 22 19 51 100 62 21 30 38 103 43 34 27 61 63 37 31 22 46 78 50 24 28 53 118 44 20 20 42 85 31 31 33 102 0.05 10 
148 59 490 153 51 27 24 55 62 49 28 18 52 114 47 23 24 73 85 60 37 28 36 88 39 24 27 71 83 52 21 28 43 101 58 19 24 51 73 42 27 28 48 63 65 30 34 56 95 52 20 23 62 84 53 17 20 40 45 204 0.07 14 
149 55 65 130 35 58 110 66 39 38 70 124 66 40 32 70 102 76 38 34 77 132 63 37 28 52 99 61 25 33 59 120 65 37 37 64 106 60 31 36 59 126 80 24 32 71 125 57 26 35 53 107 56 37 27 53 97 51 32 195 0.02 4 
150 270 362 243 38 35 77 153 76 35 40 81 141 85 34 33 66 144 87 48 43 75 122 69 41 41 64 129 75 33 40 70 134 76 41 44 68 118 88 41 40 78 141 82 39 47 82 157 69 44 49 68 143 94 36 44 90 153 88 324 0.08 16 
151 487 350 15 13 25 16 8 11 13 14 21 9 10 19 26 9 6 10 11 38 12 5 2 16 23 8 5 8 3 24 12 8 5 11 19 18 9 3 16 19 17 2 7 11 25 23 5 5 7 19 13 7 5 16 16 22 3 6 30 0.05 10 
152 117 180 68 16 28 69 28 13 16 31 61 38 13 18 40 58 35 14 20 33 48 38 13 17 38 54 36 15 15 32 52 42 15 17 29 59 42 17 14 34 56 37 17 15 37 57 34 18 17 35 59 25 14 13 30 59 39 19 102 0.06 12 
153 37 16 87 16 24 48 33 14 16 34 42 25 13 15 30 39 31 14 12 22 46 30 13 16 28 49 33 16 16 23 49 27 12 12 28 58 26 15 12 23 49 26 12 15 25 58 33 16 11 28 49 28 16 11 29 57 29 14 116 0.03 6 
154 79 384 219 74 104 58 31 46 89 109 63 43 37 61 140 78 26 46 57 89 70 39 31 90 93 77 27 33 69 113 67 30 45 77 129 75 30 46 102 136 88 27 43 61 118 78 35 38 70 114 87 37 39 73 126 70 29 33 292 0.04 8 
155 174 48 126 34 21 23 40 83 41 23 17 40 73 38 19 21 36 59 43 25 21 35 61 41 23 26 36 61 41 20 22 42 76 47 19 23 40 69 38 16 20 41 61 50 17 15 43 79 39 21 22 40 63 46 15 25 35 69 168 0.06 12 
156 408 140 29 49 33 16 15 31 43 28 13 15 31 45 36 14 16 26 47 36 19 13 20 52 24 13 14 29 40 24 12 13 22 71 32 11 18 27 62 42 18 15 23 52 27 10 9 26 59 23 17 11 26 41 35 14 16 26 58 0.03 6 
157 50 143 81 92 148 94 43 34 84 110 89 44 38 92 129 72 48 35 68 128 69 43 46 72 152 99 34 32 75 117 93 39 34 80 124 82 40 43 91 119 89 40 40 78 146 96 34 37 68 146 78 33 37 77 135 75 43 42 162 0.07 14 
158 19 249 159 26 24 56 88 60 24 37 52 97 56 23 25 44 97 65 27 16 49 76 36 29 29 45 99 65 21 22 60 70 52 27 35 62 80 61 21 26 54 81 44 25 23 33 132 47 19 25 61 62 31 24 19 62 72 37 212 0.08 16 
159 486 15 158 49 86 120 81 30 48 81 119 92 34 37 60 116 68 41 38 69 150 74 42 47 69 142 76 45 43 55 142 74 47 36 87 136 78 41 37 75 131 85 49 47 67 151 83 37 37 74 142 75 35 26 97 148 79 41 237 0.02 4 
160 461 37 98 23 24 41 73 52 20 34 36 100 46 30 15 68 80 38 27 29 58 97 48 32 21 43 97 57 30 24 53 70 64 18 25 44 55 49 24 29 54 71 72 33 26 56 80 36 22 21 63 105 42 25 19 39 66 54 147 0.02 4 
161 99 266 48 18 58 82 44 25 20 44 82 53 20 30 42 80 53 17 18 51 89 48 24 21 56 72 40 25 27 55 81 53 20 23 43 52 47 24 31 45 100 37 28 29 42 71 46 31 23 45 72 54 30 22 36 99 32 21 96 0.09 18 
162 157 376 58 16 27 54 29 16 13 25 60 33 13 8 24 46 46 16 12 33 37 22 15 9 31 50 24 13 9 12 55 18 7 15 25 70 29 17 9 29 33 18 14 10 39 68 19 16 9 27 92 25 5 11 27 62 25 10 87 0.02 4 
163 433 362 96 13 21 47 18 17 15 23 61 44 19 22 22 74 37 12 14 47 27 45 22 20 25 63 31 13 15 38 48 36 11 23 33 51 33 15 19 31 65 27 19 12 38 59 44 22 15 32 50 32 14 19 27 44 27 10 128 0.05 10 
164 452 245 120 70 34 23 21 37 85 34 28 18 49 83 34 21 21 42 66 34 20 18 29 71 39 24 20 39 69 31 16 22 42 70 42 22 21 38 68 39 21 19 45 57 29 18 20 40 80 38 14 18 36 82 49 17 22 46 160 0.04 8 
165 71 205 88 18 40 79 40 19 15 42 65 48 12 28 62 69 58 22 17 49 107 47 20 22 40 70 36 23 25 50 59 30 18 25 42 55 38 18 29 36 77 54 22 21 33 75 39 12 24 48 71 44 15 26 53 99 63 20 132 0.08 16 
166 351 72 84 24 53 59 41 20 20 47 49 54 29 27 42 78 30 17 22 38 80 41 19 16 28 87 46 16 24 45 57 32 19 22 36 51 49 16 15 38 53 41 20 19 30 82 46 22 24 54 71 42 14 20 53 79 36 23 126 0.04 8 
167 64 409 162 56 19 29 61 115 51 23 22 62 97 52 15 29 53 93 59 18 32 74 117 48 33 28 51 68 43 23 35 72 62 58 27 31 50 94 62 31 22 55 85 58 30 20 51 102 52 38 25 39 100 45 29 35 59 61 216 0.03 6 
168 468 416 83 32 103 151 81 31 40 67 101 97 49 33 89 130 96 43 43 89 171 97 54 43 84 202 97 54 34 110 143 92 46 44 77 103 107 36 43 70 136 68 41 54 93 118 70 36 42 79 115 83 33 46 88 123 76 54 166 0.06 12 
169 12 136 147 44 28 20 56 69 47 21 33 46 77 61 25 20 47 94 48 17 20 45 120 44 20 24 53 85 37 24 23 55 90 56 26 26 55 87 53 19 25 56 91 47 18 22 51 94 43 26 24 63 89 60 25 25 52 67 196 0.06 12 
170 83 181 288 54 59 91 141 92 51 52 96 145 118 53 40 87 152 105 38 49 102 188 105 52 49 77 184 71 53 55 107 153 106 47 41 99 122 98 54 52 100 170 83 40 53 100 177 76 51 54 99 129 124 43 45 84 185 86 384 0.07 14 
171 282 207 38 24 16 45 46 48 19 23 37 122 29 21 18 37 66 29 13 21 32 32 30 24 21 34 45 41 14 13 32 70 24 15 26 41 65 28 13 11 45 79 30 18 16 39 65 43 15 17 48 44 26 25 17 53 65 49 76 0.04 8 
172 98 103 81 147 73 37 40 71 120 80 40 38 62 130 66 44 38 69 114 71 34 32 90 143 90 43 48 95 155 84 38 42 84 149 68 36 37 84 159 69 37 44 66 130 96 42 40 92 151 84 45 33 79 121 68 47 42 83 162 0.07 14 
173 26 309 66 38 11 17 36 59 22 17 24 45 41 29 18 16 25 73 32 18 20 37 61 33 21 13 21 55 29 29 11 32 53 30 17 16 37 52 34 17 16 17 78 22 19 19 25 48 34 16 19 34 40 24 12 15 29 72 99 0.09 18 
174 437 296 24 6 5 13 31 12 3 5 15 24 10 3 5 11 11 16 10 8 11 23 14 3 6 10 14 1 3 6 11 21 14 4 4 14 17 3 3 3 7 20 9 6 4 15 24 6 7 9 11 24 14 8 4 17 25 18 36 0.07 14 
175 30 21 24 35 11 6 9 20 32 32 10 1 8 12 6 6 3 3 29 3 4 9 8 14 5 7 2 9 24 14 0 7 14 9 21 4 6 8 30 13 0 1 14 16 3 0 3 6 50 13 4 11 18 16 17 9 2 12 36 0.05 10 
176 461 484 97 202 84 50 51 92 162 110 53 54 84 146 82 45 34 105 191 105 44 47 91 173 111 49 59 67 186 99 56 49 85 140 119 50 33 118 198 104 42 43 82 185 77 50 63 100 210 114 49 40 112 172 70 36 48 87 194 0.03 6 
177 436 205 18 9 8 21 31 16 9 10 23 28 21 8 12 15 34 16 6 9 23 28 17 8 11 23 27 20 7 9 12 33 13 10 9 19 28 17 11 8 17 37 22 6 7 19 34 21 8 7 14 26 16 9 7 20 37 20 36 0.03 6 
178 52 81 65 35 74 121 68 27 42 65 105 56 29 25 69 78 58 32 35 70 116 55 33 35 93 130 67 26 37 73 119 59 26 31 38 126 85 29 40 76 103 65 39 29 64 136 61 29 42 59 104 57 26 43 59 88 65 31 130 0.02 4 
179 298 156 10 5 7 8 16 17 10 6 8 0 9 3 2 16 37 14 3 6 9 44 5 3 2 20 25 35 12 2 0 4 13 9 4 10 13 10 7 8 2 13 17 5 2 5 7 10 5 0 19 12 3 5 1 4 21 25 20 0.09 18 
180 30 110 135 86 39 18 20 43 89 42 24 20 31 72 37 21 17 53 70 52 23 21 39 63 37 22 17 37 70 60 18 17 56 90 50 21 28 43 67 44 23 21 48 96 53 26 22 40 105 36 27 19 50 80 36 23 26 36 180 0.05 10 
181 282 360 92 37 67 54 27 15 33 71 37 23 20 33 85 49 21 24 63 70 73 11 19 46 95 27 23 23 37 48 34 27 23 42 93 56 22 22 45 60 49 31 29 49 52 44 19 30 20 62 30 24 27 54 73 50 37 16 138 0.09 18 
182 98 357 19 8 30 27 7 13 11 34 24 4 5 1 17 14 7 9 4 5 9 16 10 16 39 14 7 11 22 53 20 6 8 25 54 9 8 18 32 59 18 8 12 8 51 4 6 4 22 29 16 16 15 20 31 14 12 14 38 0.07 14 
183 44 348 142 43 72 122 69 23 32 67 126 75 41 31 65 114 71 27 39 96 113 49 34 30 72 102 76 31 33 70 95 75 50 33 79 131 76 24 29 75 122 75 27 34 69 130 72 29 35 50 107 76 33 28 74 106 69 34 213 0.05 10 
184 17 65 30 11 10 9 14 24 10 7 8 17 29 18 7 7 13 11 14 6 11 14 30 12 8 6 15 32 15 8 4 12 21 21 10 13 12 19 16 4 7 13 24 11 8 8 8 16 14 3 11 16 31 13 5 8 12 27 45 0.07 14 
185 452 399 62 16 19 40 87 16 24 15 54 67 37 5 14 12 67 36 17 17 36 33 42 7 23 26 35 51 10 10 26 62 38 2 16 30 47 29 19 7 19 65 18 19 20 47 92 44 20 20 42 71 17 30 14 22 51 25 93 0.07 14 
186 301 68 83 107 84 43 43 104 141 95 48 49 74 166 62 42 34 72 128 71 34 42 84 157 90 40 39 86 129 103 39 36 89 161 79 43 37 96 128 78 47 33 74 122 90 44 42 97 146 92 43 44 77 172 73 40 40 79 166 0.03 6 
187 278 96 93 95 157 91 36 51 93 157 109 53 40 116 156 76 47 52 101 148 66 38 52 83 161 91 45 35 92 170 82 39 54 90 147 74 55 49 91 147 85 45 53 88 148 70 53 56 100 147 84 43 58 92 120 121 50 47 186 0.04 8 
188 131 272 154 97 76 52 43 89 162 80 43 34 86 152 64 44 46 76 170 94 41 47 76 124 61 42 29 56 171 69 32 39 67 119 74 39 45 86 117 56 45 40 62 140 62 37 37 82 123 74 34 46 81 159 89 31 41 71 231 0.03 6 
189 483 424 82 23 102 115 88 50 45 72 147 68 31 37 85 135 87 44 40 86 135 95 43 36 80 127 79 40 37 77 143 91 42 42 80 167 80 36 38 76 113 83 41 32 56 140 82 42 53 80 140 70 30 36 65 115 85 36 164 0.02 4 
190 447 362 86 36 74 58 19 21 42 81 39 23 16 37 74 39 25 23 50 60 44 17 19 43 78 34 23 26 41 67 34 18 20 44 81 49 29 17 53 81 40 25 27 40 74 35 19 16 41 65 34 18 25 35 65 44 18 17 129 0.08 16 
191 15 289 38 41 16 9 36 64 36 22 17 29 73 53 22 19 24 70 32 26 21 37 81 47 24 21 37 64 51 30 15 38 75 44 23 22 27 95 13 16 11 38 59 23 18 16 49 69 39 18 14 32 93 46 18 18 37 72 76 0.08 16 
192 133 224 228 128 65 35 42 81 143 84 38 47 70 145 59 39 37 73 115 88 34 33 84 141 74 41 44 67 131 69 39 39 71 112 80 39 37 91 125 84 43 40 75 127 74 37 52 71 144 78 33 30 67 146 66 38 31 79 304 0.03 6 
193 3 467 100 112 182 92 46 57 104 172 86 53 42 111 151 94 42 52 92 166 86 56 54 85 172 113 43 52 102 182 99 55 53 90 179 82 51 44 111 165 116 41 58 95 191 103 58 58 115 148 103 40 60 98 147 108 54 53 200 0.06 12 
194 139 474 132 86 133 74 31 45 53 112 68 41 37 77 91 52 28 36 72 117 52 21 29 53 134 90 36 35 84 94 78 35 32 75 116 74 26 43 70 98 83 27 28 63 140 59 37 38 62 101 66 25 42 49 95 61 33 30 198 0.08 16 
195 317 265 34 13 13 14 18 20 1 1 0 39 1 8 7 31 47 11 10 12 11 16 16 7 1 15 26 16 6 5 29 22 20 7 12 12 18 3 13 16 27 20 23 10 7 18 17 23 8 5 29 0 22 3 8 9 17 10 51 0.05 10 
196 162 17 42 59 48 15 22 30 92 36 15 20 46 62 42 20 22 42 92 46 22 17 47 82 46 20 30 42 56 42 23 17 30 96 33 21 13 36 86 40 17 21 41 82 43 16 20 43 69 41 18 19 35 85 31 15 24 47 84 0.03 6 
197 249 86 14 8 24 2 8 2 5 18 12 10 6 7 15 44 5 3 8 7 28 16 8 7 17 24 16 8 1 0 33 0 1 8 27 35 0 5 6 9 7 37 11 10 14 20 12 2 14 7 6 22 5 3 10 13 4 1 28 0.02 4 
198 7 356 126 16 47 70 56 30 24 49 87 45 24 23 36 73 40 21 27 31 79 31 19 24 35 76 52 16 21 29 67 39 29 19 59 67 48 16 15 48 57 49 19 21 44 78 30 20 22 58 98 59 23 15 51 54 53 22 168 0.03 6 
199 73 256 31 18 6 43 55 39 13 21 18 62 35 14 8 32 64 35 16 13 38 30 21 24 12 31 44 42 17 11 29 37 24 12 19 37 51 19 9 13 31 37 43 8 15 45 49 25 20 25 28 58 48 15 11 32 60 32 62 0.09 18 
200 476 14 243 29 56 116 78 44 44 75 141 85 32 50 82 151 76 40 45 82 130 76 39 40 70 111 100 28 41 89 174 69 39 41 80 128 76 50 34 65 130 85 49 53 65 131 78 44 41 82 158 74 33 43 74 135 86 34 324 0.05 10 
