125 20 10390
0 194 13 20816 15125 15121 15127 15125 15119 15125 15117 15127 15122 15132 15126 15117 15123 15126 15124 15125 15131 15131 15126 15127 0.01
1 327 0 44 5 14 13 19 83 27 13 9 25 45 13 20 10 28 23 29 7 6 14 36 7 12 12 15 64 41 12 12 21 24 9 6 17 23 32 21 11 14 15 13 14 17 12 25 78 22 15 13 27 20 22 7 8 25 41 18 15 13 30 30 23 10 16 20 46 29 8 8 12 42 66 0.07 14 
2 73 403 72 32 59 125 62 37 36 68 124 67 41 30 73 130 72 37 41 72 141 59 37 32 75 100 74 31 31 78 111 69 42 32 62 144 82 31 29 96 123 67 35 40 88 98 74 35 41 70 134 64 35 31 58 131 95 48 38 75 127 58 30 40 68 98 72 45 32 59 113 77 33 144 0.06 12 
3 219 89 158 32 38 101 123 81 34 43 67 153 67 37 36 79 134 71 32 43 91 130 70 33 42 92 150 86 36 46 65 154 78 39 36 96 147 81 43 29 86 108 75 43 41 75 152 67 35 37 74 110 88 40 36 66 108 61 34 36 78 128 66 36 39 76 135 89 40 52 80 160 77 237 0.08 16 
4 84 315 70 15 33 59 44 16 19 27 77 39 24 18 30 59 29 18 16 41 54 40 15 11 32 58 39 18 18 38 51 28 17 14 45 79 34 15 19 44 45 30 16 16 37 60 16 15 14 42 63 26 16 20 44 58 39 22 13 35 63 33 16 12 30 77 36 16 16 27 41 37 20 105 0.08 16 
5 69 22 80 43 20 15 31 99 38 10 25 39 103 31 18 21 27 60 24 13 21 38 53 33 23 18 43 61 33 16 25 11 70 43 17 25 21 78 49 23 24 40 51 41 17 16 67 95 62 24 28 37 63 53 28 12 19 98 40 20 21 34 84 42 10 21 48 64 50 13 14 44 88 120 0.06 12 
6 189 212 174 27 77 176 85 47 50 82 132 89 40 40 71 162 65 42 35 72 153 96 42 34 83 150 85 32 38 90 136 104 51 40 76 121 86 35 43 91 163 101 47 44 106 144 74 31 39 85 160 63 42 42 102 168 87 54 42 122 140 80 39 46 73 125 69 40 34 80 128 97 36 261 0.08 16 
7 112 40 255 71 47 57 87 178 72 32 37 62 165 102 40 53 104 180 84 35 48 83 144 73 45 54 96 139 94 37 39 99 119 77 43 41 105 165 87 45 45 94 117 101 42 45 76 126 69 28 37 88 117 81 37 42 90 131 93 40 50 70 153 86 48 35 85 127 91 36 38 84 159 340 0.04 8 
8 424 328 273 93 166 92 47 43 78 165 76 44 50 77 130 117 52 30 98 135 91 30 42 95 112 78 71 40 82 180 89 56 54 72 177 87 40 35 80 168 83 47 41 116 148 99 44 50 95 185 98 50 42 87 167 67 42 42 75 173 74 51 35 105 154 99 41 45 82 155 75 59 39 364 0.03 6 
9 216 2 150 130 64 37 32 94 111 68 49 45 93 141 67 29 29 62 115 65 40 32 66 159 51 42 45 72 136 94 44 35 54 119 67 41 34 81 172 73 32 42 60 101 83 32 36 67 103 68 38 36 74 155 70 30 33 68 152 79 29 48 85 117 94 44 51 89 106 58 36 39 82 225 0.09 18 
10 300 83 70 52 31 19 20 39 46 29 17 15 27 51 26 16 14 37 66 31 18 21 42 57 37 13 15 29 56 28 20 16 39 67 37 16 21 39 49 29 21 17 35 62 30 15 16 39 70 39 18 15 30 53 41 16 15 31 65 30 17 15 35 68 37 19 18 30 52 38 19 21 33 105 0.05 10 
11 368 431 153 30 62 81 58 26 29 53 78 49 25 28 49 86 45 30 30 46 89 60 25 31 47 89 53 27 23 57 81 43 22 24 38 83 42 27 29 42 71 51 25 24 52 78 63 29 22 60 91 45 21 25 43 82 54 19 20 51 80 46 26 26 62 74 42 27 22 63 90 52 25 204 0.09 18 
12 376 215 153 22 23 59 98 53 24 27 39 88 56 20 25 62 75 50 28 29 45 92 31 18 23 51 97 53 30 29 48 63 52 29 21 58 88 54 23 25 46 117 46 26 22 56 84 51 22 28 50 68 39 30 17 50 106 56 30 22 41 84 44 22 28 57 76 52 31 28 56 98 63 204 0.09 18 
13 273 66 100 38 52 115 164 98 46 50 91 200 103 55 48 83 121 103 54 41 101 208 101 36 42 116 166 100 36 40 116 183 128 48 54 76 145 88 59 59 92 196 97 55 49 89 177 84 40 49 93 127 120 39 48 86 188 67 45 46 91 184 96 44 46 80 198 119 49 56 101 179 112 200 0.08 16 
14 132 230 26 5 16 19 15 8 4 11 23 14 6 9 10 24 14 6 6 15 25 12 9 4 11 24 10 5 5 14 21 20 4 5 14 37 15 5 6 10 14 12 7 8 10 30 10 7 5 16 30 11 5 6 11 21 4 4 12 8 23 14 4 4 11 24 14 5 5 12 13 10 6 39 0.02 4 
15 438 261 33 25 14 5 4 7 18 7 7 2 14 14 9 1 4 8 26 9 6 5 11 24 10 4 5 11 25 12 4 6 8 18 13 6 3 14 11 11 4 6 6 16 8 3 5 10 13 8 6 7 12 21 11 7 4 9 24 12 8 4 5 8 11 5 3 7 21 10 4 3 10 44 0.06 12 
16 288 489 22 14 21 16 7 5 8 22 11 7 3 12 16 7 6 5 14 13 10 3 5 9 10 16 3 4 16 16 11 8 4 12 20 17 1 5 9 25 7 6 3 11 15 4 3 5 11 6 11 6 7 6 23 8 3 5 7 18 9 4 6 14 30 14 8 6 8 18 9 3 5 33 0.03 6 
17 432 58 160 86 33 42 52 111 82 33 40 81 152 77 43 35 70 145 91 37 48 71 128 72 29 38 86 163 103 43 47 71 139 91 36 31 81 127 81 37 28 105 126 80 36 40 81 139 79 29 53 77 141 91 38 29 77 147 89 42 40 91 140 63 44 34 74 163 82 45 40 81 134 240 0.03 6 
18 364 448 126 67 27 36 49 92 68 40 30 84 124 45 44 37 66 129 59 29 29 53 95 75 40 34 55 107 62 36 31 60 119 46 36 37 57 119 68 30 36 86 72 43 25 27 71 111 66 47 28 52 91 61 26 32 51 92 73 29 33 76 74 61 30 31 64 97 81 33 45 57 132 189 0.04 8 
19 436 191 35 44 50 19 13 17 37 69 41 21 10 39 61 38 13 12 33 53 26 17 11 30 49 54 11 17 43 91 43 18 23 52 34 29 17 17 31 49 36 19 13 33 71 31 17 16 39 49 27 21 24 41 72 25 20 22 30 44 26 15 23 29 46 46 15 11 55 44 42 17 22 70 0.08 16 
20 37 472 28 16 14 7 8 15 19 19 6 7 16 31 15 8 6 14 17 11 10 7 13 16 15 5 6 16 26 7 5 8 18 18 10 7 4 16 16 16 6 8 21 20 11 6 7 17 22 18 5 10 14 27 23 6 7 13 30 11 6 4 15 14 12 6 9 16 21 14 9 5 9 42 0.03 6 
21 31 31 152 88 43 29 94 109 82 36 38 79 134 71 43 40 78 119 87 33 40 84 122 68 33 44 71 105 64 44 30 75 140 76 34 33 89 115 85 33 36 79 123 76 35 41 85 108 71 46 43 89 143 84 31 47 94 128 79 40 39 87 122 67 33 46 82 115 61 46 37 86 121 228 0.03 6 
22 265 227 45 3 17 26 11 0 11 19 16 14 8 5 16 4 29 10 7 12 9 13 12 5 11 6 26 10 4 26 45 20 4 0 11 7 17 9 9 29 45 24 6 1 15 45 13 2 11 13 13 26 15 6 13 16 27 1 3 20 27 14 17 6 17 47 24 14 14 28 43 8 6 60 0.09 18 
23 288 266 198 33 41 56 122 62 35 36 83 85 60 26 40 54 147 49 26 36 67 147 54 24 31 65 88 83 31 26 71 109 82 28 35 66 108 65 38 44 70 104 57 32 29 66 106 66 39 33 66 112 58 31 22 70 93 60 34 37 57 130 68 31 30 56 136 91 29 36 86 92 53 264 0.09 18 
24 262 479 34 71 35 21 22 26 55 27 19 13 27 40 35 20 16 27 42 26 20 15 28 57 36 19 17 33 60 38 16 13 30 43 32 18 14 36 81 38 12 25 28 47 33 14 18 30 39 35 13 11 25 51 45 11 13 34 51 37 19 13 38 29 34 14 18 28 73 26 15 22 46 68 0.04 8 
25 57 386 62 38 31 35 16 13 38 56 37 15 13 41 53 25 15 18 32 60 36 18 13 27 59 32 14 23 40 60 34 17 12 26 60 42 10 10 30 56 27 18 12 24 41 35 21 25 29 63 35 18 21 18 28 41 16 11 20 62 29 13 15 36 62 35 17 16 40 63 34 20 15 93 0.08 16 
26 313 24 54 100 57 21 20 53 90 52 23 23 55 69 44 24 23 49 108 62 27 24 55 105 49 30 28 41 86 66 25 26 44 107 62 27 25 55 72 56 23 27 58 77 46 30 21 58 88 47 26 29 52 88 38 23 24 58 99 49 24 29 60 104 49 22 21 60 78 57 26 30 46 108 0.06 12 
27 58 132 61 86 55 28 27 52 99 64 27 34 66 105 74 28 37 64 131 46 25 28 40 107 56 34 21 45 108 66 28 25 54 100 72 32 28 50 87 77 30 27 67 120 58 35 34 62 101 56 30 30 45 87 58 26 31 60 91 59 25 24 56 104 74 24 40 43 102 70 34 32 70 122 0.04 8 
28 128 245 294 38 52 104 177 112 41 52 83 184 94 48 60 106 147 106 50 45 112 175 100 50 61 106 170 77 42 54 109 144 105 57 44 94 146 112 52 42 106 154 99 53 50 110 139 93 50 44 128 208 84 65 44 96 188 123 54 40 124 171 92 50 47 86 151 121 53 40 76 153 120 392 0.02 4 
29 22 360 10 5 7 0 15 19 13 8 8 15 29 30 4 2 18 11 16 9 6 18 11 2 1 2 8 30 3 6 5 11 24 3 6 1 10 10 14 2 9 13 0 11 4 4 1 25 4 1 4 12 13 23 7 1 9 19 6 7 3 11 34 17 10 0 10 22 16 2 3 13 29 20 0.06 12 
30 467 35 35 13 16 33 50 41 17 19 26 61 37 15 15 41 62 28 15 14 37 50 34 22 21 40 53 32 15 19 29 59 27 15 14 39 68 34 14 13 33 50 29 16 22 27 69 37 18 15 38 56 40 17 17 38 57 37 13 19 40 45 35 20 14 41 55 34 16 17 42 62 37 70 0.03 6 
31 345 459 249 99 175 70 30 41 77 111 81 39 32 96 160 71 38 39 81 127 76 42 39 75 149 86 47 40 102 155 112 37 44 97 164 82 46 44 66 117 61 46 43 85 141 71 37 44 72 151 100 51 36 97 169 74 46 53 99 138 86 44 46 63 115 66 61 44 73 151 64 46 39 332 0.06 12 
32 429 303 184 109 42 39 110 157 110 52 53 84 146 90 41 52 78 177 75 43 44 106 185 97 46 54 90 131 96 48 50 102 143 72 46 43 89 167 94 39 49 75 158 105 41 49 104 164 106 53 51 97 152 101 46 50 88 149 96 55 51 81 144 92 42 53 105 171 106 46 41 83 178 276 0.03 6 
33 20 19 240 39 82 145 80 46 40 101 159 75 32 40 86 116 88 32 40 84 136 88 33 36 79 161 79 33 44 79 152 74 38 42 72 159 85 38 41 88 122 91 36 47 70 125 88 37 35 91 148 81 48 38 77 117 76 34 47 84 128 87 33 39 73 141 92 37 45 86 124 94 47 320 0.05 10 
34 376 180 72 25 46 57 29 10 17 42 72 38 19 0 40 61 31 23 28 40 42 20 24 15 35 67 32 14 17 51 93 49 31 22 44 69 31 22 11 39 102 32 29 15 49 47 36 18 23 19 36 31 12 12 25 82 32 17 23 42 65 45 15 11 42 66 31 12 14 45 57 21 13 108 0.04 8 
35 101 9 33 14 5 13 14 28 3 6 0 7 20 5 0 10 22 14 5 0 21 10 0 5 0 7 0 0 3 2 13 22 9 0 0 0 23 14 9 5 26 39 26 6 4 4 5 0 4 10 0 10 17 6 9 17 0 2 7 8 0 17 8 0 4 6 25 7 1 2 9 24 7 44 0.08 16 
36 433 205 297 77 52 56 85 127 92 51 51 89 119 85 46 50 126 153 84 42 42 82 146 90 50 55 112 162 78 61 60 90 186 98 58 46 106 198 139 44 43 112 226 121 52 46 89 157 115 51 48 113 167 113 44 42 100 189 113 47 50 98 147 95 41 57 112 143 107 42 53 114 184 396 0.04 8 
37 232 16 270 76 41 52 72 153 88 40 48 112 139 94 43 38 90 150 100 34 40 88 150 100 36 54 94 142 81 34 44 87 177 88 39 56 93 174 81 33 47 115 152 99 44 42 76 121 94 53 41 104 129 90 48 38 68 135 83 52 38 96 166 89 36 46 69 171 96 41 47 89 155 360 0.03 6 
38 51 382 67 27 33 83 117 64 32 32 81 129 52 22 35 66 136 55 38 35 75 117 63 38 42 71 143 86 31 33 76 112 52 35 34 70 139 59 34 41 85 95 58 27 29 54 113 78 38 36 79 94 76 35 26 90 131 61 39 29 72 116 69 40 25 58 115 53 33 41 70 126 65 134 0.03 6 
39 217 235 24 12 14 21 33 21 19 15 17 25 25 11 7 23 21 22 13 20 21 22 15 9 8 9 74 17 15 2 27 44 18 6 18 42 38 13 11 9 15 67 16 7 13 24 58 17 17 18 28 37 12 9 16 24 32 15 8 8 25 54 24 9 19 24 0 22 7 11 16 21 24 48 0.05 10 
40 419 456 156 93 41 45 85 156 92 43 43 85 102 66 44 41 75 128 85 39 35 69 137 65 33 46 87 115 59 36 43 65 145 85 42 46 73 112 69 43 37 75 107 91 31 37 88 131 91 48 42 86 123 67 44 32 82 135 95 30 45 70 122 99 31 38 59 127 87 41 38 86 162 234 0.03 6 
41 51 238 134 62 29 36 55 125 76 37 28 78 135 55 27 41 53 128 67 34 31 69 134 79 34 27 60 121 78 39 28 78 131 68 36 40 53 104 80 29 30 58 92 62 41 35 83 104 67 38 25 66 88 79 31 28 60 120 72 37 34 54 103 63 40 26 71 117 56 27 36 63 108 201 0.03 6 
42 434 208 267 70 29 31 70 159 60 46 40 98 166 117 38 28 84 182 95 46 53 100 128 69 44 38 70 136 69 38 38 103 149 103 44 35 114 131 66 52 35 74 122 94 37 43 93 159 91 32 53 83 153 89 48 47 96 168 73 41 41 82 129 105 42 44 91 110 91 41 43 89 108 356 0.06 12 
43 464 184 72 51 29 17 9 26 53 14 21 15 40 57 27 9 14 35 92 41 18 6 30 65 28 9 17 56 40 19 10 14 21 51 29 14 21 36 74 35 7 12 37 60 61 9 20 22 57 48 17 13 21 57 28 12 25 47 65 40 10 7 21 68 13 13 10 17 40 46 11 9 38 108 0.03 6 
44 458 173 88 33 77 157 104 55 47 93 138 80 38 39 87 162 79 37 50 95 150 100 53 42 106 170 102 47 36 88 147 93 42 40 72 149 102 42 45 76 156 87 46 41 76 158 70 44 41 96 136 77 44 50 92 168 86 39 46 92 135 94 35 48 84 176 100 46 49 88 151 102 39 176 0.08 16 
45 325 374 25 18 18 12 19 33 19 13 7 16 37 24 13 10 28 37 45 7 13 24 46 21 13 14 20 36 31 12 10 30 41 24 10 9 28 40 13 13 9 19 11 31 9 12 34 39 23 12 12 24 57 31 15 12 29 19 23 13 10 22 34 23 10 13 39 43 25 11 12 26 37 50 0.06 12 
46 370 137 87 16 10 42 49 22 12 13 33 46 31 18 19 26 49 49 18 11 37 70 34 8 16 27 65 27 15 13 23 35 35 12 12 27 33 23 12 17 26 29 54 12 18 39 57 27 12 13 23 45 15 17 14 30 52 35 14 19 19 61 27 13 16 20 43 25 17 10 41 56 25 116 0.03 6 
47 251 7 87 104 141 105 47 49 74 143 85 42 45 89 184 68 44 35 88 165 84 48 50 108 161 104 47 51 80 118 84 44 36 98 107 95 46 41 64 129 94 34 40 93 163 88 50 57 98 149 91 50 33 97 144 80 50 47 76 173 95 33 41 102 141 84 35 42 83 144 91 39 53 174 0.05 10 
48 129 465 33 20 3 6 9 0 22 18 5 3 15 14 12 5 6 4 26 10 0 4 8 12 14 6 7 17 14 4 5 7 11 25 6 2 3 11 11 9 5 2 17 27 17 6 6 9 22 16 8 7 14 13 13 6 10 10 13 0 5 5 17 13 16 6 5 7 6 15 5 3 19 44 0.03 6 
49 353 351 90 47 33 19 18 40 44 28 15 7 32 25 26 17 17 40 54 33 12 14 22 52 44 13 12 25 57 29 20 12 35 33 31 16 16 47 60 41 14 20 28 50 26 17 18 29 44 38 13 16 19 74 25 14 16 33 53 36 14 18 34 45 29 21 16 28 56 32 19 13 30 120 0.08 16 
50 299 260 96 30 59 24 13 13 24 48 26 10 15 35 54 24 16 16 30 55 25 13 19 30 45 21 10 15 44 32 29 15 15 39 71 26 18 14 27 60 32 13 10 36 57 28 15 12 30 63 30 15 13 30 50 28 12 14 30 56 30 20 13 22 48 31 17 14 32 49 19 16 20 128 0.07 14 
51 184 236 258 40 76 118 108 37 41 93 140 90 47 46 88 128 91 50 39 100 158 93 40 44 91 164 98 38 37 81 120 72 40 34 72 168 92 45 33 99 171 106 43 37 97 147 89 37 47 73 171 69 33 55 91 135 97 42 44 91 144 89 40 38 87 155 84 32 40 98 145 108 41 344 0.08 16 
52 191 394 198 102 43 47 80 153 96 44 54 86 173 90 42 48 120 158 100 46 40 92 190 95 51 59 109 148 82 47 43 96 187 88 47 49 100 193 121 51 53 96 145 110 43 45 106 158 98 37 50 116 192 89 46 47 93 136 117 48 45 98 168 90 42 43 102 163 109 56 55 92 196 297 0.04 8 
53 182 173 77 110 87 38 43 86 126 73 41 39 92 119 75 42 48 67 121 79 40 38 83 127 84 30 40 68 91 76 38 32 84 107 58 41 36 72 136 70 35 38 79 151 65 43 47 62 132 76 40 34 70 147 104 31 39 80 162 61 37 46 85 105 80 43 41 100 151 97 42 29 67 154 0.09 18 
54 396 394 93 12 30 53 32 15 15 35 53 32 17 14 33 49 33 15 17 26 45 26 16 13 38 58 26 13 14 36 49 31 14 15 31 50 29 12 13 29 57 30 13 15 27 55 36 13 14 25 47 24 16 13 35 48 30 16 16 32 53 41 14 12 24 61 29 16 16 31 38 33 13 124 0.03 6 
55 238 138 126 137 54 36 30 65 124 60 25 26 53 93 47 30 31 81 81 63 27 29 57 131 48 38 31 49 82 55 28 30 77 105 60 30 29 49 92 81 28 24 62 111 85 28 29 54 92 53 35 27 56 125 52 31 28 54 100 71 25 24 60 91 60 31 27 55 100 66 31 30 51 189 0.05 10 
56 139 449 96 77 38 21 20 54 92 39 29 18 34 74 38 24 23 51 82 53 21 23 43 106 48 22 23 46 76 48 28 28 37 66 45 18 22 50 79 40 28 22 52 92 37 24 21 49 98 58 27 17 40 77 52 21 20 44 71 57 25 19 47 89 38 22 26 43 78 41 19 22 59 144 0.05 10 
57 261 62 264 74 41 50 87 181 104 47 44 65 172 106 45 36 109 163 72 54 44 105 120 93 55 52 100 131 103 53 38 76 136 85 48 43 79 126 98 40 54 75 137 91 41 54 85 137 94 47 50 99 148 78 44 45 86 188 95 41 49 91 166 107 49 39 92 143 88 57 44 91 127 352 0.08 16 
58 103 325 37 40 65 28 17 18 37 63 40 13 20 37 53 34 10 25 42 61 27 12 13 45 54 37 13 20 45 50 37 17 19 35 60 32 18 21 40 71 29 14 19 36 76 27 20 24 30 74 38 17 18 35 68 33 23 18 37 58 34 19 15 25 61 32 15 21 40 33 34 17 20 74 0.09 18 
59 274 242 36 24 13 16 8 9 11 39 0 17 9 16 39 25 11 13 3 39 22 8 1 11 19 22 3 9 19 29 31 12 9 8 41 24 11 8 38 45 13 9 2 19 3 11 5 7 14 29 27 10 11 26 40 17 7 10 17 13 28 11 13 25 32 19 9 7 13 34 30 4 6 54 0.07 14 
60 236 496 102 88 53 25 21 53 86 40 24 23 47 77 60 35 23 45 88 50 27 19 46 88 53 20 22 62 85 61 27 33 53 62 48 25 29 38 88 54 27 31 62 86 45 15 18 54 73 61 34 30 41 76 41 28 26 58 89 45 31 22 46 102 44 34 28 58 78 74 23 26 42 153 0.06 12 
61 19 482 198 91 48 38 89 188 103 42 49 88 137 74 44 48 83 196 88 51 54 107 165 102 44 45 88 171 75 48 39 107 155 111 51 49 122 130 108 37 46 94 151 96 50 41 79 173 112 35 44 109 166 97 44 53 85 176 103 54 44 85 163 110 45 37 84 171 111 41 59 91 131 297 0.06 12 
62 209 109 126 34 21 46 95 58 30 34 49 143 48 27 31 62 128 74 29 28 62 106 49 32 37 77 92 70 31 26 62 114 68 30 33 56 102 75 27 48 48 97 77 31 32 62 143 66 27 31 73 106 78 28 26 54 100 59 35 31 57 112 64 31 25 63 85 66 28 41 50 112 70 189 0.08 16 
63 409 236 65 75 41 30 59 96 53 25 32 59 110 53 31 36 70 122 56 29 39 62 99 54 39 24 68 95 54 41 32 68 130 55 29 27 53 106 73 25 36 53 93 75 30 30 60 118 68 34 29 63 108 75 35 35 60 122 73 26 28 61 113 72 35 34 71 106 52 37 29 62 123 130 0.09 18 
64 328 60 129 44 26 25 43 68 40 14 28 41 79 36 13 25 49 73 51 14 9 37 66 44 31 24 44 91 54 22 15 46 80 47 13 15 50 52 29 29 23 39 82 32 14 23 34 88 35 17 19 53 97 61 26 25 58 69 33 20 15 31 90 53 17 23 55 93 45 25 16 51 90 172 0.04 8 
65 56 317 255 47 97 149 97 43 56 94 136 96 51 44 75 130 81 38 41 82 127 94 32 50 93 133 105 43 45 75 132 92 48 35 75 137 98 44 35 74 123 97 46 35 63 166 77 35 42 83 154 87 50 38 91 138 87 37 37 85 161 72 41 35 75 123 79 34 36 79 132 76 42 340 0.08 16 
66 450 312 132 67 122 71 40 28 53 116 61 40 33 67 116 62 39 33 61 118 63 37 37 65 124 74 29 35 61 121 61 40 28 72 94 70 32 35 76 118 59 30 28 67 109 54 29 29 51 121 62 35 25 65 109 71 34 34 62 104 53 27 30 71 107 60 36 27 57 123 71 28 33 198 0.07 14 
67 301 22 96 27 11 17 31 56 26 15 12 36 48 27 17 19 36 61 32 14 17 31 50 27 18 20 25 54 32 14 18 26 53 28 16 12 27 49 37 16 14 39 53 29 13 17 28 56 29 19 16 33 52 29 16 15 31 59 33 13 19 39 49 32 13 18 31 52 36 17 11 25 48 128 0.08 16 
68 461 390 76 23 24 38 65 41 19 17 32 73 26 24 22 25 45 36 22 20 44 57 37 18 21 44 78 38 27 19 38 35 35 24 18 28 66 41 14 13 39 54 34 17 16 46 57 40 16 22 44 59 26 17 17 46 60 39 14 16 48 69 39 22 24 22 69 28 20 21 28 65 28 114 0.05 10 
69 367 102 48 49 18 20 48 84 38 24 26 40 89 62 21 29 63 71 55 23 18 45 89 37 28 27 47 85 58 26 27 44 79 50 20 28 55 91 51 26 23 61 83 58 19 26 38 82 46 27 19 58 87 54 18 28 45 85 50 25 27 42 87 54 25 17 41 73 39 26 22 63 71 96 0.04 8 
70 482 56 234 30 35 69 146 84 37 46 85 135 85 45 43 70 100 70 43 39 70 147 75 42 32 73 125 89 52 45 68 130 85 37 47 58 112 76 45 39 72 131 90 33 37 77 127 82 35 33 62 177 81 47 39 53 137 78 44 50 67 141 89 40 33 77 125 72 38 46 69 119 91 312 0.03 6 
71 278 313 166 49 46 82 141 76 43 41 96 125 79 44 45 70 142 89 38 42 102 159 91 35 35 85 121 85 44 45 70 144 91 44 38 76 158 70 45 45 72 147 70 43 36 70 135 75 34 42 86 146 87 46 43 86 139 81 36 48 91 151 85 44 39 69 140 68 46 38 70 148 73 249 0.02 4 
72 54 388 67 39 56 120 55 27 35 75 116 76 36 36 71 120 58 32 35 56 118 76 27 33 62 101 60 30 30 70 117 61 32 29 73 98 64 31 39 66 95 66 36 30 81 103 62 28 33 60 109 76 26 36 65 130 79 35 31 60 104 71 32 33 74 122 63 30 35 57 100 54 26 134 0.05 10 
73 473 196 88 56 40 16 17 49 83 37 22 21 26 63 39 36 20 49 63 41 16 26 67 44 37 26 16 36 77 38 29 21 31 89 42 28 24 62 51 56 16 24 48 82 48 29 15 49 102 52 20 25 41 77 35 21 24 49 109 58 16 22 42 70 51 20 17 46 40 49 16 23 56 132 0.09 18 
74 221 54 95 50 39 82 199 86 42 53 104 161 98 42 44 100 162 101 39 56 85 133 87 50 54 99 170 82 38 42 91 171 113 55 40 90 176 72 52 53 82 145 106 47 56 101 175 105 48 43 82 144 117 44 40 94 194 97 47 39 100 154 78 48 42 92 165 104 50 51 94 143 78 190 0.07 14 
75 161 9 180 115 37 26 33 42 114 55 32 27 55 121 37 28 31 50 94 50 34 26 38 90 54 25 28 45 99 73 29 24 53 103 65 30 28 84 68 50 39 28 60 99 59 32 29 63 126 47 39 25 60 78 54 27 26 58 67 58 32 30 50 112 60 33 41 65 98 34 35 36 49 240 0.08 16 
76 479 212 74 28 36 35 20 16 38 66 38 19 15 32 65 26 14 17 44 53 34 16 15 46 92 42 16 16 34 65 46 18 20 47 68 49 18 23 25 88 31 14 22 40 54 46 19 20 24 70 33 19 17 41 51 33 19 15 34 46 38 21 22 34 49 33 20 16 45 50 40 16 15 111 0.03 6 
77 406 50 122 46 28 31 65 68 44 28 45 73 65 34 22 30 62 119 79 36 28 93 100 57 30 24 44 103 59 41 30 64 124 87 38 23 85 133 60 30 22 56 128 51 27 27 64 112 57 32 23 71 115 48 32 32 62 101 52 24 24 65 134 47 30 19 74 100 73 33 26 65 85 183 0.09 18 
78 219 5 62 28 26 17 16 20 49 34 17 20 27 67 25 17 17 26 58 23 17 23 33 39 19 15 9 37 21 34 13 11 32 39 31 13 12 31 59 27 17 18 39 15 30 8 14 38 30 38 13 19 26 40 31 18 13 21 45 35 16 17 37 68 25 14 6 40 30 32 13 16 41 93 0.06 12 
79 335 489 20 5 10 32 21 16 12 9 7 36 20 10 12 24 41 19 8 18 3 21 24 9 0 20 46 18 5 12 22 16 15 7 7 18 66 23 8 14 25 26 18 14 3 16 44 16 11 11 20 31 22 12 3 16 31 11 11 19 15 31 18 19 6 24 42 36 8 12 18 32 14 40 0.02 4 
80 358 117 142 67 40 27 75 126 60 39 30 70 138 74 38 33 54 124 63 31 26 64 110 67 39 28 75 95 88 42 28 63 106 73 36 39 65 96 74 37 35 79 156 77 30 42 69 109 79 29 36 54 153 66 47 35 75 110 88 34 39 64 110 86 38 40 87 103 51 34 29 56 120 213 0.03 6 
81 165 371 11 13 8 8 6 14 20 6 5 5 11 18 11 6 3 9 15 14 6 4 11 21 12 4 6 12 25 11 3 2 11 18 7 6 6 9 13 11 7 6 10 15 13 3 5 5 15 11 6 3 10 17 14 7 5 11 13 12 5 4 10 24 12 5 5 11 20 12 3 4 9 22 0.09 18 
82 114 379 26 11 9 7 4 48 24 8 6 12 33 2 1 3 13 25 5 4 3 9 26 13 4 7 12 14 16 5 8 18 20 9 3 7 12 45 11 4 6 15 27 16 12 14 15 10 10 9 13 19 29 23 0 9 13 40 18 9 7 14 33 6 7 8 7 18 11 12 6 21 33 39 0.04 8 
83 310 217 196 112 176 96 52 47 87 158 87 42 49 79 144 84 41 59 69 113 104 52 52 126 156 92 45 56 99 165 88 55 50 125 182 115 50 42 86 160 83 58 44 87 192 96 44 58 92 166 88 54 51 101 133 114 57 41 99 138 98 50 51 100 173 117 44 40 111 168 117 51 52 294 0.07 14 
84 150 142 42 45 72 54 15 26 30 114 33 16 10 39 66 26 21 14 46 66 28 20 26 41 66 55 24 21 45 61 37 31 19 44 101 61 26 25 42 44 39 14 25 38 71 34 12 20 34 80 31 18 20 29 63 45 19 20 49 72 21 35 27 23 77 59 17 20 40 76 23 28 17 84 0.05 10 
85 376 115 81 46 40 81 88 113 44 46 80 176 74 34 49 72 121 84 42 49 81 164 90 50 30 81 123 74 46 38 89 101 95 31 46 69 154 100 37 43 67 130 70 42 41 71 148 79 36 34 102 138 67 34 31 62 126 87 39 41 117 139 57 36 46 110 94 80 42 32 80 153 84 162 0.05 10 
86 379 433 54 53 19 22 49 77 62 29 34 58 103 58 22 30 47 94 61 29 28 50 116 54 26 24 47 80 55 30 30 43 79 43 24 25 54 84 62 22 24 56 100 66 26 30 46 101 59 23 25 43 101 59 29 22 40 111 62 27 30 40 96 57 29 23 72 115 46 23 28 44 83 108 0.08 16 
87 249 42 300 49 92 179 84 48 47 116 155 90 46 40 101 163 118 48 50 114 168 117 56 44 113 176 81 52 47 114 194 106 42 50 116 171 92 51 45 111 190 107 58 44 117 143 109 57 53 86 177 119 40 45 114 154 85 50 50 98 170 101 51 58 83 166 108 59 58 111 164 101 58 400 0.09 18 
88 207 234 25 10 13 25 41 27 12 13 29 48 27 15 11 24 40 24 9 12 28 46 24 13 13 20 49 26 13 13 28 36 25 10 12 26 38 28 10 9 25 37 25 12 15 32 42 21 16 10 21 32 23 13 15 25 37 24 14 16 30 35 21 14 11 22 41 23 13 12 30 44 20 50 0.02 4 
89 452 455 148 77 128 57 37 32 83 124 65 34 37 77 144 63 43 41 55 139 68 44 41 87 115 80 45 34 79 98 76 38 33 88 121 56 30 32 58 129 78 33 33 75 121 88 42 32 70 105 82 34 40 94 124 92 41 38 61 124 60 32 34 68 140 86 41 29 80 112 77 40 31 222 0.08 16 
90 205 446 90 12 13 29 49 32 14 14 28 49 27 11 17 34 44 27 16 17 35 56 31 14 14 25 55 29 13 16 30 42 35 14 12 30 51 33 13 12 22 56 25 15 17 28 48 26 11 14 35 41 29 15 20 33 56 27 11 16 23 41 24 18 12 30 61 35 17 14 31 50 26 120 0.05 10 
91 402 264 67 28 30 79 120 66 39 37 47 110 65 29 36 61 119 68 25 30 67 111 71 38 36 71 109 95 36 36 65 135 56 39 28 74 110 57 40 43 84 123 57 30 34 76 107 67 39 37 68 112 67 34 38 50 119 61 34 39 73 101 69 34 30 54 91 60 38 29 71 113 71 134 0.06 12 
92 45 321 85 75 36 45 81 119 90 47 48 64 160 84 35 32 80 150 81 41 32 77 146 92 37 35 62 132 94 37 39 100 150 87 45 31 109 112 71 35 42 86 156 89 52 38 76 152 101 53 42 89 165 75 41 46 95 155 74 42 42 80 130 85 45 40 97 158 72 52 38 105 130 170 0.03 6 
93 310 299 96 42 45 99 171 106 45 42 112 172 92 42 52 118 142 81 38 41 92 169 99 40 43 81 159 104 52 52 106 155 91 39 56 77 137 90 43 43 110 141 90 49 42 110 190 93 49 47 102 185 113 56 52 108 154 108 44 44 108 185 77 46 41 111 158 93 40 40 112 149 103 192 0.08 16 
94 72 244 80 44 105 126 88 31 38 99 132 96 37 38 67 140 73 38 48 63 116 81 38 39 81 120 61 47 27 62 94 75 43 32 94 107 74 27 35 87 129 75 39 38 74 122 91 49 32 88 123 79 56 36 59 127 64 46 55 83 103 80 43 34 92 161 60 32 33 68 115 70 27 160 0.07 14 
95 385 56 168 29 33 53 85 47 22 30 45 88 52 21 33 42 89 64 36 30 41 101 44 31 20 61 114 51 20 28 44 112 48 30 26 51 86 41 28 26 51 107 49 27 29 59 89 63 28 25 48 109 49 25 23 56 89 56 26 23 67 76 52 28 24 47 91 55 28 28 69 87 48 224 0.03 6 
96 91 467 126 68 126 53 26 34 62 107 54 32 31 54 112 62 26 31 60 125 74 34 27 61 105 68 35 29 56 101 60 30 28 68 124 63 37 28 62 100 70 25 29 69 98 58 28 36 57 89 71 37 31 51 108 57 39 30 75 114 61 25 27 54 97 57 25 25 79 98 60 31 31 189 0.09 18 
97 12 382 40 39 57 40 21 18 23 63 43 14 19 33 76 38 20 26 29 94 43 25 16 29 96 30 19 17 44 93 38 17 14 36 90 40 21 18 34 57 40 19 19 53 54 52 19 27 38 70 29 16 17 40 78 44 32 24 55 69 24 16 22 32 42 52 17 19 27 64 38 26 12 80 0.05 10 
98 305 246 188 70 49 41 98 191 80 51 51 97 172 116 35 48 86 166 90 41 41 105 154 97 54 39 103 172 101 39 60 74 189 107 39 55 109 153 95 35 57 85 167 108 42 40 81 160 78 50 55 91 149 88 47 47 104 157 74 33 49 106 172 106 50 45 81 170 80 35 43 91 132 282 0.02 4 
99 113 401 165 33 29 70 101 56 28 17 59 78 56 34 28 61 79 35 29 28 62 88 59 34 32 72 105 59 30 24 51 96 41 27 32 62 97 82 19 25 51 70 46 23 22 68 108 51 28 25 62 100 55 28 30 46 124 56 26 30 48 100 52 29 15 48 87 62 33 40 70 85 36 220 0.05 10 
100 338 485 78 13 30 98 57 9 12 53 72 28 24 16 39 112 56 7 19 29 66 18 6 19 37 76 35 15 22 50 56 46 27 14 27 94 34 11 17 43 56 39 13 13 31 62 39 28 14 34 67 36 24 25 20 71 25 16 16 38 51 33 24 22 28 74 31 27 14 46 70 37 17 117 0.06 12 
101 140 384 188 94 38 35 99 160 98 38 54 104 162 79 36 49 79 141 97 51 36 102 170 77 56 45 68 168 97 44 40 90 174 74 48 42 79 201 87 47 35 90 145 125 35 63 82 179 84 50 59 93 171 86 58 39 88 151 98 64 57 110 171 93 39 45 92 196 98 39 40 93 155 282 0.06 12 
102 381 34 50 52 87 52 25 24 53 79 44 29 23 57 95 54 27 20 59 85 46 22 24 52 81 50 29 21 49 82 47 23 21 55 104 55 28 20 59 97 58 23 21 49 76 39 23 28 44 98 58 21 25 48 89 49 21 23 45 92 43 26 20 46 85 52 26 22 44 93 45 27 20 100 0.06 12 
103 471 395 48 15 5 8 14 33 8 5 7 15 32 7 9 8 14 35 19 7 6 14 22 19 8 3 23 34 12 7 7 28 29 17 5 6 19 35 14 6 3 15 24 14 6 6 16 28 14 9 12 20 36 11 8 7 14 13 14 8 8 14 27 16 9 4 19 32 20 8 11 12 34 64 0.05 10 
104 458 334 20 12 10 20 29 12 10 9 13 36 20 10 8 20 38 19 10 12 20 24 18 10 14 11 31 16 8 9 18 33 13 13 7 20 38 23 11 9 15 36 13 8 7 20 34 21 11 10 14 38 16 8 10 16 40 20 8 7 21 38 19 13 11 26 37 18 11 12 20 44 19 40 0.04 8 
105 193 432 172 37 39 100 138 83 37 41 73 174 72 42 43 74 147 83 44 57 108 136 76 48 37 81 133 71 36 35 78 126 96 35 45 82 116 99 53 37 92 170 79 40 50 94 156 88 42 39 78 150 73 36 46 99 128 83 43 36 103 134 82 37 35 88 176 71 46 39 116 128 81 258 0.04 8 
106 158 342 102 46 39 33 21 15 52 49 45 17 12 31 65 32 17 17 31 47 35 14 14 33 60 42 18 18 35 82 36 18 16 27 49 30 15 17 50 66 37 20 12 61 60 27 16 18 25 36 38 12 12 46 60 32 17 9 44 70 38 12 15 26 22 49 20 21 44 57 40 17 14 136 0.02 4 
107 455 416 18 29 41 2 4 12 28 45 23 8 13 23 15 32 3 5 25 28 2 3 10 0 25 12 10 9 8 50 8 3 5 13 31 25 0 13 23 9 24 10 9 21 12 29 5 9 12 29 11 6 4 23 0 15 9 5 22 24 11 2 1 16 53 9 13 7 9 46 17 9 9 36 0.09 18 
108 27 103 110 115 46 20 34 49 118 54 22 20 71 71 43 30 24 44 81 40 17 28 58 80 51 32 28 68 97 59 26 29 55 82 60 21 21 62 104 65 25 30 57 72 49 26 31 43 89 56 26 28 54 112 49 30 33 52 109 49 28 26 55 57 70 27 34 38 96 47 35 21 52 165 0.05 10 
109 162 281 279 92 54 45 104 181 92 42 47 80 167 85 46 52 95 181 76 41 50 112 152 92 57 41 95 181 76 40 41 99 139 93 38 46 77 145 76 49 54 89 143 108 44 41 78 181 82 49 49 75 173 105 42 43 107 185 77 55 42 83 133 85 48 47 96 165 103 49 39 103 179 372 0.09 18 
110 461 77 117 31 56 38 20 18 42 67 37 20 19 32 56 43 24 23 45 65 38 19 19 41 54 31 16 21 28 57 40 21 21 34 69 38 20 20 42 73 33 24 16 33 76 43 16 17 42 73 44 18 20 38 67 32 16 17 43 61 40 14 16 35 68 48 18 21 35 69 41 23 23 156 0.07 14 
111 439 318 11 15 22 4 4 3 2 18 13 4 4 11 6 14 0 1 2 18 16 4 11 8 25 4 2 10 10 31 13 8 5 14 28 8 2 4 8 33 15 2 4 13 29 9 3 1 11 21 12 3 7 5 1 11 4 4 13 27 0 5 3 7 18 8 7 6 6 15 15 7 6 22 0.09 18 
112 191 426 117 49 13 22 26 67 42 19 12 18 35 22 20 5 22 45 40 19 16 31 53 54 22 21 33 65 47 15 9 37 79 34 17 15 43 73 31 30 12 47 58 42 17 23 40 61 42 14 25 52 67 28 30 11 47 57 44 16 7 41 62 18 30 22 23 102 47 27 21 34 47 156 0.02 4 
113 470 34 51 28 13 9 13 16 24 14 5 6 23 23 16 13 10 18 37 5 5 8 27 30 12 11 9 24 21 14 5 9 24 15 19 7 10 8 15 19 9 7 14 17 13 7 12 20 21 16 9 6 27 43 20 5 8 19 13 28 10 9 13 31 24 7 6 19 33 12 15 6 17 68 0.02 4 
114 439 98 108 67 25 25 58 111 55 23 18 54 81 52 36 21 50 131 44 32 28 66 110 97 23 25 50 111 51 22 18 40 78 53 34 21 59 65 47 28 23 53 122 63 24 24 89 140 55 25 34 93 107 31 18 14 30 60 48 17 22 43 72 55 24 33 45 69 61 26 33 61 86 162 0.03 6 
115 124 278 183 31 72 114 69 35 24 79 110 55 29 34 51 131 66 32 33 78 103 67 31 40 67 94 54 26 33 62 125 66 34 27 55 100 59 38 27 49 126 51 27 32 63 97 79 34 24 64 88 74 30 35 48 78 45 41 35 69 93 46 29 33 65 93 42 28 40 62 115 51 28 244 0.09 18 
116 303 333 33 3 20 23 10 4 4 7 15 15 7 4 11 19 11 4 2 10 18 6 4 7 12 26 7 5 4 6 21 10 4 7 10 16 8 6 7 12 29 9 5 7 9 31 5 7 7 11 16 16 3 3 9 11 9 8 4 14 22 14 2 6 9 34 10 5 6 10 14 9 6 44 0.03 6 
117 278 42 12 4 6 8 13 45 15 0 5 17 25 23 6 3 0 15 29 11 5 25 9 0 4 6 18 37 16 0 8 7 6 6 4 5 10 37 4 3 9 8 16 5 1 7 12 28 26 8 0 17 22 9 0 2 15 0 9 9 4 12 10 0 2 3 19 13 8 0 8 10 21 24 0.09 18 
118 198 52 82 69 45 34 93 169 67 45 39 84 115 98 43 46 76 134 101 51 34 93 134 79 41 45 66 120 98 34 37 70 160 79 33 42 86 136 65 34 38 64 137 83 40 43 84 136 56 43 45 57 114 75 47 37 67 133 79 47 47 78 124 97 36 38 69 153 77 45 46 111 162 164 0.03 6 
119 352 195 84 43 72 169 97 33 40 75 165 77 44 39 107 170 67 34 32 82 139 91 35 43 85 135 73 38 44 97 129 99 38 38 84 170 112 32 39 65 115 80 48 49 80 174 89 47 47 81 177 78 40 42 106 140 109 47 38 90 119 81 41 33 85 154 87 36 47 77 121 88 37 168 0.06 12 
120 358 112 63 64 29 34 75 121 53 28 33 66 96 47 33 25 71 100 52 35 36 57 123 54 26 36 68 102 73 31 31 69 83 58 33 24 63 107 59 30 28 60 97 55 26 35 51 131 62 30 24 50 129 65 37 33 64 116 64 28 33 66 139 70 36 33 72 95 53 33 29 75 98 126 0.07 14 
121 358 345 94 17 22 63 67 44 27 19 35 118 37 17 17 56 70 42 29 27 38 91 38 21 26 48 79 46 29 27 43 73 37 31 25 54 86 49 28 17 48 61 56 16 22 47 50 44 20 27 47 103 39 28 14 27 92 41 18 28 48 92 49 21 29 60 72 48 23 26 31 95 54 141 0.04 8 
122 382 499 66 37 51 112 82 33 32 71 98 73 31 32 59 86 87 38 26 57 109 74 36 40 82 93 55 32 29 49 139 73 31 32 86 148 86 47 38 83 88 69 23 23 53 91 56 25 31 61 128 49 26 31 53 146 63 44 34 76 79 81 28 32 57 87 92 33 28 61 92 53 41 132 0.02 4 
123 76 77 148 41 41 78 138 76 34 42 68 115 84 55 34 64 135 75 35 42 61 113 69 36 31 88 90 63 33 41 78 121 80 31 29 73 130 95 37 28 79 128 80 27 36 63 118 52 47 35 95 138 67 31 46 78 118 84 26 44 86 112 57 55 31 65 123 81 27 37 93 161 64 222 0.08 16 
124 318 439 166 94 30 40 73 147 76 46 31 70 115 91 46 30 83 183 76 39 43 81 164 78 37 46 78 133 68 49 47 72 130 86 39 36 87 136 98 34 40 84 166 83 35 42 70 129 78 44 38 94 147 80 45 37 75 121 62 43 39 112 131 75 46 37 73 188 68 39 46 72 126 249 0.04 8 
125 185 307 141 32 70 46 30 25 41 62 42 23 21 56 72 44 25 23 56 95 56 20 22 51 84 36 21 20 44 87 51 29 23 39 63 43 29 22 38 77 44 26 18 47 79 49 30 26 46 82 52 27 27 37 95 55 26 23 52 76 58 29 30 59 65 46 27 27 48 95 38 22 15 188 0.04 8 
