150 10 12922
0 195 212 25799 19636 19656 19646 19665 19653 19648 19653 19631 19658 19659 0.01
1 14 405 85 70 144 75 52 35 70 140 83 40 45 67 146 69 34 42 80 128 99 48 52 86 136 83 49 47 67 144 100 47 43 76 136 87 40 36 72 169 85 43 35 83 120 79 42 50 83 120 71 40 33 70 107 98 35 33 75 157 79 40 42 170 0.03 6 
2 249 189 100 37 27 28 45 80 64 21 21 58 87 45 28 20 60 81 51 24 29 58 75 41 21 23 57 68 47 29 21 48 75 55 24 18 50 81 51 21 25 56 99 52 28 22 40 100 60 25 21 48 99 38 21 21 51 72 45 25 27 47 71 150 0.05 10 
3 119 309 90 27 23 42 81 54 24 23 50 72 32 17 18 47 91 37 23 23 39 83 46 22 18 42 79 39 23 22 42 85 39 19 19 48 79 41 25 21 53 57 34 31 22 56 73 43 18 24 46 83 49 27 26 36 88 51 22 18 50 60 49 135 0.07 14 
4 22 245 69 31 26 65 113 55 33 27 66 102 52 39 32 85 107 55 33 39 79 121 59 31 29 61 135 78 29 35 68 136 65 26 42 96 131 80 30 30 51 140 71 30 27 56 133 60 36 26 59 130 74 35 26 51 100 58 37 37 71 128 61 138 0.09 18 
5 360 8 117 39 16 14 36 47 29 12 16 20 80 40 11 35 32 61 57 13 16 28 74 39 18 26 35 71 35 14 13 39 42 34 25 24 54 51 41 21 11 44 92 40 9 24 25 66 18 18 18 35 47 46 18 25 43 15 59 20 20 40 64 156 0.05 10 
6 341 199 25 29 15 10 10 42 44 29 13 6 26 47 23 11 6 29 41 27 13 17 26 46 27 16 13 22 35 10 14 13 30 44 19 11 13 23 52 18 10 12 16 74 23 14 11 24 62 23 7 8 28 49 24 10 3 23 52 28 11 10 19 50 0.08 16 
7 295 398 84 35 102 127 70 36 36 78 136 101 48 36 66 131 79 39 47 81 153 96 51 42 73 140 95 52 40 72 145 75 38 36 98 145 91 34 49 90 168 96 36 35 68 143 92 40 43 94 125 97 46 40 71 119 87 43 45 76 147 92 45 168 0.04 8 
8 90 375 124 83 65 33 26 71 109 60 31 32 67 96 60 35 25 70 119 54 37 31 62 123 47 33 27 71 99 56 31 28 58 116 70 35 35 70 97 52 31 32 62 111 73 28 28 57 116 62 32 36 58 111 54 26 32 68 91 72 27 35 53 186 0.04 8 
9 468 278 39 10 37 0 13 4 5 26 13 0 1 27 2 2 5 9 37 20 7 3 7 0 19 8 0 4 21 25 30 7 14 19 15 19 3 11 14 2 15 4 12 31 51 27 6 10 0 27 30 6 5 2 13 10 8 10 14 19 9 5 5 52 0.09 18 
10 357 40 93 106 142 81 48 48 104 158 86 55 37 90 170 89 52 45 90 179 78 43 37 95 168 105 50 45 86 159 74 50 44 75 149 86 48 54 75 137 80 44 37 84 186 75 48 50 82 171 86 56 44 105 171 82 36 41 75 155 111 50 51 186 0.03 6 
11 273 119 80 28 62 35 15 23 35 68 43 19 26 37 69 38 14 21 44 82 32 30 22 27 66 35 18 20 30 69 57 24 20 31 64 45 15 17 15 94 21 22 12 37 83 31 24 25 52 80 63 18 21 41 57 28 26 14 43 36 30 22 28 120 0.02 4 
12 94 424 26 27 14 11 27 38 24 3 14 17 71 42 20 18 59 30 27 23 15 10 85 14 8 7 20 26 30 15 15 25 52 23 13 13 18 24 42 12 15 19 63 34 9 14 26 50 22 14 14 50 35 32 18 7 34 73 23 14 6 24 34 52 0.09 18 
13 425 219 44 32 17 26 63 74 38 17 22 53 44 45 22 13 49 84 56 21 15 44 70 46 13 18 36 85 44 21 18 41 109 32 16 26 50 37 28 22 21 37 82 39 20 18 61 71 39 23 23 31 73 34 26 22 47 88 32 20 18 40 59 88 0.07 14 
14 308 490 142 77 140 58 38 31 63 115 62 29 40 69 96 65 34 48 77 95 55 32 36 73 113 73 40 27 52 128 56 41 28 72 157 82 36 33 85 127 80 43 28 65 165 49 36 41 65 136 78 27 30 72 133 61 27 42 77 137 78 31 40 213 0.04 8 
15 388 147 84 37 85 127 85 39 49 93 159 75 48 34 81 148 88 35 31 89 119 72 37 31 100 142 88 42 35 79 129 82 50 37 82 134 94 43 33 81 161 98 50 48 96 127 73 34 40 71 164 69 37 48 61 161 84 36 46 81 155 83 36 168 0.03 6 
16 94 19 201 123 64 29 26 72 102 76 35 35 70 102 71 35 36 60 159 74 27 32 66 114 83 32 31 53 122 78 31 34 75 113 75 36 26 75 129 92 29 26 58 123 62 32 35 69 91 77 32 40 87 125 59 31 36 82 104 72 32 33 68 268 0.06 12 
17 86 415 79 35 39 68 121 79 42 44 62 108 92 31 44 95 152 61 42 48 67 151 84 34 42 84 137 86 41 44 88 117 96 40 34 79 154 69 37 33 94 139 83 39 34 81 126 82 44 44 68 129 82 31 45 69 138 88 33 45 76 156 98 158 0.06 12 
18 3 305 93 10 28 64 33 19 12 36 62 25 15 15 58 66 25 10 12 48 36 26 19 12 25 50 37 8 5 23 47 41 13 11 33 38 23 9 9 29 60 45 18 19 23 60 26 15 14 30 49 32 13 16 26 40 22 13 12 33 28 15 20 124 0.02 4 
19 156 109 180 62 97 55 31 24 63 61 62 37 34 55 115 61 36 25 54 78 47 25 21 46 87 55 32 35 54 105 55 32 32 56 101 45 27 31 50 123 90 27 28 68 131 64 23 21 54 66 72 34 31 46 98 53 27 30 70 107 75 25 35 240 0.05 10 
20 387 200 69 29 36 78 100 66 26 40 81 113 75 29 28 65 96 77 28 27 70 122 94 33 28 68 122 60 39 32 65 130 55 31 44 70 100 60 31 30 61 106 65 38 38 61 106 56 39 39 72 139 73 38 35 69 93 61 31 32 67 95 67 138 0.02 4 
21 363 209 300 93 50 40 87 190 93 57 39 95 162 88 44 57 87 180 117 45 59 107 145 113 55 59 116 181 99 54 51 92 146 115 39 51 90 169 79 58 60 97 158 85 51 42 103 166 90 49 48 95 204 107 41 39 83 152 83 49 49 85 162 400 0.06 12 
22 355 203 291 48 49 111 228 88 43 53 97 172 103 40 51 109 138 80 55 56 106 174 110 42 48 109 170 90 48 61 110 176 95 50 33 91 158 107 52 44 107 201 117 42 59 90 161 74 51 38 94 156 111 58 42 97 163 113 34 51 81 148 94 388 0.08 16 
23 418 299 44 25 14 8 9 30 33 8 11 10 43 18 9 8 25 27 20 8 5 27 33 35 10 11 39 56 18 10 17 24 29 21 4 8 21 45 35 13 8 33 27 22 6 8 22 55 23 16 15 22 27 26 6 5 8 48 13 6 8 25 32 66 0.05 10 
24 493 291 288 103 49 53 126 203 118 51 53 87 121 83 34 58 83 152 96 49 41 101 160 73 38 57 88 129 102 48 50 95 158 103 41 50 95 165 94 48 31 85 139 82 49 45 109 208 82 53 58 109 180 75 47 61 87 151 89 39 45 104 186 384 0.03 6 
25 453 349 81 84 39 39 67 138 70 45 40 73 134 78 41 33 77 139 63 41 38 75 114 89 37 32 90 149 74 42 46 79 140 77 39 48 83 161 80 43 36 95 171 63 41 44 68 147 74 38 36 74 122 89 43 38 88 130 87 43 48 100 144 162 0.05 10 
26 63 430 98 147 118 40 46 108 176 102 41 49 94 153 87 45 43 116 182 118 55 61 97 171 84 52 53 115 162 102 41 53 90 188 116 55 48 104 150 114 53 44 107 158 95 38 49 89 148 85 54 52 78 187 86 40 58 92 184 92 51 52 90 196 0.02 4 
27 390 420 141 35 75 84 45 30 19 40 60 39 27 28 58 86 52 24 16 29 86 62 16 19 47 85 48 25 21 64 78 57 27 26 37 92 59 29 23 55 59 61 23 20 49 78 41 18 22 50 97 61 22 17 64 67 43 19 28 48 83 61 23 188 0.03 6 
28 1 323 126 17 25 50 81 39 17 17 46 70 38 18 24 38 81 38 19 18 43 58 41 19 23 39 71 35 19 18 43 80 43 23 17 43 82 40 21 23 39 59 33 22 22 40 62 33 20 20 38 85 42 24 22 36 62 40 16 27 43 67 37 168 0.03 6 
29 121 432 190 169 91 49 48 103 180 81 42 46 68 149 110 62 38 70 154 89 53 59 88 153 78 52 40 77 180 108 57 55 105 144 98 52 52 103 167 90 34 56 118 138 115 39 60 70 154 80 45 39 104 166 79 41 54 111 169 114 51 55 90 285 0.09 18 
30 133 197 123 48 18 18 29 59 56 24 10 37 71 32 17 24 27 91 51 23 19 31 46 33 18 18 19 51 32 27 18 38 82 48 16 25 31 60 46 28 18 49 70 40 14 21 51 65 54 15 20 54 105 49 18 23 43 58 37 19 16 31 65 164 0.09 18 
31 323 384 64 35 35 61 136 54 33 26 46 110 57 36 36 81 119 55 30 23 67 109 62 35 33 72 97 54 36 35 65 110 64 26 30 51 98 71 30 25 57 81 58 24 29 56 123 66 36 33 62 104 68 33 34 58 107 76 35 39 54 126 59 128 0.08 16 
32 108 312 22 11 54 29 11 13 14 38 5 14 8 12 14 23 9 22 21 51 17 11 6 20 28 17 14 19 32 51 16 7 17 21 40 34 5 14 34 20 26 3 14 21 24 14 11 8 16 35 11 10 7 37 50 15 8 12 30 32 23 10 13 44 0.07 14 
33 379 14 40 14 29 29 10 12 20 29 29 6 9 20 37 7 11 6 30 9 25 8 5 10 24 22 6 7 24 44 13 21 9 12 52 16 11 8 14 12 16 5 9 8 49 19 9 11 12 27 25 5 3 10 16 8 9 17 14 23 23 5 11 60 0.07 14 
34 116 314 82 67 118 94 47 40 77 115 71 39 40 88 169 79 39 38 83 104 77 46 35 78 151 102 45 36 105 119 74 34 43 65 136 96 46 36 81 145 67 48 44 70 104 69 36 35 104 125 80 38 36 97 116 70 32 41 80 142 76 30 29 164 0.09 18 
35 402 177 57 54 24 36 54 96 54 21 25 61 111 49 23 28 48 88 53 27 30 53 104 44 27 30 52 74 63 22 26 68 107 74 19 30 37 138 54 28 36 56 88 59 24 22 48 94 60 27 28 66 100 50 30 26 59 85 59 30 23 46 100 114 0.02 4 
36 220 439 60 12 9 12 44 23 12 8 20 45 11 11 13 13 35 17 9 9 17 39 21 9 11 18 33 22 8 9 23 45 12 7 12 12 44 23 12 10 14 35 16 10 8 17 43 22 9 10 20 41 12 9 11 18 35 16 9 13 20 46 24 80 0.04 8 
37 0 388 210 86 39 30 65 125 79 39 27 81 127 64 31 30 55 136 76 36 31 56 111 57 33 39 77 138 76 31 34 79 126 82 31 39 75 105 66 33 29 73 155 90 39 25 63 101 88 33 38 72 116 90 34 31 60 123 84 39 42 55 105 280 0.09 18 
38 236 187 57 66 26 28 51 84 74 35 46 53 148 66 35 40 65 90 50 24 11 57 136 69 42 41 78 94 52 36 39 60 135 64 22 26 52 100 33 38 23 55 75 44 29 33 52 130 39 27 38 66 98 34 22 22 80 92 51 30 34 50 119 114 0.09 18 
39 277 67 20 11 11 0 3 6 18 25 15 2 6 12 15 4 1 4 14 6 16 2 1 3 9 20 5 3 6 11 6 2 1 9 22 9 3 2 11 11 0 5 8 6 11 4 6 1 10 13 4 2 6 2 15 12 4 4 16 10 6 2 4 30 0.05 10 
40 334 241 104 18 43 85 47 33 25 46 109 56 24 25 37 77 61 32 23 56 69 44 29 22 44 111 41 29 26 67 80 68 28 27 54 87 41 22 23 54 74 53 26 27 51 90 58 22 27 34 97 61 24 28 57 75 40 24 22 44 85 61 35 156 0.08 16 
41 269 421 176 42 83 170 82 46 51 91 143 77 45 41 84 153 95 41 43 96 162 83 47 47 99 149 77 45 38 96 159 94 42 38 75 169 86 49 48 90 167 71 37 38 76 180 73 38 48 86 166 92 43 51 93 155 83 35 38 108 164 75 43 264 0.05 10 
42 178 36 88 48 21 26 35 74 47 26 33 40 99 38 20 25 39 54 62 20 17 44 69 38 19 26 42 99 44 30 25 40 73 42 28 24 51 88 50 21 17 36 79 40 23 16 54 83 46 20 16 45 64 42 18 17 41 72 32 14 25 46 98 132 0.04 8 
43 280 335 132 37 58 112 78 31 32 64 99 79 28 37 57 90 62 40 37 72 116 61 38 30 76 126 56 35 33 61 90 53 27 31 56 113 67 29 28 62 116 73 36 34 76 112 57 27 28 53 124 63 39 28 64 100 71 37 27 69 94 59 31 198 0.09 18 
44 481 441 102 71 58 22 26 45 79 48 26 30 46 92 58 21 22 51 77 40 28 22 49 95 47 26 25 52 93 46 20 27 42 87 46 23 26 50 100 55 29 21 52 84 46 26 27 46 79 52 23 29 48 74 55 28 27 49 107 58 18 28 46 153 0.02 4 
45 58 271 174 27 18 67 95 70 24 23 70 128 72 23 33 72 102 48 34 28 77 86 61 29 36 57 123 63 27 23 50 99 69 36 31 74 105 59 31 31 66 92 36 24 22 37 62 74 36 26 46 108 69 19 27 70 103 79 36 33 56 103 45 232 0.04 8 
46 239 235 120 25 29 96 114 52 33 21 59 87 54 34 30 49 121 53 32 36 65 66 50 38 42 73 87 67 25 31 39 78 59 27 30 50 118 46 30 26 77 104 59 22 18 49 122 51 22 24 51 91 59 25 29 56 85 64 28 22 53 121 64 180 0.06 12 
47 491 288 80 168 77 42 39 66 105 84 37 36 66 125 76 48 42 84 128 70 40 33 73 154 64 34 44 69 138 86 51 33 82 101 56 34 43 90 153 95 43 47 72 100 65 45 29 83 112 71 46 31 75 134 89 43 34 69 167 74 39 42 99 160 0.09 18 
48 468 44 168 78 69 23 22 68 82 66 34 25 68 109 63 20 32 51 79 60 27 33 38 93 73 29 34 49 89 54 30 26 66 75 43 21 34 51 87 36 20 28 46 99 61 34 23 51 119 46 24 28 66 73 53 22 23 66 81 57 37 30 43 224 0.03 6 
49 268 178 54 12 38 10 8 10 26 30 18 10 12 19 40 15 12 12 16 47 14 12 12 19 28 22 9 10 17 35 22 9 9 25 24 15 9 12 17 33 17 10 9 17 25 22 11 4 20 29 22 8 9 23 35 28 6 10 12 30 29 10 9 72 0.08 16 
50 284 151 94 90 41 49 79 174 117 44 38 73 151 82 54 35 93 163 100 44 49 117 169 84 43 36 98 143 80 42 57 84 167 87 45 46 111 144 77 52 51 79 167 98 41 44 77 178 122 46 57 96 160 117 53 43 103 163 116 52 52 91 187 188 0.09 18 
51 179 291 234 35 44 85 108 91 30 36 78 130 93 41 32 93 121 70 40 29 83 134 77 40 38 97 145 69 41 42 93 138 72 41 32 83 166 67 49 36 69 129 78 33 45 98 162 77 35 42 73 124 65 44 44 77 124 96 38 39 60 155 70 312 0.09 18 
52 493 264 72 39 39 76 101 82 39 32 61 116 77 31 30 61 119 79 42 38 79 103 64 40 39 77 149 55 30 34 61 117 67 31 32 57 106 87 35 41 67 133 62 40 42 79 136 71 37 38 73 109 67 40 42 67 128 75 37 42 72 103 78 144 0.04 8 
53 213 279 276 106 157 80 47 52 77 176 76 54 43 106 150 75 37 41 80 143 112 45 45 81 142 101 42 46 76 146 75 42 46 88 178 94 53 43 91 171 78 48 54 92 143 99 38 46 88 145 88 42 49 89 164 108 41 53 98 130 82 48 48 368 0.03 6 
54 387 249 57 10 17 26 19 9 7 22 25 21 9 7 14 30 20 8 10 15 33 19 7 11 19 34 23 12 9 15 34 20 10 6 25 35 18 11 10 21 32 18 9 8 20 34 15 11 10 15 43 18 9 12 14 30 19 8 7 18 29 16 8 76 0.05 10 
55 472 412 39 7 8 24 19 5 5 4 26 11 9 7 3 26 8 5 7 9 28 18 1 12 7 23 19 2 6 13 32 6 7 5 10 31 10 3 7 20 28 24 1 0 4 22 14 11 5 16 37 13 1 2 17 15 22 13 4 7 28 10 6 52 0.04 8 
56 424 290 40 6 18 28 11 15 22 27 42 7 8 35 49 36 0 11 19 34 24 21 3 18 42 33 11 6 26 46 17 12 6 16 59 20 9 6 14 28 27 11 6 14 41 13 13 6 25 32 30 7 8 15 62 28 11 22 34 31 21 2 0 60 0.04 8 
57 280 496 210 39 43 77 129 65 38 32 79 115 86 39 34 66 123 63 29 36 76 122 60 39 35 58 130 55 38 38 77 118 60 34 33 69 102 82 31 35 71 115 63 37 39 59 132 57 34 36 72 130 69 40 36 54 118 72 40 36 55 120 86 280 0.08 16 
58 361 131 108 22 20 28 61 53 22 11 18 58 45 25 20 39 54 34 18 13 31 82 50 22 10 24 80 29 9 13 36 77 46 13 19 10 44 33 19 13 37 51 30 23 16 36 60 28 28 15 30 69 47 21 12 41 57 39 17 10 25 72 43 144 0.05 10 
59 77 488 129 38 80 40 29 19 31 55 46 21 18 41 81 42 19 18 56 71 48 20 26 34 64 51 24 18 46 49 44 17 23 50 63 49 23 18 40 84 37 21 26 38 70 35 27 24 58 81 42 22 16 47 64 35 20 18 50 76 46 27 23 172 0.07 14 
60 297 80 72 29 74 39 10 16 38 43 34 15 17 35 60 24 13 20 29 59 41 18 21 34 46 39 12 16 28 55 38 22 15 21 53 43 17 16 35 64 43 15 18 36 62 36 14 13 34 53 42 20 18 30 68 52 17 20 28 70 28 14 13 108 0.04 8 
61 472 232 63 25 31 70 97 65 33 30 65 108 49 28 27 55 103 56 28 30 73 130 58 28 27 66 135 53 40 31 70 115 75 34 31 66 93 57 26 30 59 103 56 32 25 57 117 78 30 31 75 122 57 37 30 67 118 60 36 27 65 94 74 126 0.04 8 
62 109 291 92 148 76 43 43 105 162 98 54 36 78 151 114 50 44 73 148 106 39 54 87 161 86 43 41 98 187 83 47 44 71 123 93 44 49 84 157 89 48 48 76 135 105 42 44 72 199 87 43 44 93 201 84 48 40 109 146 84 39 54 96 184 0.05 10 
63 458 346 261 40 92 173 94 36 45 105 152 84 39 46 86 146 102 39 41 83 130 96 38 49 72 120 103 41 36 97 162 98 39 52 83 169 66 37 47 92 171 75 37 53 81 141 91 43 51 99 131 83 41 48 89 124 91 55 37 82 128 79 38 348 0.02 4 
64 454 10 297 46 54 118 187 77 44 46 108 181 80 50 59 107 162 105 52 52 90 156 90 38 57 95 149 92 51 55 116 136 120 59 47 98 140 101 58 49 89 157 112 48 51 82 163 90 39 50 80 138 85 44 54 76 173 92 43 59 87 162 88 396 0.05 10 
65 261 19 57 56 85 53 32 21 49 88 53 19 35 59 115 47 28 27 38 100 51 38 21 59 123 48 39 28 44 91 71 28 29 64 91 36 29 29 52 70 74 22 25 46 90 51 33 21 62 111 66 28 31 43 111 66 34 22 57 89 40 29 21 114 0.05 10 
66 27 499 63 25 68 119 61 32 37 61 117 67 29 27 59 91 52 29 37 73 92 50 36 28 65 111 56 31 33 57 113 69 29 27 72 102 66 29 37 77 119 76 38 24 59 93 70 34 35 67 107 70 29 31 73 111 67 25 24 67 98 54 31 126 0.09 18 
67 207 218 58 26 32 34 16 9 22 52 30 19 13 39 46 34 20 6 36 49 35 16 16 18 44 20 14 12 32 50 35 14 23 38 48 19 22 10 33 31 22 18 9 25 34 32 11 24 28 45 27 6 18 42 110 46 12 11 23 33 33 18 12 87 0.06 12 
68 319 5 98 195 95 36 56 107 154 128 44 50 89 187 107 43 47 84 132 107 49 54 113 124 123 57 47 76 207 91 42 39 82 163 112 54 37 124 180 103 55 64 95 186 108 50 35 93 153 106 40 51 79 130 94 56 39 108 149 92 41 49 88 196 0.02 4 
69 123 452 285 42 48 80 214 78 49 43 83 135 101 56 38 104 166 90 57 40 89 230 104 56 53 94 147 80 51 49 83 133 113 50 53 86 214 117 36 50 85 170 109 48 48 111 141 89 60 57 77 151 85 53 54 102 149 68 44 53 98 188 98 380 0.03 6 
70 29 421 158 132 90 35 46 69 111 92 45 44 79 151 70 39 32 81 131 64 44 31 89 146 66 42 45 73 115 67 43 45 95 145 85 48 36 78 109 81 39 44 91 148 95 43 36 86 127 72 38 41 78 147 74 34 41 66 149 89 41 34 79 237 0.04 8 
71 408 296 102 15 15 40 68 19 16 16 31 75 26 13 17 22 32 44 18 9 24 72 36 27 13 31 42 18 14 11 30 55 47 14 10 38 65 40 19 30 38 55 36 18 11 25 46 35 8 15 39 75 33 8 13 40 85 26 17 7 36 61 39 136 0.07 14 
72 67 29 24 10 15 17 15 8 10 24 39 24 9 7 20 25 28 1 0 23 62 17 9 9 19 83 17 9 15 44 48 28 13 14 21 48 49 6 13 21 42 38 4 13 19 66 30 17 22 3 58 26 7 14 32 39 41 16 10 32 16 59 15 48 0.03 6 
73 452 357 44 48 12 19 59 73 40 22 21 47 66 56 17 22 30 72 70 26 25 41 86 42 14 26 41 66 33 20 26 33 58 40 27 14 32 73 53 20 19 48 60 43 23 24 56 107 35 23 24 44 77 46 13 22 61 115 42 16 21 46 95 88 0.05 10 
74 308 12 94 88 157 79 49 52 97 136 116 56 49 93 136 92 51 42 96 188 84 52 49 73 140 113 56 39 91 121 92 52 39 97 149 104 55 39 96 162 105 40 56 74 187 101 60 45 86 166 111 48 53 92 191 89 39 50 80 141 95 42 42 188 0.06 12 
75 20 498 24 8 29 49 25 12 11 12 23 12 11 13 28 26 44 15 13 26 52 26 6 9 27 27 23 6 12 14 28 35 9 12 23 33 20 9 12 30 33 16 13 5 26 46 25 12 13 20 52 29 8 9 29 28 20 12 12 11 49 26 11 48 0.09 18 
76 328 251 36 21 38 5 5 20 41 32 5 11 26 7 25 9 5 5 27 13 9 6 15 28 10 7 17 19 43 20 12 20 18 40 30 3 3 12 31 5 15 7 15 40 0 11 11 1 8 8 11 8 22 51 26 9 9 1 30 26 6 11 17 54 0.07 14 
77 116 301 108 29 53 41 20 19 34 79 47 15 10 21 70 56 18 15 27 73 27 25 26 47 94 38 22 20 22 79 36 12 9 43 49 45 22 14 30 43 26 25 12 49 51 31 23 18 14 76 23 20 11 31 67 36 14 16 44 49 22 16 11 144 0.05 10 
78 33 85 172 54 35 95 135 100 37 35 77 138 88 50 42 99 157 87 34 39 80 109 88 40 44 50 143 88 34 37 87 130 88 37 37 81 141 120 49 42 90 157 107 46 47 87 151 84 40 32 106 118 96 48 36 99 147 82 34 47 77 179 113 258 0.07 14 
79 444 113 82 42 91 161 76 42 42 97 165 85 38 40 85 142 66 39 44 103 138 93 40 39 100 139 89 45 41 97 128 59 46 44 101 167 81 40 35 92 144 96 39 44 74 136 87 39 34 89 120 72 50 50 88 130 86 47 54 95 124 76 38 164 0.06 12 
80 115 143 104 36 36 56 96 53 35 26 34 95 46 22 23 46 89 48 26 31 60 79 69 21 28 43 79 52 30 18 38 99 56 22 25 40 107 56 28 21 57 80 42 26 22 55 111 51 33 27 66 97 49 24 26 52 78 58 19 21 55 63 55 156 0.09 18 
81 151 451 84 60 17 24 31 67 45 22 12 35 77 44 26 17 33 89 40 17 19 54 67 41 14 17 29 68 38 20 19 28 95 30 17 23 28 77 41 19 34 48 49 28 21 26 54 53 30 22 29 46 64 44 12 20 42 75 29 25 23 54 93 126 0.08 16 
82 165 494 80 93 42 20 11 46 71 41 19 21 32 67 39 18 18 45 55 39 15 20 34 61 41 35 16 37 57 38 16 24 35 53 46 20 23 63 50 43 15 20 21 76 49 17 17 28 51 53 14 20 52 52 46 22 12 49 54 46 16 28 50 120 0.05 10 
83 495 413 86 88 49 14 15 41 70 30 18 20 41 57 39 23 29 42 60 48 21 23 41 65 37 21 22 49 61 49 23 22 41 51 45 22 18 50 73 43 26 26 40 78 36 24 17 43 53 47 19 23 46 81 44 17 17 36 62 43 16 20 43 129 0.05 10 
84 408 408 108 33 22 16 31 70 29 21 21 35 55 31 21 20 30 73 30 22 11 37 63 31 21 16 35 49 36 15 18 43 53 42 21 16 32 53 41 13 19 46 63 40 18 13 34 62 42 19 16 36 64 31 17 18 34 58 34 17 18 30 69 144 0.07 14 
85 293 233 182 129 92 37 42 82 158 90 46 34 74 155 80 53 59 81 150 109 57 57 77 164 107 57 51 83 174 110 49 42 77 178 103 55 39 78 161 100 37 42 98 135 97 48 45 80 185 74 47 50 94 170 91 39 51 99 158 87 41 38 90 273 0.05 10 
86 217 261 258 41 70 133 82 37 46 95 172 83 37 43 95 133 94 35 49 81 146 88 40 46 90 148 73 35 47 68 140 75 42 44 72 159 83 45 35 88 129 84 32 40 91 137 90 40 36 97 138 88 38 48 101 123 101 48 43 78 158 84 50 344 0.04 8 
87 112 449 105 48 47 20 15 12 29 69 54 15 22 38 96 31 24 11 17 56 44 14 24 36 52 16 19 14 29 73 35 8 18 48 54 19 17 18 24 36 24 18 18 44 73 18 15 14 36 87 32 10 11 30 42 37 13 18 26 51 31 10 24 140 0.05 10 
88 261 226 195 34 60 95 68 32 36 56 95 74 28 36 52 112 69 31 34 61 97 72 40 35 56 114 63 27 34 69 120 60 35 29 57 117 58 28 25 67 117 56 32 32 71 121 63 35 25 58 114 78 28 40 56 128 60 27 35 68 123 50 31 260 0.07 14 
89 428 383 118 38 54 120 84 31 33 59 104 63 32 32 55 123 47 36 26 62 121 62 30 37 47 118 56 29 19 72 118 59 45 37 75 81 45 30 26 58 105 62 33 28 64 107 55 27 25 68 72 56 33 26 54 117 54 42 28 40 102 51 27 177 0.05 10 
90 158 220 28 53 14 11 13 24 62 33 11 20 26 30 20 12 17 29 76 30 7 17 30 36 30 10 12 23 39 28 13 18 32 44 20 11 12 41 44 11 12 17 36 57 23 23 7 27 63 35 20 17 28 24 15 16 21 27 40 50 9 15 48 56 0.04 8 
91 452 352 87 11 15 23 50 36 11 16 37 43 26 14 17 30 58 33 14 14 40 44 23 9 12 34 45 33 18 14 26 52 24 13 15 31 43 31 13 13 24 60 22 15 14 30 64 26 18 18 29 48 25 13 17 29 55 18 13 12 16 52 23 116 0.08 16 
92 491 171 75 41 69 136 72 35 36 80 105 74 31 26 52 95 56 43 29 63 113 76 52 29 96 143 61 38 44 80 129 63 35 37 87 102 68 42 38 59 120 79 45 48 73 145 60 43 32 66 118 62 33 46 78 131 79 31 36 58 157 87 32 150 0.06 12 
93 312 253 178 83 44 42 75 121 74 42 44 97 159 86 48 50 87 129 90 44 50 79 125 83 48 50 79 139 106 49 42 72 173 98 56 43 83 179 92 39 46 102 160 89 37 46 88 147 82 46 51 90 174 82 45 45 81 145 105 49 49 86 176 267 0.08 16 
94 138 283 56 45 31 30 33 77 40 32 21 42 135 54 25 28 86 91 71 23 32 50 72 53 21 21 48 96 71 18 28 49 90 63 19 26 51 80 43 23 36 59 100 55 22 33 46 96 68 26 21 56 90 65 29 35 70 81 83 24 27 74 53 112 0.09 18 
95 383 441 24 7 29 50 22 13 8 24 79 27 11 8 16 50 19 5 8 30 33 25 12 8 29 40 6 8 11 12 18 9 11 20 21 49 9 11 17 30 51 16 7 3 25 36 22 10 9 12 25 18 12 12 19 41 16 11 11 11 41 25 8 48 0.03 6 
96 422 142 195 54 115 78 30 26 63 88 73 39 38 64 125 70 39 31 76 143 75 25 34 55 100 83 33 29 57 114 76 32 32 65 121 54 35 34 73 107 69 43 32 58 102 79 24 30 55 87 75 35 33 82 113 81 20 25 61 116 79 37 28 260 0.09 18 
97 398 26 14 19 13 6 7 6 26 15 11 1 12 47 11 4 0 18 19 14 6 8 8 30 8 8 2 11 34 10 12 6 12 11 12 7 5 23 31 16 6 8 14 14 12 3 7 11 0 8 3 12 9 22 21 6 1 22 21 15 4 7 12 28 0.07 14 
98 389 405 132 21 56 85 38 14 21 51 67 56 25 21 38 93 56 25 20 42 80 36 25 22 32 96 52 16 25 65 64 42 19 25 46 86 29 26 14 38 86 48 29 26 41 85 36 17 17 35 58 39 20 30 30 90 35 24 23 36 64 57 23 176 0.08 16 
99 134 468 74 70 139 75 39 36 73 100 69 39 29 85 136 60 46 30 88 134 91 38 46 67 135 78 28 35 64 144 77 29 28 68 117 70 48 32 80 109 56 42 35 68 115 83 46 32 88 134 65 32 33 66 125 86 36 35 70 96 61 38 47 148 0.05 10 
100 128 336 228 76 32 32 87 152 62 40 31 83 109 78 42 39 66 112 62 30 39 77 112 75 31 31 70 104 82 35 38 72 124 71 35 31 67 125 85 31 39 64 119 88 43 34 80 108 86 41 42 75 114 76 43 32 69 122 85 41 30 58 121 304 0.06 12 
101 388 352 234 31 45 89 123 69 47 38 79 111 79 42 43 76 175 77 40 36 70 126 75 41 44 61 120 98 36 43 76 142 99 35 40 74 157 76 30 29 66 163 69 37 41 55 112 68 32 40 90 143 87 39 34 71 128 68 45 34 80 186 79 312 0.02 4 
102 201 193 180 51 93 52 28 37 62 85 66 33 26 61 103 51 26 30 62 89 73 25 32 70 97 48 34 33 76 93 49 29 30 55 97 76 25 38 58 104 48 23 23 56 96 47 24 26 67 118 60 33 29 71 112 53 37 29 80 109 66 35 33 240 0.03 6 
103 344 327 24 5 5 8 18 5 5 13 20 18 8 6 9 32 20 8 9 11 15 16 4 9 12 17 7 7 7 12 31 16 2 6 12 22 5 5 2 7 9 5 1 7 8 30 9 9 6 13 24 1 3 1 15 31 8 5 6 13 11 5 2 36 0.03 6 
104 464 385 261 107 48 31 107 153 77 46 37 85 121 87 51 30 71 138 86 37 37 99 111 91 38 44 119 150 92 51 34 73 155 92 50 50 102 134 92 34 36 126 142 75 43 45 93 172 91 35 42 78 152 82 39 37 95 160 100 43 41 72 165 348 0.07 14 
105 110 72 291 54 88 167 104 50 48 92 165 87 47 41 93 148 91 45 51 108 146 77 44 49 88 193 114 43 45 89 149 95 43 42 100 164 77 48 51 87 165 81 45 53 96 146 109 54 40 96 143 99 38 40 88 136 118 39 49 81 191 97 47 388 0.09 18 
106 259 320 176 84 157 80 51 42 108 137 95 52 49 102 129 82 43 44 98 137 87 34 48 86 134 89 45 46 95 156 88 51 45 93 136 85 45 37 91 145 69 44 42 97 155 78 53 43 81 138 88 46 35 87 173 106 55 39 82 169 68 51 37 264 0.07 14 
107 209 158 90 149 80 37 46 96 144 68 45 49 98 148 104 42 46 99 167 81 48 57 89 169 103 50 42 94 154 110 46 41 104 134 90 46 41 99 158 100 50 49 81 156 77 39 44 104 150 71 44 44 109 139 110 39 56 79 142 103 39 58 76 180 0.03 6 
108 402 166 190 171 111 41 55 105 174 94 39 50 87 185 108 40 57 90 180 76 45 44 107 131 95 46 41 107 133 114 42 42 107 163 97 52 42 84 152 77 48 44 88 183 81 44 56 111 133 87 54 54 85 177 85 38 44 78 142 90 46 44 82 285 0.05 10 
109 87 165 98 25 50 78 46 25 23 63 70 52 25 27 45 63 40 21 20 43 77 48 17 28 48 69 38 26 21 51 100 50 23 22 48 89 45 28 29 39 81 46 24 24 40 78 37 19 28 56 67 56 25 22 44 85 45 28 25 51 97 57 21 147 0.02 4 
110 415 175 200 191 110 49 47 75 155 94 43 45 99 208 120 42 43 113 146 115 48 53 81 165 119 61 47 109 173 101 47 50 85 147 84 38 58 112 153 113 42 42 103 196 122 37 55 118 152 108 50 38 104 146 87 42 49 104 173 112 48 53 104 300 0.06 12 
111 342 189 70 39 35 32 17 16 40 66 29 12 11 54 59 37 12 14 26 71 31 18 18 28 45 32 19 16 35 49 37 12 25 30 53 36 21 22 40 53 24 13 15 33 55 29 24 22 43 55 28 19 12 30 44 24 20 16 43 55 31 22 12 105 0.07 14 
112 91 366 30 14 17 22 56 30 16 10 27 30 45 14 17 33 38 28 21 27 29 48 21 14 21 25 48 23 14 19 46 57 32 24 26 50 37 21 8 9 23 54 21 14 11 37 35 35 16 18 19 65 41 8 11 42 84 34 11 14 44 61 34 60 0.03 6 
113 457 151 243 90 42 50 79 137 75 42 43 69 137 93 43 43 69 154 81 37 40 98 105 64 36 43 85 160 81 32 32 76 153 81 40 36 82 133 85 39 39 69 147 89 43 32 87 148 73 35 32 81 161 63 45 35 85 157 89 48 47 86 155 324 0.06 12 
114 97 81 65 65 122 65 34 38 75 121 55 30 31 65 93 57 38 36 81 126 54 33 33 66 109 57 30 29 77 97 70 38 33 58 115 76 37 34 78 112 71 37 36 70 113 73 33 29 68 119 55 37 28 62 99 55 23 35 58 129 51 36 33 130 0.03 6 
115 123 422 54 34 15 7 25 50 27 21 12 31 59 25 19 18 25 68 24 10 19 25 39 16 12 11 31 51 15 10 13 26 68 27 11 12 26 42 20 18 19 34 54 25 14 13 28 21 26 13 12 24 33 30 7 11 19 37 37 16 11 16 55 81 0.07 14 
116 330 214 36 9 18 29 34 11 7 27 26 17 5 2 22 64 11 15 8 14 37 17 7 8 0 23 11 5 14 7 0 2 3 7 10 10 9 5 9 8 11 16 3 4 24 32 20 8 0 0 9 5 5 0 0 9 36 3 13 10 21 12 0 48 0.06 12 
117 286 418 23 19 26 18 21 8 12 30 39 20 10 16 26 71 9 9 8 46 12 3 21 9 14 35 21 6 11 6 26 20 10 12 27 25 20 14 5 23 65 21 13 11 25 17 38 13 14 25 51 26 15 8 22 32 20 12 7 38 45 17 17 46 0.03 6 
118 243 69 246 87 31 47 92 140 66 40 34 95 122 64 33 30 85 93 81 55 52 79 128 78 50 38 92 147 73 43 46 80 114 79 43 31 78 151 74 43 48 70 147 84 29 52 68 134 96 46 31 77 172 92 45 33 106 141 78 35 32 82 155 328 0.08 16 
119 435 288 231 46 89 159 63 39 37 88 119 84 43 39 89 145 75 37 37 60 127 62 43 32 71 116 69 29 48 63 138 84 40 42 61 116 75 30 35 66 124 94 45 44 70 147 91 39 34 58 141 74 32 34 73 116 90 39 40 66 127 85 39 308 0.06 12 
120 200 413 92 20 29 51 86 56 21 23 49 63 40 20 14 54 103 47 24 27 33 93 47 26 17 50 73 57 19 19 33 79 52 17 20 36 99 32 22 20 55 104 34 21 20 45 73 43 19 21 42 74 43 18 25 41 96 49 31 23 72 73 48 138 0.06 12 
121 95 84 66 12 19 40 13 8 9 31 28 7 10 16 19 20 30 8 6 20 49 28 9 9 17 58 24 8 10 24 37 28 9 11 27 29 13 8 12 11 40 23 8 12 20 26 20 7 12 14 29 21 15 9 19 19 20 12 12 36 33 18 14 88 0.06 12 
122 408 186 48 90 52 19 21 62 80 47 21 28 46 89 55 23 25 45 90 41 27 24 40 81 51 19 19 44 85 47 25 26 54 69 57 29 27 33 92 37 23 20 45 79 45 22 29 48 85 40 25 26 51 88 54 25 26 55 86 52 22 27 41 96 0.04 8 
123 341 152 172 80 130 78 51 44 73 172 97 38 45 93 169 84 47 47 61 156 81 33 44 100 154 68 43 52 85 123 69 38 35 77 138 91 50 50 98 162 75 44 50 69 163 88 34 35 55 119 76 47 44 77 195 92 47 38 80 124 62 48 33 258 0.02 4 
124 28 240 51 25 24 74 111 61 28 30 40 109 53 17 27 46 87 60 22 21 52 102 41 26 21 36 96 48 19 29 62 65 51 19 33 51 112 50 17 25 58 98 68 29 17 47 77 66 27 27 53 70 36 24 36 55 126 38 28 25 35 91 37 102 0.06 12 
125 236 365 40 77 37 15 26 20 89 45 19 11 47 63 51 24 13 28 72 31 16 19 33 45 37 29 25 43 46 33 24 22 32 77 38 22 16 38 61 38 15 21 34 54 39 20 22 24 87 28 16 21 50 73 28 16 27 33 81 25 27 22 35 80 0.04 8 
126 336 462 276 95 165 105 44 43 112 152 92 44 52 92 120 94 62 41 87 164 94 52 47 95 184 108 49 36 105 126 108 34 39 89 156 93 53 43 98 155 78 50 52 109 179 72 42 47 73 178 89 57 48 114 150 108 53 43 93 176 82 53 37 368 0.04 8 
127 124 136 150 30 86 127 64 30 41 94 121 66 33 37 79 138 66 32 33 92 150 70 42 39 70 109 77 46 36 91 127 76 37 32 81 105 81 45 31 67 135 85 33 35 78 129 74 40 41 86 123 77 34 40 71 143 87 36 42 59 126 77 43 225 0.03 6 
128 239 477 54 10 12 27 9 12 6 16 37 25 7 8 9 22 9 7 7 24 12 22 17 7 22 27 11 10 6 11 38 17 3 4 16 28 20 10 8 14 29 16 12 6 17 17 8 8 7 25 15 19 5 8 18 13 24 6 8 12 35 8 7 72 0.04 8 
129 485 218 111 31 17 18 35 60 42 20 18 35 59 36 20 16 38 72 41 19 16 36 49 41 18 15 35 51 39 21 16 35 45 32 18 20 39 62 51 18 19 37 53 40 21 19 35 61 37 20 21 40 76 29 22 12 43 68 36 22 21 34 68 148 0.09 18 
130 197 193 225 68 49 40 80 126 85 51 30 74 132 78 34 39 60 143 63 38 37 79 120 66 53 38 91 107 86 28 43 81 112 74 28 40 96 150 86 38 31 82 121 71 42 39 67 119 57 32 40 65 127 77 41 42 86 133 56 38 39 74 147 300 0.04 8 
131 105 355 13 16 13 2 2 28 16 5 0 10 9 11 12 3 27 43 12 8 10 10 29 15 0 13 0 23 6 7 7 9 26 3 0 12 5 4 24 4 12 1 34 13 3 5 22 28 14 1 6 25 0 10 6 7 4 21 0 0 6 20 10 26 0.08 16 
132 359 402 10 2 7 3 10 5 2 5 17 33 7 6 6 0 12 15 7 6 15 28 2 2 3 11 9 10 7 10 12 13 14 8 6 15 26 9 7 6 11 20 7 6 2 9 11 14 3 8 8 13 12 2 11 5 10 9 0 9 5 24 5 20 0.02 4 
133 148 356 85 43 44 66 164 88 51 44 90 180 85 40 42 82 166 94 46 51 87 139 74 40 48 98 144 86 44 49 83 162 102 33 40 57 151 82 43 36 74 186 98 45 46 82 185 60 39 49 98 136 79 36 41 67 147 70 33 43 96 110 92 170 0.05 10 
134 317 252 225 47 24 103 151 73 40 34 87 130 49 42 35 53 106 61 42 39 96 132 48 28 35 60 144 82 43 35 72 118 88 37 40 89 122 83 37 43 82 91 97 37 41 76 82 85 25 35 97 97 61 34 31 66 125 88 41 34 54 111 66 300 0.09 18 
135 218 78 216 32 62 129 72 34 38 71 112 75 43 29 65 115 65 36 31 60 128 54 41 33 73 111 72 39 38 62 148 62 37 49 68 107 79 39 42 73 117 66 33 35 72 126 60 42 39 86 120 72 32 32 53 125 75 34 38 91 105 56 32 288 0.02 4 
136 177 494 84 15 38 86 53 15 29 36 74 42 20 28 34 110 40 22 15 49 102 26 22 23 48 66 60 22 24 44 68 49 17 20 61 57 32 31 23 40 67 45 19 27 24 56 28 22 27 55 65 48 19 21 31 95 54 16 26 41 98 60 11 126 0.04 8 
137 174 237 134 31 35 68 109 62 30 28 69 102 59 36 30 74 133 71 28 27 66 122 74 41 37 78 84 72 27 29 57 112 75 25 31 64 123 65 42 30 81 125 52 28 28 68 106 64 34 36 68 89 53 35 41 58 124 72 37 33 56 141 72 201 0.04 8 
138 50 73 85 31 75 116 87 40 41 82 143 66 38 39 75 118 95 42 42 95 127 82 37 34 79 167 58 36 39 77 173 92 36 51 109 148 81 45 44 90 119 93 32 56 95 186 77 35 35 71 120 97 40 42 84 112 73 37 44 97 127 66 41 170 0.09 18 
139 279 179 141 26 27 69 51 27 17 46 88 48 27 24 62 55 23 25 30 41 105 62 21 7 45 39 53 16 21 39 69 46 22 29 53 85 49 14 19 37 96 46 16 24 47 98 21 28 17 52 109 33 17 20 38 68 28 21 26 52 87 39 15 188 0.09 18 
140 112 170 86 27 46 48 19 18 63 51 62 33 22 29 89 60 18 21 31 70 40 18 20 41 87 49 20 15 44 100 54 19 11 36 60 53 20 24 33 50 47 20 24 36 78 39 19 18 73 42 53 20 27 37 91 43 17 12 34 115 44 12 25 129 0.03 6 
141 301 208 58 63 33 25 50 118 48 29 29 61 85 53 32 37 56 107 55 33 24 65 114 66 32 25 70 109 54 25 25 57 86 52 24 25 56 85 57 25 31 67 116 57 36 34 58 88 56 29 33 46 90 55 32 30 50 102 46 25 26 48 91 116 0.09 18 
142 426 194 61 36 26 80 104 43 24 36 57 126 68 30 31 69 126 41 27 38 73 113 69 31 39 53 137 66 27 26 56 121 73 27 26 59 90 72 24 27 67 113 51 25 32 48 153 72 28 41 56 86 70 28 38 66 110 43 32 30 64 101 65 122 0.03 6 
143 35 163 108 58 26 15 22 54 54 17 11 45 72 31 18 11 42 75 28 17 15 49 68 29 17 25 40 74 47 20 25 38 55 42 23 20 29 55 25 17 25 37 95 35 15 21 27 67 35 23 26 41 86 22 16 15 36 66 35 16 18 26 57 144 0.03 6 
144 110 469 47 20 57 75 42 23 24 47 76 50 20 24 50 86 45 19 27 42 78 42 25 15 42 67 42 25 21 39 96 53 23 24 56 75 39 27 23 44 90 42 23 24 45 67 58 20 19 41 82 58 20 22 44 72 49 28 27 56 79 52 25 94 0.07 14 
145 223 483 130 65 24 27 63 110 87 27 26 44 98 68 27 30 59 131 73 34 32 75 130 72 35 39 44 103 101 37 38 53 96 61 32 34 61 101 55 29 36 53 149 71 43 31 62 118 59 27 31 73 128 82 36 29 64 101 68 37 38 36 98 195 0.08 16 
146 476 192 240 41 41 75 122 73 35 37 69 149 82 44 36 87 122 87 31 50 80 115 73 44 42 65 118 94 34 47 62 147 64 45 41 64 117 67 39 43 90 125 93 46 43 75 122 81 32 43 66 128 82 42 36 82 117 72 45 47 70 117 85 320 0.05 10 
147 148 287 74 69 124 70 33 33 68 136 75 32 33 71 106 73 41 41 61 120 53 35 32 90 131 65 38 29 69 106 69 32 38 64 112 91 27 35 69 106 78 36 35 59 141 66 38 36 80 110 67 41 30 76 109 65 31 35 62 131 71 43 40 148 0.04 8 
148 15 286 74 47 17 24 28 53 24 15 21 26 70 38 24 28 33 70 40 19 20 48 62 44 25 15 31 52 49 18 22 44 63 43 19 18 39 41 27 19 18 41 39 22 20 24 35 92 38 18 15 34 65 33 17 21 30 74 62 20 20 23 57 111 0.06 12 
149 491 500 72 39 63 138 62 32 32 83 117 59 26 35 67 113 76 34 34 58 120 59 42 39 70 105 57 37 38 53 113 84 42 37 67 113 82 44 33 74 124 67 33 29 69 104 78 43 32 52 129 72 32 37 92 119 88 32 40 55 93 66 34 144 0.05 10 
150 112 422 38 79 31 19 15 35 57 30 23 17 39 77 36 11 21 29 53 34 17 17 40 67 32 28 25 27 84 19 14 15 46 87 29 24 15 36 48 54 22 24 35 92 48 21 19 49 44 37 18 18 26 42 31 21 16 38 62 26 19 17 34 76 0.09 18 
