200 20 16392
0 51 88 31947 23003 22994 22996 22998 22991 23001 23005 22991 23011 22997 22998 23008 22990 22998 23002 22998 23003 23003 23002 23004 0.01
1 379 373 72 141 77 44 34 61 99 84 34 36 76 121 70 40 27 64 104 65 31 36 86 131 82 38 38 66 125 56 30 34 74 139 88 29 34 56 120 58 45 32 73 127 65 46 36 80 114 70 29 37 71 120 61 30 32 69 121 79 40 31 75 89 75 31 31 90 140 60 34 34 72 144 0.04 8 
2 173 387 170 144 84 38 38 54 151 72 35 39 92 143 110 33 43 63 144 108 41 39 94 154 85 30 41 63 130 106 38 43 82 149 79 36 44 77 131 103 41 41 73 156 95 32 46 67 158 76 46 41 86 165 72 32 48 81 192 84 44 50 98 125 76 42 46 64 146 59 35 35 95 255 0.05 10 
3 218 105 213 34 38 80 121 57 39 29 67 112 73 27 33 68 103 68 40 32 80 98 67 37 37 65 118 85 35 38 84 136 69 44 27 66 120 84 34 44 53 122 59 24 34 61 127 64 38 29 89 122 83 37 26 70 105 62 39 38 59 148 73 33 44 68 117 67 29 40 47 129 65 284 0.09 18 
4 268 338 56 37 26 10 18 27 35 27 12 14 31 35 35 11 10 24 41 33 13 15 31 47 29 14 14 24 44 27 16 17 32 58 27 16 15 29 54 26 17 12 19 49 31 12 16 22 52 27 12 16 22 50 30 13 14 27 49 24 14 14 25 53 25 12 15 25 41 22 16 15 21 84 0.08 16 
5 129 227 32 67 35 15 13 37 53 36 18 15 42 54 42 18 12 30 70 33 18 14 28 57 35 16 16 28 54 38 19 12 32 49 36 16 12 30 52 33 13 13 40 58 32 21 14 37 49 35 17 15 29 47 38 15 13 24 57 33 20 18 32 59 37 13 16 39 31 30 16 15 26 64 0.08 16 
6 309 44 60 14 21 73 33 15 16 23 36 29 9 15 33 45 24 16 15 26 46 23 15 14 29 49 31 14 16 27 38 33 15 11 16 21 31 9 13 26 51 32 11 17 28 35 35 15 10 37 33 21 14 13 38 39 28 12 14 34 61 20 18 21 14 40 33 11 15 38 39 41 17 90 0.04 8 
7 368 227 94 40 100 173 81 45 49 87 139 84 43 51 93 153 97 45 50 101 139 90 41 36 106 128 107 42 43 119 148 110 36 59 72 177 114 38 39 87 168 89 39 58 77 144 91 41 39 100 184 77 44 52 105 137 93 40 56 96 158 83 56 52 78 130 73 41 46 96 179 74 46 188 0.06 12 
8 100 307 82 29 121 37 19 15 39 53 54 16 24 37 50 40 25 23 32 59 40 23 19 50 49 43 16 27 21 86 52 20 16 37 70 35 21 20 59 97 30 27 19 37 92 47 18 18 43 71 47 24 11 50 100 30 18 14 43 51 34 23 19 23 62 57 18 20 44 63 45 31 19 123 0.08 16 
9 153 216 96 19 18 10 25 94 28 20 13 37 66 40 15 8 31 70 15 8 14 44 40 37 15 26 34 57 40 19 10 26 44 44 12 10 37 89 26 21 16 43 73 22 8 9 40 57 25 22 22 27 49 35 12 14 34 87 31 15 16 36 54 21 11 10 46 51 19 13 20 20 74 128 0.07 14 
10 251 400 122 54 35 25 55 141 55 23 33 73 103 52 27 26 61 82 58 27 47 43 114 38 47 25 51 80 74 27 29 51 93 51 33 28 53 86 40 40 26 66 130 52 32 45 62 101 75 25 39 67 88 61 29 26 79 122 56 35 26 53 84 50 26 34 56 88 69 17 29 72 126 183 0.02 4 
11 457 16 78 35 34 93 126 86 33 43 64 139 80 29 34 68 155 89 44 44 79 138 90 49 34 70 135 68 48 33 74 146 74 42 45 62 130 76 27 44 75 131 59 51 47 80 117 83 46 44 68 126 76 39 42 107 149 67 35 42 60 145 70 27 44 102 115 73 32 42 96 126 81 156 0.03 6 
12 403 344 42 5 6 15 17 12 6 6 10 15 17 8 6 12 29 14 8 8 10 16 14 8 6 16 26 16 6 7 15 28 15 6 8 12 18 11 10 7 10 18 13 7 6 13 24 12 6 5 12 21 14 6 6 9 25 18 6 4 11 20 14 5 8 12 19 16 6 6 16 27 15 56 0.05 10 
13 31 227 168 86 35 48 102 125 82 34 44 77 142 102 57 49 96 158 69 48 41 75 157 72 44 32 70 150 68 37 41 58 119 78 35 55 97 185 72 46 59 67 156 74 47 51 69 138 72 50 51 79 144 62 37 44 81 157 48 34 45 78 111 71 31 40 91 161 74 34 36 71 107 252 0.05 10 
14 483 19 71 60 40 37 81 123 72 35 36 74 129 87 32 42 73 145 71 38 35 75 117 84 31 28 70 121 72 42 45 72 140 55 40 47 72 114 69 41 33 87 112 85 38 34 60 103 63 41 37 86 112 80 38 33 85 130 89 31 31 70 103 71 31 31 86 127 84 30 31 93 117 142 0.07 14 
15 423 286 10 14 10 3 5 19 10 10 7 4 3 15 9 4 4 8 14 10 6 5 6 12 12 6 5 8 14 14 1 4 11 26 6 4 1 14 26 8 4 4 6 6 10 6 5 12 12 11 4 3 5 24 9 6 4 7 12 8 3 4 13 8 6 4 5 10 16 5 6 2 10 20 0.06 12 
16 406 105 45 36 67 41 30 25 53 93 53 20 18 42 77 48 18 21 32 69 58 30 16 60 85 54 27 21 41 63 45 27 22 36 76 35 22 14 48 63 58 27 29 41 81 50 17 22 41 86 46 20 26 47 83 30 30 23 51 80 37 18 24 37 78 46 27 28 32 76 26 19 19 90 0.05 10 
17 182 107 270 36 50 89 182 92 42 36 81 162 108 51 37 91 158 97 44 56 81 177 107 44 52 78 169 87 43 43 94 135 83 37 54 77 149 75 52 44 103 164 97 35 42 102 160 100 48 50 85 154 81 44 33 97 125 92 50 47 95 155 95 41 54 82 141 87 44 43 100 168 87 360 0.02 4 
18 455 357 231 65 168 58 48 42 97 108 88 38 41 69 137 87 37 39 79 119 69 45 35 89 112 77 41 36 78 158 81 38 40 79 109 60 43 47 60 131 88 43 34 93 130 68 38 29 63 121 72 46 46 75 132 83 41 28 75 168 91 36 42 56 157 74 28 37 86 138 89 36 46 308 0.03 6 
19 82 103 42 7 4 41 10 8 5 17 11 18 2 8 13 20 27 4 3 0 27 6 1 4 10 13 14 9 8 9 28 1 4 4 12 35 23 7 7 26 28 2 7 5 15 23 22 7 9 20 42 16 1 3 14 1 9 4 10 9 19 4 8 5 8 0 17 7 9 9 29 22 11 56 0.02 4 
20 189 397 64 84 53 35 34 80 114 58 37 32 74 95 57 40 35 50 128 43 36 24 63 106 60 34 29 72 96 72 25 37 86 94 52 33 34 63 126 58 37 35 51 99 79 35 27 49 96 67 27 33 56 87 75 22 31 65 103 57 26 34 74 87 49 37 26 71 123 73 33 37 49 128 0.03 6 
21 406 62 237 83 117 74 30 37 68 129 64 43 42 70 150 71 35 45 83 134 85 36 43 69 125 78 38 33 62 127 84 45 31 83 123 81 43 45 66 136 68 30 33 69 129 65 50 35 75 127 83 48 32 77 146 81 31 42 69 100 68 43 47 88 143 93 41 38 81 124 69 32 40 316 0.08 16 
22 124 303 276 45 80 156 90 45 42 109 127 85 41 43 69 164 110 42 45 106 144 108 53 43 85 157 91 51 38 75 140 106 50 50 65 144 72 41 49 88 166 104 42 50 87 150 79 42 38 76 164 73 44 36 78 150 72 47 51 93 171 80 39 45 89 152 85 50 43 72 158 109 54 368 0.07 14 
23 489 495 67 23 53 101 66 31 29 74 123 74 30 37 72 135 53 34 30 77 96 79 32 34 51 126 59 28 26 77 108 47 33 39 61 105 69 43 43 76 90 63 23 37 54 114 66 26 24 66 133 56 36 34 44 95 63 36 38 86 92 56 27 29 75 129 56 31 27 48 98 73 30 134 0.03 6 
24 221 304 159 94 52 21 31 51 81 41 25 21 75 88 44 27 26 57 105 54 26 25 52 102 59 23 22 58 90 56 28 31 47 107 48 19 28 62 80 56 29 22 53 108 46 32 28 54 88 61 25 22 57 89 44 22 21 48 106 56 31 27 44 89 56 23 22 59 98 58 27 22 36 212 0.05 10 
25 321 262 25 15 9 23 41 30 12 14 25 41 20 12 14 25 60 29 15 13 23 42 19 13 14 28 42 23 14 10 30 37 17 9 12 19 37 32 13 12 21 38 32 13 13 30 41 23 12 13 22 49 25 9 12 24 46 27 14 12 24 40 18 14 12 31 39 26 11 11 23 42 26 50 0.08 16 
26 11 186 66 17 14 42 19 33 14 13 21 77 30 14 12 37 58 39 16 16 26 61 41 12 14 30 65 37 16 18 56 53 49 13 15 47 38 37 17 19 25 56 27 10 11 34 45 23 15 17 27 53 32 18 12 29 48 23 18 11 19 68 51 16 14 39 59 27 13 20 30 80 22 99 0.02 4 
27 460 128 82 87 39 32 88 149 76 38 37 71 131 83 33 31 80 136 105 40 39 71 105 91 45 48 63 151 77 39 34 96 152 95 32 51 69 130 64 51 32 77 136 85 47 38 85 125 84 36 34 83 143 67 42 50 69 116 73 32 42 97 137 115 41 37 90 129 70 31 35 83 97 164 0.02 4 
28 485 286 56 54 101 72 26 22 67 96 67 21 23 59 95 62 28 23 62 96 58 29 25 51 103 47 23 23 51 90 64 32 25 51 106 67 24 31 67 80 62 23 28 58 94 47 23 31 66 112 45 31 30 47 80 46 30 25 47 81 65 24 33 60 90 67 32 30 62 87 47 34 28 112 0.03 6 
29 331 444 15 2 10 48 26 2 1 30 36 13 9 4 25 14 16 2 12 15 22 26 6 6 14 4 18 1 8 19 24 8 4 6 12 25 14 8 4 29 16 10 15 9 12 16 9 10 9 17 8 11 8 12 6 18 25 12 6 4 23 16 8 9 8 20 9 13 13 8 19 25 7 30 0.09 18 
30 135 224 93 118 79 41 40 90 166 99 35 59 107 178 86 52 43 75 147 79 45 35 79 149 103 45 42 76 176 108 43 51 99 160 68 52 55 82 153 86 58 56 76 153 80 35 52 105 173 86 53 41 93 168 104 41 54 126 169 90 53 43 113 170 95 43 51 83 161 112 39 44 78 186 0.08 16 
31 124 302 68 36 61 38 20 18 29 49 26 23 17 25 59 50 20 20 29 55 30 15 19 32 65 30 17 18 35 66 28 16 17 32 49 27 17 21 35 48 36 21 12 41 74 32 20 16 27 69 41 12 13 31 59 29 19 17 31 57 43 22 20 35 51 31 16 14 30 59 33 21 17 102 0.08 16 
32 176 308 130 96 52 32 32 57 113 70 36 35 65 131 53 28 37 81 92 75 34 28 70 85 59 35 30 58 100 67 30 40 52 107 57 30 37 69 111 54 28 36 52 97 66 28 28 55 100 56 32 25 67 86 67 32 36 52 78 70 30 31 54 97 65 25 36 64 89 69 38 31 73 195 0.06 12 
33 421 467 222 30 81 112 67 35 42 66 133 76 37 38 60 147 65 35 32 83 129 79 36 30 80 138 64 36 36 85 124 66 29 43 80 115 65 39 29 64 127 60 41 38 83 140 80 44 39 63 111 80 43 32 78 124 76 40 30 69 107 63 33 31 63 124 85 37 43 61 137 83 40 296 0.09 18 
34 254 179 14 7 9 11 20 10 6 5 20 22 12 5 7 9 21 20 5 7 13 18 14 10 7 17 13 22 9 6 9 25 6 8 11 6 28 12 7 4 20 24 5 5 4 12 25 6 9 3 8 27 15 9 6 11 33 12 10 8 15 23 18 10 10 20 44 11 6 9 13 23 14 28 0.03 6 
35 348 240 154 137 89 32 34 80 104 75 33 34 81 113 71 28 42 75 139 81 32 39 77 140 60 30 34 76 139 91 36 37 60 125 63 39 41 71 110 65 35 45 93 137 60 35 40 89 113 73 39 40 74 109 79 43 32 69 107 64 37 45 86 114 70 48 32 70 114 75 31 48 82 231 0.04 8 
36 236 171 158 93 145 73 45 40 89 136 98 42 42 89 109 85 43 41 85 138 82 32 35 92 136 93 44 39 78 136 62 37 43 78 137 89 40 38 76 159 75 32 42 82 127 93 33 45 81 131 73 35 38 98 135 66 40 34 90 152 83 35 45 82 133 64 36 41 95 136 64 46 44 237 0.04 8 
37 143 500 200 46 130 151 80 55 48 81 181 95 55 48 112 143 98 50 46 114 165 89 44 45 91 154 114 53 44 108 201 82 51 52 87 156 102 44 51 87 171 92 40 63 115 184 110 54 53 79 189 93 51 40 116 156 100 57 60 82 191 118 57 49 95 170 106 52 44 82 172 82 51 300 0.06 12 
38 274 66 178 184 66 41 34 78 163 74 42 43 67 155 92 48 43 69 160 87 35 44 86 160 103 41 46 78 142 83 46 52 74 149 95 55 56 69 175 87 53 35 77 183 79 51 47 71 150 87 38 49 73 171 71 39 45 93 168 84 56 44 109 162 87 37 41 103 155 108 44 39 89 267 0.03 6 
39 233 55 96 204 79 41 57 107 163 82 47 45 94 157 121 50 46 100 177 87 61 49 80 137 76 34 43 86 188 91 44 37 97 185 119 37 50 93 157 111 43 44 94 200 117 45 54 96 190 113 57 42 88 189 92 55 43 88 149 87 38 57 118 148 98 53 36 80 133 113 57 41 112 192 0.02 4 
40 375 370 72 42 38 59 114 64 44 34 89 119 59 43 45 78 127 70 36 27 70 111 62 31 39 89 109 86 41 41 70 131 65 36 47 65 115 77 49 47 67 114 88 42 31 65 132 79 36 27 72 127 60 35 34 80 140 87 46 40 89 103 73 42 42 57 102 70 44 28 68 106 75 144 0.05 10 
41 199 155 288 41 84 160 99 55 37 86 158 105 48 42 110 177 105 56 58 115 155 97 43 53 99 154 103 42 53 74 150 105 47 38 79 164 114 38 49 91 146 105 37 48 86 163 114 53 36 80 194 78 43 42 106 172 87 52 48 109 186 111 41 43 112 157 84 56 52 108 169 79 56 384 0.08 16 
42 160 444 210 108 90 30 33 62 129 58 26 31 47 133 75 33 44 58 96 106 38 27 53 118 58 33 38 64 121 61 43 35 80 103 80 37 32 85 104 67 28 38 88 117 72 45 22 45 137 59 34 38 68 126 74 41 35 99 137 86 39 19 84 92 69 30 35 56 130 68 26 29 66 280 0.04 8 
43 313 463 99 113 50 57 87 146 114 58 42 84 138 83 45 42 105 152 98 55 49 101 150 83 54 46 113 169 83 54 44 81 155 118 42 57 93 172 115 50 42 94 191 94 43 57 88 159 90 54 50 95 152 84 56 51 91 185 92 54 42 114 143 92 43 44 83 158 113 55 41 93 156 198 0.05 10 
44 85 355 64 37 70 92 59 34 33 64 104 66 29 30 71 87 68 31 36 60 89 58 31 34 50 125 72 32 29 67 112 70 30 26 77 114 56 34 36 58 101 60 28 38 54 99 74 28 34 56 93 62 32 29 67 101 67 36 30 62 116 59 30 31 55 102 69 33 27 59 111 63 31 128 0.08 16 
45 390 69 31 31 17 7 39 68 15 25 13 14 42 62 19 19 29 46 39 9 9 24 42 37 10 18 44 46 30 2 12 27 56 24 12 16 26 38 14 11 19 46 47 32 17 16 22 54 47 15 18 27 54 37 11 14 32 68 33 15 24 31 48 34 8 20 10 50 26 15 5 28 41 62 0.05 10 
46 234 150 252 88 140 92 37 51 88 125 83 37 35 82 135 78 38 46 76 133 93 42 35 100 110 86 45 35 83 159 92 50 35 89 151 99 45 39 91 154 83 47 43 85 127 92 50 42 78 169 97 32 43 68 172 89 51 43 65 124 79 50 51 101 114 89 34 38 94 160 99 36 46 336 0.08 16 
47 362 356 20 20 33 19 12 8 24 33 22 12 8 23 34 23 11 7 25 31 18 10 7 19 32 17 5 11 22 23 19 7 14 27 29 24 6 12 13 30 19 13 10 19 34 16 9 7 19 22 23 6 10 21 30 20 6 8 20 25 22 10 5 22 33 15 9 9 23 40 22 11 11 40 0.06 12 
48 269 293 32 33 18 0 19 13 32 18 0 3 1 14 0 8 7 30 30 11 14 7 13 3 6 9 12 2 36 15 13 0 7 13 12 12 12 30 62 5 7 12 28 22 24 9 1 8 6 25 4 9 19 21 10 5 11 22 29 5 9 14 21 38 18 8 6 23 50 12 13 3 22 48 0.06 12 
49 241 163 36 26 14 8 3 2 19 14 2 0 6 23 0 4 4 11 0 16 8 4 8 46 11 12 4 8 14 7 8 4 11 18 8 3 3 12 22 11 5 7 13 3 12 4 9 12 20 18 7 3 9 31 14 0 2 3 14 13 5 5 11 17 14 0 7 25 15 13 7 6 18 48 0.04 8 
50 156 19 90 72 39 53 99 157 76 39 57 90 141 65 59 44 81 163 110 35 41 83 174 105 39 46 82 146 79 45 43 89 148 85 42 33 73 168 71 52 38 75 179 98 37 43 77 163 98 50 52 82 168 99 39 37 103 189 111 46 46 70 138 107 37 37 75 145 85 38 38 92 132 180 0.08 16 
51 112 91 183 61 130 65 19 32 61 110 53 22 17 69 95 50 39 28 54 112 57 25 24 54 114 47 34 21 53 87 59 22 48 64 96 54 29 25 58 67 62 29 22 91 108 58 36 25 56 87 51 37 25 53 106 74 34 31 69 70 57 26 29 44 111 43 23 27 70 126 64 25 32 244 0.03 6 
52 247 156 45 16 11 26 5 10 9 37 15 8 11 20 25 14 12 9 17 33 14 7 3 16 22 15 9 8 23 25 12 7 4 23 14 16 5 3 28 27 7 7 7 4 19 12 7 9 17 16 12 4 9 18 23 19 6 7 10 21 18 6 4 9 24 15 5 7 12 37 18 6 8 60 0.08 16 
53 140 84 128 27 65 112 62 40 34 62 122 51 34 34 65 121 64 38 38 65 113 59 35 35 55 91 65 34 27 55 96 73 27 27 61 115 69 34 31 68 118 53 29 39 55 114 67 34 30 46 97 67 38 24 74 98 64 34 26 71 112 63 35 31 67 112 59 28 25 56 123 64 34 192 0.07 14 
54 283 338 84 61 56 22 19 49 54 45 21 23 42 81 44 17 17 44 80 45 20 20 51 73 39 17 17 47 84 34 23 24 39 67 38 20 16 46 61 30 16 26 46 79 40 18 21 41 58 42 18 23 33 85 48 16 18 36 58 40 16 20 47 61 45 16 20 44 53 33 19 24 37 126 0.07 14 
55 236 392 114 27 48 129 62 30 12 66 102 56 23 27 52 110 68 34 36 52 68 43 29 23 54 97 49 21 28 44 125 51 30 23 71 89 62 23 38 69 68 48 34 19 43 139 52 29 23 59 100 62 32 24 52 88 84 26 24 48 108 42 31 23 45 80 64 31 31 68 112 72 25 171 0.07 14 
56 102 77 102 18 16 29 47 32 16 14 43 49 25 17 19 40 55 35 17 18 48 42 34 14 13 34 52 38 12 18 32 75 26 13 16 30 63 40 17 13 35 37 31 17 18 24 78 24 16 21 32 48 39 16 14 37 54 31 18 18 42 43 34 18 15 31 45 31 18 18 36 49 28 136 0.09 18 
57 341 410 192 48 111 179 108 52 53 102 152 75 50 46 107 137 110 53 42 81 183 110 49 45 84 185 98 48 41 96 155 81 41 58 104 183 99 49 47 109 159 84 40 41 96 146 109 55 48 111 140 99 42 47 87 192 106 55 50 84 154 96 46 57 83 145 83 46 47 96 146 107 36 288 0.03 6 
58 138 407 48 8 9 8 42 17 8 4 13 15 31 9 5 17 29 13 3 14 20 39 21 6 3 22 43 9 11 10 9 37 7 13 6 20 45 7 11 8 15 20 6 13 8 30 28 19 18 9 5 45 3 8 8 11 41 33 7 7 14 7 15 0 6 18 8 10 7 2 13 44 12 64 0.07 14 
59 335 321 46 17 32 100 24 28 22 38 81 38 25 23 49 114 41 20 29 38 87 43 28 20 44 73 65 29 32 52 75 37 15 17 46 51 62 26 16 43 92 40 23 26 57 72 44 21 26 46 54 45 31 12 48 81 83 25 22 78 70 41 24 19 59 74 50 18 19 58 63 26 34 92 0.06 12 
60 191 111 60 56 32 16 12 28 63 29 12 13 26 40 40 13 13 32 50 29 17 18 36 47 29 14 13 33 47 22 13 17 22 46 27 11 13 38 56 28 12 15 23 37 36 12 17 27 58 30 19 17 30 57 29 13 17 24 54 30 19 12 32 37 37 13 11 38 59 25 17 17 26 90 0.02 4 
61 73 185 204 34 84 110 61 36 25 57 115 77 37 31 82 104 65 47 38 84 110 60 31 26 70 114 58 34 33 68 130 77 27 38 64 93 59 39 29 62 129 61 35 35 51 96 72 32 38 87 100 79 30 31 77 121 80 37 23 73 79 71 36 30 84 123 78 32 34 72 99 56 32 272 0.05 10 
62 69 16 108 17 54 94 44 18 36 42 81 75 19 24 42 86 55 29 23 63 87 46 31 28 73 98 71 34 17 48 79 53 30 26 63 82 59 16 30 50 83 44 28 32 60 90 51 19 31 54 90 55 18 20 55 140 63 26 23 28 95 42 32 34 59 107 42 36 32 53 92 49 29 162 0.05 10 
63 222 61 95 151 96 56 35 89 192 73 44 47 127 154 85 45 37 75 162 105 38 40 83 166 120 50 46 116 161 97 50 53 104 173 120 52 45 109 188 105 51 60 89 148 114 38 33 92 192 120 44 43 102 136 105 63 34 79 194 106 36 51 103 171 75 49 41 92 141 95 39 43 79 190 0.03 6 
64 210 130 41 25 35 75 33 24 14 32 49 34 26 25 54 107 32 22 17 35 58 42 25 18 34 62 30 15 14 26 87 51 10 17 47 75 24 24 16 38 83 41 14 21 24 88 38 32 24 41 55 42 18 14 31 59 41 17 13 40 71 16 22 23 42 60 32 17 25 38 110 42 22 82 0.07 14 
65 410 269 147 27 52 79 43 22 27 39 68 55 29 15 36 82 45 22 27 41 87 47 25 15 42 99 39 25 20 42 93 39 21 23 46 71 48 30 30 45 86 57 29 24 35 80 47 27 28 58 62 47 17 17 46 88 54 19 13 50 90 47 18 23 40 60 63 25 28 54 89 49 15 196 0.07 14 
66 324 388 82 43 64 34 17 18 41 68 37 20 22 30 68 41 23 18 44 66 36 19 17 44 69 44 18 21 41 69 43 23 17 50 53 42 19 15 36 57 41 23 21 40 66 33 15 22 41 75 42 18 18 45 77 30 22 17 51 71 41 21 16 48 78 49 26 20 46 79 31 17 22 123 0.07 14 
67 127 455 198 95 146 96 47 57 100 196 85 48 53 110 181 101 42 59 85 187 96 46 51 96 167 91 41 49 86 194 104 51 43 119 200 93 51 59 92 163 87 56 56 110 141 95 40 55 115 165 106 45 50 78 194 109 59 41 88 143 98 55 54 88 157 89 42 43 114 174 96 41 43 297 0.09 18 
68 144 340 102 35 44 35 18 11 35 62 31 9 18 26 57 32 19 21 26 51 27 16 19 29 60 48 22 18 35 55 28 15 19 25 49 34 14 10 26 59 35 20 13 19 58 39 24 16 29 60 37 13 15 44 58 37 15 21 48 35 42 21 17 34 39 45 20 15 42 71 31 12 16 136 0.06 12 
69 376 164 120 46 22 20 34 68 47 21 23 45 56 40 17 18 35 64 34 21 20 35 66 43 20 18 43 81 42 20 22 39 64 38 20 19 39 65 36 19 18 49 63 47 22 22 44 53 38 18 21 36 62 31 19 14 34 68 36 21 23 34 71 41 19 18 40 70 34 23 22 43 57 160 0.08 16 
70 449 7 76 85 42 21 22 33 52 34 23 16 31 61 27 20 20 47 85 42 27 22 37 60 41 23 16 32 69 30 15 23 40 49 43 12 15 36 73 39 16 24 45 88 37 17 16 33 79 40 20 17 49 46 41 18 13 27 48 29 19 18 33 71 33 16 21 44 56 44 17 17 41 114 0.08 16 
71 52 92 182 43 51 94 134 111 46 38 84 135 82 46 46 85 129 78 36 53 99 174 92 36 47 95 173 72 41 50 84 158 78 49 36 78 148 82 42 41 98 177 77 44 37 91 158 87 43 48 77 148 92 41 46 96 181 82 45 37 93 176 64 47 40 83 177 107 53 45 85 138 97 273 0.07 14 
72 63 186 98 56 101 192 98 42 45 81 151 93 36 46 98 150 89 48 51 75 144 116 52 43 103 175 87 60 59 84 189 112 55 44 111 152 92 45 47 78 153 95 55 44 83 196 102 60 46 79 191 102 49 48 106 201 85 40 50 99 158 85 53 39 131 180 86 41 50 97 186 106 56 196 0.02 4 
73 195 444 108 29 56 27 18 19 37 73 31 18 14 32 68 38 17 17 33 64 36 15 16 30 72 32 18 16 40 53 37 13 18 34 59 32 20 17 44 59 40 18 17 31 63 39 17 15 28 75 35 20 14 37 53 40 17 16 38 47 32 15 16 34 59 36 19 22 37 59 38 21 14 144 0.04 8 
74 318 216 63 35 74 87 49 29 40 57 87 69 20 30 70 142 73 30 39 45 98 65 26 36 66 95 57 25 24 77 120 59 31 31 89 100 53 31 30 45 108 77 35 29 70 96 51 36 30 67 67 69 34 27 49 126 39 36 29 49 87 56 21 32 61 108 69 29 30 67 100 60 27 126 0.08 16 
75 117 200 43 43 72 37 26 19 35 56 44 17 22 41 70 48 27 23 36 61 39 19 20 48 76 49 20 22 36 66 38 16 24 39 63 41 20 24 38 78 41 22 24 49 72 50 20 23 37 84 48 23 18 35 62 43 20 18 32 84 50 18 22 42 66 40 19 21 40 86 37 17 16 86 0.03 6 
76 378 220 195 97 53 35 28 62 120 78 30 37 61 105 76 22 34 63 133 69 33 35 50 96 71 36 31 60 77 51 41 40 56 126 64 37 32 48 97 73 32 33 84 108 68 44 38 75 107 78 30 32 48 108 72 34 31 60 85 64 45 36 64 128 53 30 29 81 107 57 26 31 94 260 0.03 6 
77 70 55 86 79 37 26 19 31 83 38 23 14 32 86 58 15 21 42 66 29 27 14 29 68 42 25 21 41 112 38 18 22 42 74 41 16 20 33 73 34 20 17 34 42 34 26 23 35 93 31 24 27 55 75 38 19 35 42 57 41 14 24 48 98 40 22 22 29 88 37 25 15 45 129 0.05 10 
78 99 469 216 65 102 70 38 41 73 115 67 44 30 67 118 61 37 31 61 142 75 42 46 60 113 72 29 34 72 109 99 46 36 64 81 67 33 37 69 102 74 39 28 57 113 43 29 33 99 112 75 38 33 84 137 53 27 35 71 97 60 36 46 79 118 67 32 37 74 105 75 41 30 288 0.09 18 
79 95 62 158 94 152 82 32 38 78 108 82 36 30 63 135 75 44 38 81 138 67 38 36 96 169 75 38 33 72 128 82 34 35 83 115 86 38 39 64 153 79 37 46 77 139 79 41 44 89 132 79 47 43 70 158 83 38 30 86 132 86 45 39 65 125 84 40 35 76 120 69 37 40 237 0.07 14 
80 377 203 44 42 21 18 40 71 30 10 20 49 63 38 25 18 46 76 49 28 21 41 83 42 22 20 52 88 62 23 17 32 91 24 17 25 46 68 45 14 23 46 100 30 19 26 47 93 51 20 22 32 91 46 11 15 60 94 38 22 21 35 83 33 15 16 47 76 51 25 29 29 101 88 0.04 8 
81 451 90 118 21 70 97 45 33 22 61 90 72 33 34 46 114 58 23 26 41 102 58 28 32 56 96 52 21 35 59 69 52 31 34 50 120 47 34 31 56 85 61 31 32 64 101 59 30 36 61 114 78 36 26 50 92 54 37 24 65 105 56 30 31 54 93 59 30 33 61 109 61 26 177 0.02 4 
82 327 291 42 24 18 43 72 41 19 28 43 71 32 22 28 31 47 33 18 22 39 82 47 24 19 41 78 58 22 20 31 64 49 19 17 32 74 30 24 29 50 93 31 17 25 49 57 51 21 25 32 73 36 23 21 31 89 49 13 22 46 87 34 16 17 57 91 38 20 22 52 82 45 84 0.08 16 
83 328 57 70 27 61 116 67 41 38 75 108 63 33 38 80 146 76 36 25 65 91 95 28 37 74 85 57 35 46 65 108 92 36 24 80 107 104 32 35 72 158 52 46 28 86 147 78 34 27 70 187 59 33 37 51 104 50 42 35 60 118 88 36 26 83 122 68 40 46 83 153 48 38 140 0.07 14 
84 278 354 26 17 40 24 13 14 15 65 49 15 11 0 48 11 10 11 43 27 24 16 10 30 42 28 14 6 17 67 28 15 9 22 34 2 12 18 29 4 40 10 8 30 48 50 16 7 26 53 22 11 16 20 69 34 9 12 13 26 24 10 12 33 35 11 17 13 24 43 48 9 7 52 0.05 10 
85 388 250 88 34 20 18 48 71 48 23 19 53 98 40 23 24 58 67 44 22 20 33 73 40 17 18 46 81 48 16 20 33 61 44 19 20 39 84 52 26 17 50 77 52 24 23 41 77 34 24 25 48 63 45 22 25 42 69 54 23 20 54 63 42 17 19 36 80 48 21 23 46 75 132 0.07 14 
86 318 370 65 53 102 54 42 26 54 103 80 29 31 54 108 62 28 44 56 92 60 28 35 77 124 60 26 31 61 89 59 28 35 53 107 67 33 37 64 116 58 23 27 61 101 60 31 39 79 115 56 29 24 59 104 62 33 26 70 116 62 40 24 53 114 61 28 30 63 106 84 36 35 130 0.04 8 
87 123 494 13 7 3 12 14 8 5 4 12 14 8 7 7 11 17 9 4 9 7 14 6 9 2 14 26 12 5 3 8 20 19 5 3 11 21 4 4 9 13 9 21 8 5 17 22 8 7 7 8 21 24 9 8 8 26 15 9 6 13 21 12 9 6 7 16 11 7 7 16 17 12 26 0.05 10 
88 306 162 116 29 26 46 113 53 23 23 41 80 39 28 26 50 87 74 32 22 46 92 70 35 17 49 104 78 33 26 60 88 48 30 36 73 96 72 24 27 62 131 57 25 31 63 88 49 26 28 61 104 54 28 37 76 111 51 25 30 49 95 56 33 22 58 118 53 33 26 65 95 56 174 0.08 16 
89 68 242 31 18 18 40 28 15 20 20 45 23 11 23 39 84 25 23 24 25 42 22 13 24 27 44 23 18 18 13 50 40 21 13 14 70 24 17 21 37 30 28 16 17 13 64 36 15 24 44 51 37 7 11 36 55 22 18 13 27 61 20 15 9 39 45 38 11 12 50 47 42 14 62 0.07 14 
90 427 351 128 70 68 61 37 49 44 68 75 32 23 67 142 76 30 44 58 117 65 35 37 67 132 83 36 36 52 121 77 19 30 58 135 41 23 28 78 104 44 24 41 59 108 53 28 34 48 106 70 30 35 76 92 90 29 34 74 112 71 25 39 80 107 51 17 40 64 113 64 32 26 192 0.07 14 
91 453 197 53 68 87 53 30 24 47 96 54 28 25 56 78 48 23 26 58 94 43 24 23 61 111 45 30 26 67 89 66 30 21 50 70 60 23 25 63 87 67 27 24 48 106 50 32 22 41 116 60 30 24 61 72 60 21 22 41 91 45 28 28 50 88 58 26 18 41 84 58 24 25 106 0.02 4 
92 121 302 94 84 155 79 40 49 90 186 83 40 45 78 138 75 48 46 106 160 110 50 43 77 179 91 51 47 78 161 93 43 43 96 128 102 54 51 95 155 85 38 49 102 168 100 42 51 92 161 96 39 42 98 186 76 54 46 103 156 81 52 38 87 146 86 41 44 91 137 84 50 43 188 0.04 8 
93 46 232 117 48 21 22 27 72 39 17 19 40 77 35 21 22 39 66 34 18 14 45 72 33 18 15 41 59 31 22 19 43 67 40 20 17 36 65 39 14 15 40 60 40 18 23 32 69 43 22 19 48 61 35 21 16 44 81 49 15 18 35 81 26 20 16 32 79 37 18 18 34 54 156 0.09 18 
94 389 471 34 17 18 22 49 36 19 14 29 58 31 13 16 35 44 21 16 15 33 71 36 18 19 39 57 26 21 19 38 61 37 18 17 26 55 33 17 22 37 65 49 15 11 35 70 36 12 13 42 49 32 19 16 21 55 27 16 16 31 54 23 18 12 43 69 29 17 16 29 60 45 68 0.04 8 
95 257 89 19 9 13 23 12 25 5 10 16 35 18 9 6 20 23 12 10 4 29 32 12 7 11 14 49 21 11 8 18 45 23 2 7 16 24 33 13 10 20 36 18 15 6 15 44 13 5 12 23 25 10 8 9 12 38 19 6 13 19 52 21 6 7 23 40 14 4 18 9 46 12 38 0.04 8 
96 439 415 84 51 48 107 118 101 31 39 87 156 65 42 55 97 131 70 38 46 77 145 82 47 29 96 100 105 31 47 79 135 80 46 53 93 132 89 27 41 93 181 79 52 47 86 148 111 52 52 47 155 77 47 33 101 116 79 32 47 73 152 74 43 45 103 160 89 43 33 68 114 86 168 0.07 14 
97 80 68 78 20 40 55 27 23 25 39 72 41 16 19 36 64 33 20 20 39 54 53 18 22 29 63 29 22 15 31 58 35 16 22 40 75 44 17 20 30 67 35 23 23 44 68 37 18 22 50 55 41 15 19 43 58 37 18 26 32 59 42 24 16 37 78 46 24 20 44 73 46 24 117 0.09 18 
98 150 190 55 22 28 73 52 60 28 23 71 88 55 22 29 44 110 43 36 19 70 100 66 20 30 42 106 55 24 27 68 96 60 33 29 64 95 54 31 31 36 77 43 24 41 59 103 56 27 29 64 117 53 26 25 57 95 64 21 23 50 76 46 30 30 39 85 41 23 23 48 78 53 110 0.09 18 
99 177 310 132 57 30 35 64 115 65 33 41 75 128 60 39 29 56 102 74 28 29 70 108 79 38 30 60 112 69 29 37 69 126 76 29 37 74 135 77 29 30 73 122 71 30 38 83 145 74 26 38 66 120 77 26 27 73 125 73 33 35 53 128 64 26 38 65 132 63 32 26 72 135 198 0.08 16 
100 43 244 52 26 54 22 8 9 35 44 15 14 21 39 50 25 15 7 29 33 23 18 9 21 46 23 11 20 16 59 27 17 11 32 62 28 12 16 22 37 26 11 8 35 20 36 8 9 23 42 17 14 16 13 23 19 9 11 21 42 22 8 12 27 45 25 12 11 9 51 25 12 16 78 0.02 4 
101 89 344 216 86 100 78 43 30 70 124 60 40 40 82 118 71 29 27 60 118 69 43 29 53 106 71 37 35 74 124 65 28 38 67 103 54 38 28 59 99 64 34 29 63 157 70 44 30 74 105 54 36 36 82 147 81 40 39 53 105 71 38 28 79 122 79 38 26 62 118 88 32 36 288 0.08 16 
102 239 61 180 28 21 56 100 54 38 29 87 114 53 25 25 49 84 74 30 42 56 105 52 29 26 57 127 62 28 31 68 123 60 27 34 51 109 72 29 31 43 127 50 29 27 89 97 49 22 19 58 123 69 21 24 82 113 46 25 36 59 78 61 30 35 45 93 69 36 24 47 119 60 240 0.09 18 
103 336 367 174 85 55 26 26 60 107 58 23 28 62 94 63 35 29 62 76 55 27 27 72 90 60 32 29 50 96 54 30 30 65 94 57 28 24 71 77 50 26 32 66 82 57 37 33 67 84 60 30 37 63 103 53 32 25 54 92 57 30 29 58 100 75 24 27 61 111 69 33 35 68 232 0.08 16 
104 447 399 51 16 18 14 9 4 31 37 12 10 8 16 26 5 7 4 6 20 22 10 7 13 22 25 10 7 24 35 22 11 5 20 20 17 10 13 18 8 20 8 6 22 27 16 6 8 20 20 13 10 11 19 46 13 7 6 18 25 10 7 5 8 28 7 4 11 18 43 11 1 4 68 0.07 14 
105 364 432 84 43 13 22 18 15 35 9 15 44 81 19 15 14 21 15 34 9 6 35 69 44 10 14 22 42 12 16 10 31 42 40 12 10 12 53 41 15 9 22 34 13 14 15 20 19 14 17 17 34 44 30 8 24 25 45 20 9 9 19 49 32 21 10 21 47 40 21 20 7 40 112 0.04 8 
106 361 392 147 21 27 58 89 43 28 25 58 58 42 21 22 46 111 39 16 24 52 67 44 20 23 47 81 41 27 21 53 65 41 23 25 39 80 55 29 32 39 101 36 22 20 46 81 49 24 29 45 97 57 24 28 57 87 46 20 26 53 71 37 25 24 56 79 44 27 24 60 75 59 196 0.09 18 
107 473 190 165 88 60 20 30 49 91 51 24 29 64 100 50 21 24 63 105 54 27 25 40 78 46 24 26 55 105 49 28 30 50 80 49 31 25 55 85 68 26 26 47 90 51 35 24 62 92 42 18 24 42 102 44 33 29 52 89 57 28 25 65 107 50 35 29 57 112 54 32 24 56 220 0.07 14 
108 264 128 21 11 9 15 34 27 9 11 16 33 17 7 10 21 36 24 9 12 17 36 23 10 10 19 28 23 12 9 17 41 18 7 9 16 36 16 7 9 23 36 16 9 9 23 37 23 10 11 22 26 27 10 9 20 35 21 11 10 16 51 25 12 10 24 34 17 10 14 18 27 18 42 0.08 16 
109 95 288 36 31 69 37 19 20 30 61 35 17 18 42 63 41 16 19 37 65 31 19 20 30 68 33 20 13 40 59 34 19 14 39 58 28 14 16 39 63 39 15 16 35 58 30 19 16 38 63 30 18 21 30 51 35 17 18 35 54 33 17 19 30 61 32 18 15 34 65 38 16 21 72 0.03 6 
110 240 227 178 56 35 73 146 83 53 52 117 160 102 45 49 88 118 93 35 27 95 200 80 37 58 71 115 90 45 45 88 154 89 48 41 104 158 62 42 54 64 182 76 44 56 96 159 96 52 40 110 138 96 40 43 89 154 81 49 44 75 145 80 37 54 113 136 84 52 51 84 125 82 267 0.02 4 
111 329 457 44 61 42 26 25 42 65 47 22 24 38 101 34 18 28 54 100 52 26 26 35 75 46 29 24 40 90 43 17 14 48 71 21 22 19 49 78 68 19 28 48 55 29 28 22 46 112 42 25 31 52 73 35 34 24 42 117 36 15 21 42 53 52 26 17 42 53 46 21 15 47 88 0.02 4 
112 23 13 22 20 10 5 4 10 16 7 4 5 12 12 14 4 6 10 17 12 5 5 12 20 10 5 5 9 14 13 5 5 11 20 9 5 4 6 12 10 6 5 8 12 11 4 4 10 19 7 5 4 7 17 8 4 3 11 20 8 5 6 11 22 9 4 5 14 17 11 5 5 10 33 0.04 8 
113 453 395 111 10 26 85 27 11 21 57 67 52 18 15 27 66 34 21 15 48 40 31 17 15 34 66 24 12 18 40 52 27 21 10 30 67 31 16 21 44 54 48 10 21 42 84 32 32 19 43 30 29 24 21 51 60 61 23 22 40 29 33 9 13 44 84 44 20 24 48 85 24 9 148 0.08 16 
114 222 183 165 49 109 51 31 30 54 100 58 28 26 51 87 59 34 20 54 100 52 33 27 66 91 46 26 21 61 86 50 20 27 58 97 43 29 32 60 81 55 22 23 50 81 69 29 32 49 98 50 26 25 64 115 57 30 28 54 74 51 28 27 46 118 68 34 30 50 115 52 36 24 220 0.08 16 
115 14 244 15 9 5 8 18 36 11 6 6 10 14 14 7 5 9 22 13 6 5 21 33 22 7 7 11 32 17 7 4 15 17 10 7 9 14 6 11 7 8 11 34 23 10 9 20 19 6 4 4 18 29 20 7 5 12 31 11 10 5 13 26 15 8 11 15 21 18 8 6 7 28 30 0.03 6 
116 296 24 78 50 28 106 145 73 38 39 90 107 88 48 45 67 150 82 33 35 80 154 59 43 49 77 152 55 48 31 99 126 53 29 36 60 163 71 38 46 87 137 82 32 46 86 151 92 40 34 107 144 85 40 38 95 108 74 41 46 70 142 86 29 27 69 84 106 39 39 66 124 65 156 0.07 14 
117 75 316 172 40 35 95 139 102 42 39 87 151 82 37 51 68 145 85 43 45 97 135 73 51 36 99 158 90 42 50 92 171 101 48 40 94 140 89 38 37 87 145 79 50 34 90 125 85 43 37 71 172 86 40 53 80 127 90 35 38 90 168 77 37 36 101 133 70 49 38 77 146 99 258 0.08 16 
118 182 153 48 11 8 12 18 41 13 6 7 9 31 14 7 9 19 38 18 8 8 14 27 14 9 9 16 34 12 5 10 19 34 13 9 9 12 25 13 12 9 10 20 15 9 4 15 29 16 5 8 11 31 16 8 12 22 27 11 8 9 11 27 11 10 8 11 32 4 8 6 17 35 64 0.05 10 
119 80 491 87 15 24 32 27 15 18 31 50 28 13 15 27 34 25 15 10 25 57 35 14 15 32 52 27 21 17 34 43 28 14 14 23 69 25 13 18 34 37 26 13 12 15 61 33 17 18 36 60 24 9 15 30 50 22 12 15 32 50 25 12 15 36 56 38 15 18 32 52 35 15 116 0.02 4 
120 357 339 198 180 89 46 41 113 192 90 48 42 90 213 88 47 38 89 180 128 61 46 98 168 105 47 50 104 188 103 51 48 111 174 96 51 39 128 154 87 43 37 84 160 82 46 54 108 157 77 55 56 86 152 88 44 49 87 156 106 53 54 106 157 90 53 42 108 157 108 68 50 122 297 0.02 4 
121 281 319 231 68 110 72 33 30 60 125 74 39 31 76 146 67 46 47 64 132 103 38 38 72 156 76 45 35 89 130 77 38 38 85 142 94 32 34 69 123 70 44 33 84 141 85 40 33 68 145 91 32 44 85 116 62 45 35 76 149 91 35 31 58 145 64 39 31 82 118 78 38 35 308 0.09 18 
122 59 68 95 40 43 95 182 105 47 49 84 166 120 51 40 104 191 90 37 42 116 154 86 44 52 104 185 80 58 53 127 139 89 39 57 88 192 116 44 43 99 187 98 46 52 110 187 101 46 40 81 167 112 55 36 86 133 111 48 59 72 185 103 38 38 87 174 97 55 49 83 140 90 190 0.03 6 
123 273 263 30 23 23 8 8 21 26 0 10 6 18 32 2 7 0 14 40 36 0 9 21 45 6 4 2 11 22 24 8 6 22 7 11 6 8 7 11 18 12 11 5 26 19 4 3 35 19 15 5 2 11 7 13 2 4 11 0 10 3 9 25 29 4 6 16 19 28 20 5 0 4 45 0.07 14 
124 103 24 93 90 131 86 46 39 86 138 95 39 47 109 138 115 33 50 88 178 70 50 39 95 171 107 58 38 100 145 83 36 37 70 140 82 46 39 104 177 84 49 49 112 135 114 54 44 105 170 84 44 40 87 133 76 49 51 95 143 84 48 43 104 118 87 47 41 83 148 116 56 61 186 0.02 4 
125 477 491 60 9 7 32 29 4 8 15 10 32 6 9 14 33 21 10 15 21 24 18 7 4 23 37 12 12 17 33 30 21 8 4 24 35 21 14 8 20 28 33 9 8 20 40 19 10 13 16 22 37 14 6 13 33 23 14 10 19 43 17 7 10 20 51 22 7 6 19 31 17 4 80 0.02 4 
126 247 8 43 17 22 43 73 26 22 28 36 114 61 31 18 50 72 36 22 31 18 90 57 22 16 50 66 35 24 17 39 68 28 22 17 35 85 39 14 12 58 63 47 22 29 42 85 38 21 23 44 73 35 13 21 26 75 47 16 10 55 60 65 22 25 44 44 57 33 18 44 38 39 86 0.06 12 
127 267 328 198 117 45 40 101 151 131 48 47 102 143 76 48 45 83 196 116 42 65 89 195 109 58 49 94 155 101 64 54 102 159 106 53 52 72 154 81 48 49 109 157 82 44 55 87 135 122 56 60 78 187 102 44 47 120 140 84 58 39 100 219 101 58 52 84 177 98 47 48 118 141 297 0.07 14 
128 105 20 60 69 111 48 25 21 61 92 62 30 38 36 100 56 36 23 71 78 49 20 33 62 90 69 27 32 81 120 51 27 43 63 139 56 24 33 60 79 55 22 38 68 123 46 24 30 60 99 62 32 27 70 81 74 25 27 39 93 57 35 35 73 83 52 32 27 53 95 71 32 28 120 0.06 12 
129 154 496 76 50 34 15 17 36 57 46 19 24 45 72 40 16 19 32 50 42 16 21 47 68 47 18 13 40 49 34 19 19 34 51 48 20 16 35 66 37 17 21 45 56 37 21 18 37 57 42 17 19 43 66 38 20 25 34 65 33 18 19 47 56 40 22 16 30 75 36 25 22 37 114 0.08 16 
130 212 187 93 51 42 92 171 87 57 37 83 138 92 42 46 83 149 92 52 47 93 177 112 48 53 97 158 91 41 44 84 164 102 44 54 92 169 101 43 56 92 171 75 51 50 76 180 95 44 47 94 150 74 42 51 79 130 104 41 48 83 164 77 40 38 109 137 108 46 41 74 173 89 186 0.05 10 
131 155 464 96 51 47 106 190 102 51 38 78 182 92 40 50 91 183 89 51 54 85 165 107 50 44 85 147 110 50 42 106 141 95 41 52 95 165 108 45 45 105 135 96 49 44 114 154 93 45 55 94 180 97 49 43 74 148 109 43 50 83 155 97 55 45 84 154 79 50 52 99 138 98 192 0.02 4 
132 405 164 82 45 93 136 75 47 37 110 135 65 52 36 99 165 81 45 39 66 140 90 36 36 90 106 84 37 42 79 143 96 39 43 71 116 68 45 43 74 119 84 43 38 77 164 90 32 42 94 114 66 45 46 62 129 81 39 46 69 127 63 39 45 85 138 71 36 42 80 145 78 50 164 0.07 14 
133 195 178 82 26 36 73 38 27 20 41 65 40 20 16 34 58 41 21 20 32 71 26 20 14 44 63 39 19 18 30 77 42 21 23 37 44 37 23 23 32 84 43 20 27 40 76 43 18 19 34 51 39 17 14 43 65 34 13 20 35 55 40 19 17 49 38 31 25 32 39 74 44 19 123 0.04 8 
134 181 14 200 43 55 81 162 78 51 53 113 151 95 47 55 113 173 89 56 47 102 145 101 45 55 114 156 108 56 50 102 145 117 49 52 106 141 121 45 50 89 183 82 41 43 80 156 105 44 55 97 215 106 55 47 84 181 109 46 52 118 169 109 56 52 107 207 119 46 49 106 168 86 300 0.02 4 
135 8 423 28 48 16 13 11 33 61 28 12 21 39 61 26 13 12 24 42 11 10 13 28 53 12 9 13 36 63 37 19 19 24 69 20 19 15 37 40 21 19 8 32 46 30 13 14 34 46 30 14 16 24 42 25 17 15 41 41 22 9 14 27 41 26 16 5 24 49 19 15 17 42 56 0.07 14 
136 38 410 273 143 100 45 41 84 171 76 46 39 86 130 80 47 46 85 163 101 41 39 72 150 74 45 54 94 180 81 47 46 95 192 76 50 44 86 142 79 52 41 81 142 82 37 43 100 134 95 47 55 75 164 112 45 42 82 169 81 41 50 88 179 106 56 46 73 178 76 39 43 94 364 0.02 4 
137 300 281 54 38 11 3 7 9 23 11 10 8 18 34 7 9 10 26 25 12 6 1 14 27 0 11 11 17 37 1 8 6 16 14 11 5 7 14 7 0 2 4 13 37 20 10 3 1 28 3 0 11 25 42 15 1 8 8 36 10 2 3 19 19 19 6 6 23 17 9 11 1 24 72 0.07 14 
138 60 248 117 19 44 65 39 19 16 36 57 35 21 21 45 58 35 17 19 45 54 33 23 20 32 69 39 15 21 39 77 44 21 15 43 75 37 16 23 47 68 33 15 21 42 60 42 20 20 37 74 44 21 19 46 62 37 18 18 41 76 38 17 19 35 72 41 24 21 42 58 47 23 156 0.05 10 
139 424 156 26 9 2 16 18 8 5 1 9 21 0 7 18 36 0 0 6 6 43 5 6 0 5 31 34 13 6 26 29 10 1 11 19 14 18 20 5 20 11 28 2 5 13 37 20 2 3 15 43 16 0 3 14 21 23 12 3 8 6 18 4 4 17 44 11 9 3 14 14 16 0 39 0.06 12 
140 255 230 64 28 12 14 39 77 32 22 13 35 61 23 16 11 31 60 22 18 11 26 47 37 20 12 50 63 47 23 12 19 65 43 18 14 32 47 35 21 13 31 56 46 15 17 32 48 28 14 8 27 54 38 13 17 21 68 20 16 9 32 35 21 15 15 39 56 43 14 12 26 53 96 0.08 16 
141 160 365 38 32 60 44 19 21 30 26 59 14 26 26 68 31 17 13 33 50 36 21 16 28 51 55 11 22 34 52 32 19 26 61 67 23 12 15 54 72 17 19 25 52 93 56 15 19 37 67 27 13 18 28 54 36 7 17 43 41 40 21 15 55 50 48 17 26 37 58 50 12 13 76 0.03 6 
142 24 419 87 13 14 23 42 30 14 16 26 45 37 13 17 22 48 33 16 15 33 44 33 11 14 28 54 24 16 16 29 45 26 14 14 24 44 32 12 14 24 46 26 12 14 25 54 29 15 17 28 58 27 14 10 27 45 27 18 15 26 47 27 12 13 31 42 31 15 16 23 38 27 116 0.08 16 
143 260 124 255 52 91 111 81 46 46 75 134 97 38 34 74 126 73 46 33 108 116 92 50 50 75 122 76 46 38 86 156 93 42 39 73 112 82 38 47 104 164 84 33 45 70 160 89 40 49 88 163 79 44 40 93 165 92 38 42 82 147 80 46 51 84 131 97 37 38 70 129 67 38 340 0.03 6 
144 312 349 42 29 0 7 3 1 16 21 8 8 5 0 28 12 12 0 49 0 0 11 13 0 3 6 6 13 0 15 3 13 25 55 13 0 4 7 5 21 12 15 13 37 24 6 10 9 20 19 14 10 0 53 0 8 13 23 16 36 9 0 5 15 3 16 7 13 0 17 1 3 17 56 0.03 6 
145 127 214 120 65 34 27 48 93 55 29 32 67 102 73 32 32 71 102 62 29 25 64 98 62 25 33 51 101 60 35 30 62 92 68 28 30 57 119 52 35 31 63 119 62 35 31 49 101 62 27 33 55 105 64 31 28 69 114 61 29 27 54 124 56 30 27 68 89 44 27 25 56 119 180 0.04 8 
146 251 248 85 37 113 115 68 37 38 95 157 103 39 40 109 170 83 46 33 69 136 87 43 38 79 152 98 39 46 100 152 78 37 33 81 121 72 41 46 79 132 81 42 47 86 158 95 45 47 76 125 85 36 36 69 152 95 31 42 81 135 79 40 40 112 130 68 52 33 106 151 85 37 170 0.08 16 
147 156 353 231 89 43 27 60 131 48 38 31 79 142 76 33 31 93 124 64 41 45 82 115 61 48 32 61 119 89 27 42 83 126 64 36 37 82 134 51 40 35 71 120 97 32 35 63 115 89 31 47 82 134 79 37 37 84 131 71 36 27 81 195 76 30 36 95 155 83 28 36 72 126 308 0.04 8 
148 173 103 162 85 71 29 23 66 78 43 30 31 54 94 49 27 19 43 93 53 26 20 39 70 51 21 22 43 83 71 27 30 63 97 54 24 28 46 83 55 20 23 56 112 57 26 25 50 78 50 26 27 50 109 52 19 31 50 94 39 26 27 58 104 42 32 27 61 76 55 20 31 56 216 0.05 10 
149 498 398 48 47 91 44 21 27 43 75 37 26 23 55 72 55 19 27 49 94 35 19 30 49 96 49 29 21 44 84 44 27 22 50 72 57 22 20 45 80 46 21 20 50 85 49 19 24 54 68 53 19 30 51 63 50 19 29 57 77 43 23 28 46 81 47 25 22 41 77 37 23 27 96 0.06 12 
150 218 376 96 92 60 25 23 38 90 43 21 22 59 93 42 19 22 63 83 37 29 19 52 77 48 24 23 59 86 38 16 20 45 92 55 19 21 42 90 58 21 26 63 85 48 25 24 48 80 53 23 20 53 77 45 19 22 38 90 45 20 26 38 92 47 19 18 64 96 44 22 23 38 144 0.06 12 
151 94 323 47 35 23 24 45 74 39 30 19 59 73 43 17 17 48 56 41 25 12 37 76 43 19 25 51 79 52 26 25 64 53 39 23 27 38 60 49 25 23 41 67 53 28 19 48 75 41 16 24 41 74 48 19 20 38 88 59 30 21 51 83 41 26 20 60 78 45 28 21 56 101 94 0.08 16 
152 430 438 195 130 63 26 29 80 116 54 28 29 54 91 51 37 36 52 98 67 35 23 57 116 57 31 30 65 95 58 27 31 86 103 70 26 32 73 88 54 32 30 60 101 61 27 26 51 96 54 41 31 72 128 71 40 23 62 77 73 31 35 70 100 48 26 41 59 114 69 26 33 69 260 0.08 16 
153 205 199 100 56 66 48 27 24 79 73 26 25 22 49 73 61 32 31 40 79 56 21 19 41 79 63 19 21 62 84 41 18 23 49 92 45 24 26 62 110 45 27 26 52 87 60 25 23 58 87 47 28 22 44 92 47 23 25 48 75 46 24 23 47 104 58 25 19 22 81 63 29 22 150 0.04 8 
154 428 82 37 30 20 19 30 50 44 21 20 36 75 43 21 21 27 75 39 18 17 38 60 40 20 16 34 63 34 14 19 30 54 43 17 19 36 59 34 15 18 35 70 41 15 16 37 74 33 17 20 34 69 30 15 14 44 63 34 22 17 39 70 30 19 15 33 65 40 19 19 34 49 74 0.03 6 
155 45 347 198 69 44 37 42 55 111 64 24 33 71 80 71 24 37 60 112 56 24 27 50 96 55 39 33 79 112 55 34 44 87 124 73 38 34 72 89 66 34 26 73 105 74 34 33 63 107 66 41 29 77 109 63 38 33 78 90 66 41 35 73 128 66 28 32 88 100 56 39 32 88 264 0.06 12 
156 119 148 261 34 65 159 70 39 43 84 111 81 46 31 87 142 98 41 50 77 156 83 42 43 80 159 103 38 55 75 136 69 43 38 74 140 76 49 36 98 131 92 44 38 69 149 90 36 39 114 143 89 43 37 94 144 80 40 46 74 149 86 40 47 76 127 76 46 42 92 117 82 44 348 0.03 6 
157 351 424 36 13 5 12 33 13 4 4 5 17 13 3 6 12 21 14 8 0 7 22 10 3 2 11 31 8 3 5 18 19 8 10 6 5 19 17 10 0 13 15 10 7 10 9 22 22 11 7 7 27 4 5 9 23 21 0 5 7 20 20 8 7 7 6 4 2 4 8 10 22 19 48 0.03 6 
158 299 55 105 48 29 19 12 38 71 29 17 20 28 61 35 19 15 42 50 30 15 15 32 67 42 21 18 42 75 30 16 15 33 67 35 16 14 38 59 38 14 24 28 63 36 16 15 27 64 30 14 15 28 53 35 17 21 26 62 36 18 13 31 53 42 14 17 30 55 42 13 14 37 140 0.05 10 
159 337 427 25 8 23 62 32 15 19 26 57 26 14 15 36 52 51 15 9 31 37 14 16 14 12 44 17 7 8 18 40 20 21 6 32 31 34 15 10 21 70 21 8 14 28 70 21 13 10 19 32 28 4 17 21 45 19 7 12 20 54 22 12 1 26 43 15 11 0 21 52 27 11 50 0.08 16 
160 465 478 98 26 24 52 86 64 23 27 57 83 34 20 35 34 68 56 23 36 36 82 53 26 25 50 83 35 21 20 37 95 45 19 15 51 87 40 21 18 56 67 39 23 29 69 67 65 25 22 79 92 53 26 26 61 93 51 22 18 50 82 49 25 20 44 73 49 24 29 56 81 47 147 0.02 4 
161 127 330 38 7 11 20 30 17 12 11 29 33 17 10 9 19 26 16 9 8 23 29 21 9 7 18 31 20 12 12 14 33 12 11 10 18 46 18 9 9 15 44 22 6 6 21 38 17 10 9 15 27 18 9 13 17 24 29 11 10 19 46 11 14 8 21 36 20 6 11 20 38 26 57 0.06 12 
162 164 489 11 14 9 44 10 12 4 3 0 8 14 0 29 15 15 1 5 4 19 0 1 10 21 68 2 1 0 6 19 3 8 12 3 0 23 12 0 13 23 2 4 1 16 21 13 11 3 22 16 2 0 1 5 29 3 2 8 20 16 0 6 5 21 28 0 13 14 15 29 5 0 22 0.05 10 
163 122 498 104 113 62 21 28 74 94 57 17 30 59 110 44 35 38 50 117 59 26 23 52 72 66 25 32 56 128 42 22 25 39 77 56 16 18 46 86 35 29 22 61 108 57 37 30 54 78 53 29 35 59 87 55 32 25 58 122 57 35 27 65 93 47 31 35 55 68 45 17 23 50 156 0.06 12 
164 14 4 130 65 102 61 32 33 76 102 68 28 31 80 92 51 27 31 59 114 55 39 28 67 126 57 35 30 64 118 53 31 32 53 119 74 29 34 67 107 53 37 32 67 129 58 35 30 53 122 75 27 27 71 120 62 33 30 71 108 57 32 26 82 104 59 25 35 73 111 75 29 26 195 0.05 10 
165 283 167 74 19 35 69 38 20 17 41 61 26 22 25 29 56 45 17 14 45 51 43 15 20 43 60 46 21 24 39 49 39 21 18 36 59 37 18 16 36 63 40 20 15 42 61 25 24 16 39 73 53 14 17 40 68 39 20 21 34 47 45 13 19 36 73 45 20 17 36 55 36 18 111 0.09 18 
166 363 333 207 64 100 55 31 32 52 129 59 32 39 84 96 58 33 37 65 105 69 38 28 78 110 84 36 38 55 120 56 40 34 79 118 69 29 33 60 130 81 40 29 77 131 63 43 34 62 101 64 37 29 68 120 72 40 32 59 100 72 35 32 63 111 57 28 39 82 118 64 32 42 276 0.03 6 
167 67 345 98 58 58 76 145 79 53 42 95 163 92 41 45 112 163 101 42 53 121 158 100 44 48 96 168 93 55 55 94 158 102 49 48 85 140 87 48 61 78 142 107 43 38 108 155 84 55 48 83 147 85 52 45 110 166 90 55 43 100 147 76 40 55 105 153 87 62 48 100 198 106 196 0.05 10 
168 454 82 196 41 48 103 141 88 50 40 89 153 81 57 49 102 170 103 50 40 115 171 112 53 52 96 166 100 46 39 103 206 113 44 44 94 144 84 48 53 104 176 79 41 42 112 133 102 38 56 121 156 108 39 55 113 156 89 41 44 108 145 104 49 54 80 192 99 44 52 115 178 113 294 0.03 6 
169 456 132 93 40 116 197 70 49 42 108 149 77 48 43 84 168 86 57 37 76 165 80 42 42 79 150 102 54 53 98 174 76 54 52 84 125 93 41 43 88 119 95 44 42 78 132 75 51 46 103 145 122 41 39 100 167 117 48 39 89 155 90 47 38 80 204 74 49 57 95 138 127 51 186 0.02 4 
170 482 277 14 49 8 15 13 25 26 13 0 6 12 44 12 7 10 19 25 16 15 8 0 12 13 10 8 12 24 4 9 14 19 25 13 8 2 17 24 13 11 6 6 19 18 0 10 10 7 5 8 10 15 16 12 7 6 14 20 20 7 0 11 44 20 14 6 11 25 0 0 5 0 28 0.05 10 
171 323 203 91 88 124 111 46 43 99 125 68 58 53 93 149 82 46 54 113 148 71 47 52 95 178 112 37 43 83 165 93 53 37 96 163 96 50 45 96 153 117 48 43 108 136 83 56 49 95 178 81 58 53 95 116 83 57 52 106 163 80 51 53 95 116 67 34 55 83 138 101 42 57 182 0.09 18 
172 369 269 85 127 91 40 57 85 139 115 46 41 81 155 83 39 40 71 158 113 39 39 75 140 73 36 37 72 137 90 39 52 76 149 67 39 42 81 142 88 43 37 84 136 68 32 39 89 105 105 29 35 73 147 109 35 42 85 156 102 45 48 82 115 86 38 47 78 160 95 48 29 86 170 0.02 4 
173 179 200 57 15 40 19 16 9 13 30 12 4 16 17 35 30 13 4 24 34 17 5 6 7 41 19 13 12 12 22 16 8 3 11 34 23 11 10 26 31 21 11 15 16 34 23 9 10 26 36 11 4 4 19 47 16 9 13 41 42 25 2 5 10 9 23 4 2 18 13 7 12 13 76 0.03 6 
174 300 119 195 28 29 65 113 61 36 34 52 108 78 30 33 57 100 68 28 30 76 124 73 29 39 74 117 64 27 35 61 106 70 37 25 69 111 60 32 39 63 103 52 36 32 62 113 69 27 28 56 98 60 28 32 52 96 67 28 29 71 108 66 28 32 59 102 59 28 30 52 115 58 260 0.05 10 
175 235 131 132 19 22 44 74 51 23 27 35 77 36 18 26 41 107 31 17 24 51 77 49 22 16 49 71 57 30 27 39 68 37 17 26 47 91 60 29 15 34 59 36 23 23 40 62 42 24 22 38 89 38 20 20 48 66 38 21 26 45 76 51 18 25 33 58 71 22 17 48 73 45 176 0.08 16 
176 178 428 45 26 57 99 41 19 22 52 73 38 20 28 39 83 50 23 26 57 80 41 20 21 46 74 52 25 21 46 80 42 25 27 46 74 53 25 19 56 80 36 18 24 41 86 34 21 21 45 61 32 19 24 38 72 42 29 23 41 78 47 22 23 47 77 52 26 22 39 87 38 27 90 0.04 8 
177 403 17 123 16 47 59 34 24 20 38 59 33 18 22 43 84 37 17 21 33 76 36 17 22 39 71 42 21 17 44 81 45 20 20 40 65 43 15 21 44 82 46 26 23 44 77 49 22 20 48 80 38 21 22 41 62 40 14 15 31 74 45 16 18 36 72 35 18 24 41 62 51 21 164 0.02 4 
178 129 282 198 101 59 38 36 54 119 66 27 28 64 124 74 33 30 63 123 70 26 27 75 89 76 31 33 58 143 54 32 37 46 100 73 34 27 44 106 67 38 31 72 132 65 28 32 46 105 73 24 23 56 106 73 32 25 74 114 53 26 35 77 112 78 40 25 64 100 69 30 30 70 264 0.05 10 
179 13 141 93 12 16 28 46 27 14 15 35 48 31 18 14 27 55 27 14 15 23 55 20 20 16 38 56 25 17 16 31 46 27 12 14 33 41 21 10 14 28 55 34 17 19 29 74 31 17 13 32 53 39 12 19 24 58 30 13 15 30 55 32 14 14 34 55 30 14 10 31 59 31 124 0.03 6 
180 332 1 132 34 65 47 23 32 47 84 50 17 16 31 65 39 27 24 32 92 36 24 20 44 82 58 26 17 54 90 43 23 30 41 82 31 30 24 45 66 53 14 18 28 81 47 16 25 41 83 28 22 19 47 73 29 23 26 46 59 60 15 29 31 54 52 17 13 67 40 32 18 15 176 0.05 10 
181 423 14 81 149 77 38 35 98 128 78 40 33 90 127 70 44 46 78 133 88 34 33 65 139 67 44 38 81 135 84 43 46 81 151 94 36 41 68 121 70 42 41 70 131 80 42 46 67 160 75 38 43 89 166 79 43 45 88 134 89 51 36 90 151 82 32 41 80 134 88 37 43 79 162 0.02 4 
182 473 235 273 88 50 44 107 158 83 36 56 79 134 93 41 48 72 163 91 45 47 77 158 86 49 53 96 135 95 49 52 111 172 77 54 48 85 139 96 56 51 85 167 77 42 47 83 180 81 47 46 82 181 100 39 42 83 167 92 49 49 91 169 86 41 36 90 182 94 35 51 81 161 364 0.05 10 
183 84 248 108 29 28 57 76 65 30 26 63 105 49 33 26 47 100 63 23 23 47 83 43 31 28 47 73 59 22 28 54 84 56 25 32 52 99 50 20 29 42 108 60 27 23 65 92 55 29 26 55 108 49 27 23 58 87 53 31 25 59 106 58 25 26 58 97 62 29 31 61 89 57 162 0.09 18 
184 97 400 182 41 89 136 104 40 35 93 135 88 47 60 81 133 67 37 45 88 181 84 39 39 85 195 94 47 44 69 120 89 39 45 83 138 91 39 36 110 133 91 37 40 77 177 110 46 53 80 130 78 34 38 98 141 115 42 46 80 185 109 33 39 96 123 84 46 39 91 174 100 43 273 0.02 4 
185 27 103 159 30 61 86 67 30 31 67 78 62 31 31 40 81 49 31 25 60 84 57 30 29 51 74 59 28 32 72 106 44 29 30 51 98 57 28 29 51 106 50 28 24 49 94 46 20 32 72 94 48 30 27 57 74 57 21 21 50 107 58 23 27 68 79 62 24 20 64 97 53 29 212 0.05 10 
186 251 492 17 3 22 37 19 4 3 15 15 26 13 4 10 29 13 5 10 31 20 2 10 0 10 61 10 4 7 14 2 21 12 0 7 9 10 8 11 15 40 23 8 12 24 32 20 11 12 16 9 4 22 4 18 13 19 7 10 15 24 23 12 9 24 29 19 6 10 15 40 24 10 34 0.08 16 
187 464 65 33 24 10 5 15 6 12 4 0 0 29 18 7 6 11 27 0 2 6 1 27 25 5 7 2 18 8 1 10 5 15 11 2 11 11 25 6 5 8 15 18 2 7 5 7 30 6 12 5 3 32 13 4 3 1 23 17 9 6 8 23 18 7 0 4 24 12 0 4 1 0 44 0.03 6 
188 311 273 176 93 44 50 101 155 92 50 50 78 162 71 49 35 88 169 104 42 45 86 140 99 41 46 77 157 95 41 51 92 162 98 36 37 79 136 71 40 40 95 124 95 44 49 87 147 103 42 36 81 168 98 43 48 89 128 93 40 46 87 161 87 49 50 98 134 87 45 36 76 151 264 0.07 14 
189 353 256 31 18 30 70 23 17 17 32 51 39 17 17 26 48 29 16 11 30 45 25 22 17 35 41 28 18 12 39 53 23 5 13 42 72 54 14 19 30 75 16 15 11 23 52 48 16 16 25 19 40 14 13 27 41 23 27 17 27 61 36 16 13 29 57 33 16 12 25 36 13 16 62 0.04 8 
190 217 137 84 65 39 22 25 35 76 67 20 22 40 76 44 15 17 33 75 43 19 26 28 93 46 15 23 34 56 27 22 21 39 60 49 27 15 47 79 38 24 17 46 77 40 18 18 37 82 36 17 22 36 58 50 22 26 48 79 45 20 24 47 65 45 23 26 41 64 32 20 22 36 126 0.04 8 
191 218 58 36 15 14 5 24 32 21 5 12 32 43 20 5 12 22 52 24 5 15 16 13 12 18 11 30 27 13 6 2 5 34 7 12 10 15 31 13 10 10 16 48 27 0 7 32 37 9 1 6 16 56 18 12 11 17 50 14 6 20 12 16 12 12 9 28 5 18 6 9 27 35 54 0.05 10 
192 237 139 264 164 87 39 47 86 129 99 53 42 102 165 85 43 42 84 161 89 51 39 101 134 95 43 45 97 134 99 35 37 90 175 86 36 38 95 153 88 49 45 80 143 83 36 34 88 156 74 44 40 98 161 69 50 34 81 125 95 43 39 85 140 80 45 49 109 141 103 49 39 85 352 0.06 12 
193 428 279 88 47 34 86 161 105 42 38 77 178 82 50 48 100 185 107 40 41 91 151 104 42 44 82 126 71 33 38 101 124 100 50 47 107 152 103 42 36 87 142 72 36 37 74 135 73 47 47 98 146 101 48 48 89 148 99 46 43 97 161 96 53 49 77 170 74 43 44 70 146 77 176 0.03 6 
194 289 392 85 146 95 30 39 89 126 74 50 48 75 150 93 55 44 88 123 96 49 48 75 148 75 49 46 76 153 69 34 49 111 148 90 37 40 101 112 76 51 31 67 135 86 34 37 85 139 85 43 32 86 150 82 45 50 84 158 97 47 46 87 129 89 42 43 92 155 74 51 45 76 170 0.04 8 
195 238 404 210 70 141 83 38 37 59 125 60 31 31 97 151 74 36 30 64 148 87 40 43 90 153 71 39 35 66 97 68 31 31 67 117 83 27 40 67 122 52 32 31 59 124 76 34 31 92 132 58 39 30 75 112 85 32 44 62 132 63 38 33 68 127 51 24 33 57 88 78 30 35 280 0.04 8 
196 323 428 108 14 12 33 59 21 29 20 28 53 35 18 17 38 53 42 19 23 37 67 31 12 19 45 69 33 21 24 33 64 40 21 21 39 56 40 14 21 33 55 36 18 20 36 60 45 13 25 33 64 29 16 19 27 28 40 18 17 31 59 30 15 18 48 69 43 13 13 36 65 39 144 0.05 10 
197 404 55 50 15 14 15 42 19 11 17 17 41 30 6 10 27 37 28 4 12 24 57 26 7 8 25 36 26 14 10 27 67 20 10 7 30 37 35 9 17 29 44 25 16 9 9 37 32 21 14 37 31 30 6 15 25 31 20 15 13 10 73 21 15 16 3 48 23 12 12 37 70 22 75 0.09 18 
198 410 33 20 21 30 24 9 6 32 14 20 11 9 15 52 18 6 6 36 48 13 10 12 5 1 21 11 2 35 14 22 12 9 12 2 17 11 8 18 30 13 17 8 21 55 24 4 7 5 31 4 8 9 22 35 27 16 9 20 30 12 13 10 22 7 23 7 9 19 36 12 12 7 40 0.06 12 
199 417 176 60 28 30 8 11 14 40 6 6 12 31 51 23 12 7 18 9 30 1 10 17 46 32 3 11 29 27 18 8 14 9 38 24 16 8 19 19 14 6 10 17 17 26 13 11 23 24 30 9 23 28 41 31 10 3 21 56 28 8 11 47 13 23 11 12 8 51 33 11 10 9 80 0.04 8 
200 62 18 88 81 42 40 74 147 110 40 49 80 172 104 51 38 107 146 75 35 48 71 133 98 37 38 79 144 75 36 49 106 132 79 42 50 82 153 91 37 50 88 163 68 41 42 87 147 93 41 37 76 194 75 44 33 61 181 64 37 40 77 146 80 55 40 83 144 73 45 47 112 148 176 0.04 8 
