100 10 8430
0 332 498 16634 12007 12004 11996 11995 12002 12000 12001 11998 12006 12009 0.01
1 84 292 62 28 69 114 73 33 32 64 119 64 24 34 68 91 69 23 24 67 115 66 24 40 53 101 55 24 40 62 120 58 39 26 45 92 75 26 38 73 118 69 26 38 66 81 46 34 31 66 97 71 28 30 67 87 66 26 22 43 106 64 42 124 0.02 4 
2 73 217 87 34 36 72 132 76 42 50 86 130 94 39 39 74 152 100 36 43 71 109 98 47 33 82 129 111 45 48 85 164 75 47 47 90 125 81 46 45 74 173 85 50 50 71 145 100 40 46 94 148 87 40 48 72 145 110 40 39 72 166 70 174 0.03 6 
3 90 8 60 29 34 50 106 65 23 41 45 88 54 21 26 62 103 59 36 36 51 105 77 25 22 55 100 75 35 31 69 101 51 24 28 59 96 65 31 28 56 115 53 29 42 56 98 63 26 27 58 74 69 35 29 45 116 68 26 31 51 74 52 120 0.09 18 
4 448 393 176 73 46 47 88 208 80 58 48 74 104 84 39 48 79 134 84 48 51 98 155 91 38 42 90 166 97 58 53 116 130 89 55 39 86 108 99 33 47 78 169 97 60 49 105 146 89 42 49 109 141 71 37 38 100 173 72 49 34 79 145 264 0.05 10 
5 235 69 102 38 15 14 34 53 38 18 15 29 61 40 20 17 30 56 40 14 16 37 47 26 18 13 36 66 30 17 17 27 61 32 13 18 35 51 34 14 18 34 60 32 16 14 35 61 35 16 14 32 62 31 20 15 30 62 37 13 15 28 66 136 0.03 6 
6 493 350 53 32 25 45 99 49 22 24 52 90 57 32 28 57 97 57 23 27 53 77 52 31 27 52 83 45 31 27 54 83 54 25 31 44 78 62 29 24 53 83 52 23 26 45 92 62 27 28 51 105 47 25 23 52 78 51 30 25 50 85 60 106 0.04 8 
7 174 99 69 39 39 77 119 78 38 34 54 123 73 39 37 59 92 60 28 30 59 131 79 30 38 79 94 79 40 31 62 109 65 29 37 62 109 72 28 39 78 103 67 43 39 75 123 81 41 40 58 101 65 41 32 65 127 56 42 33 58 99 75 138 0.03 6 
8 41 20 114 54 35 25 14 56 68 39 24 26 42 63 29 17 20 39 87 37 15 19 29 49 36 18 15 34 76 36 15 18 33 75 32 20 17 35 65 36 19 26 34 52 43 24 18 45 57 43 19 24 40 79 36 19 28 40 52 39 23 12 41 152 0.02 4 
9 435 231 120 23 46 63 40 21 19 47 70 47 20 19 37 58 31 20 22 31 73 42 19 15 35 77 41 19 23 37 64 36 21 22 42 54 30 14 23 47 63 45 23 16 42 54 44 22 19 46 74 34 21 17 46 67 45 15 17 41 72 32 22 160 0.08 16 
10 43 324 184 79 137 96 41 40 85 121 110 38 43 79 166 93 44 46 87 150 73 43 42 109 172 91 39 43 95 164 80 46 47 88 141 94 36 45 90 148 79 39 55 85 168 102 55 52 73 182 95 49 40 83 136 76 38 40 79 170 114 44 44 276 0.03 6 
11 345 106 246 85 116 68 43 39 94 120 73 47 44 74 150 68 44 48 71 150 85 41 32 77 125 98 48 38 76 149 85 40 45 93 136 74 45 42 81 142 84 45 37 94 158 86 39 34 99 145 71 46 32 82 132 77 38 45 80 137 71 34 47 328 0.08 16 
12 194 266 84 39 25 14 11 32 22 31 11 15 19 49 29 13 9 19 62 24 12 8 24 46 23 10 12 37 52 32 10 9 16 63 24 17 8 31 30 36 14 14 31 51 14 14 18 33 47 27 13 14 23 40 18 13 12 32 51 30 11 10 23 112 0.05 10 
13 318 335 100 86 147 116 45 38 98 158 113 41 52 117 151 116 57 44 95 168 100 59 54 88 196 127 57 54 94 132 118 48 43 90 213 104 59 45 118 159 90 54 43 114 168 92 37 48 84 184 118 43 54 113 162 96 55 57 103 176 118 41 50 200 0.03 6 
14 426 8 246 41 98 140 67 43 36 87 112 61 36 43 86 150 98 35 35 69 142 84 40 37 101 160 84 44 41 89 137 70 40 40 69 126 75 36 35 82 151 78 42 37 84 134 81 44 36 94 154 91 48 38 84 123 89 44 35 86 157 81 38 328 0.03 6 
15 373 131 108 48 108 56 24 25 55 95 42 26 19 45 78 49 34 28 56 102 57 26 22 50 91 42 22 20 61 104 53 24 25 52 97 70 27 24 63 105 65 28 22 54 85 50 19 34 50 95 51 23 21 68 89 51 21 33 53 86 52 28 25 162 0.02 4 
16 26 450 285 58 44 89 188 114 47 53 102 161 104 56 36 102 183 78 48 55 97 161 101 43 50 105 180 97 49 63 88 155 87 43 42 118 156 87 46 38 91 152 82 43 53 87 185 97 39 40 111 146 109 45 46 97 197 122 48 47 96 141 85 380 0.07 14 
17 389 222 123 43 69 40 21 17 41 69 55 23 29 48 75 30 10 23 31 84 36 15 20 33 61 30 16 19 31 69 47 14 24 42 44 40 22 16 35 83 67 25 24 42 76 36 19 16 41 52 47 19 24 45 83 23 15 12 31 64 28 22 15 164 0.04 8 
18 286 98 130 52 126 72 33 34 53 89 74 29 35 64 101 79 39 32 53 111 56 28 31 66 117 73 34 37 52 103 57 36 38 59 110 70 35 32 62 94 65 26 36 80 98 58 34 31 49 127 53 29 27 52 112 79 35 33 65 122 68 33 26 195 0.09 18 
19 215 106 57 67 101 54 24 22 59 97 68 31 36 67 109 67 24 24 55 110 53 30 25 59 85 62 26 31 53 115 52 25 32 66 81 53 26 28 69 80 49 32 24 63 102 48 32 29 53 98 61 25 26 54 107 49 26 29 53 94 57 32 28 114 0.06 12 
20 97 331 111 54 33 21 11 67 54 33 13 17 21 41 50 20 23 31 58 41 17 22 43 50 39 21 17 38 59 30 16 23 30 59 45 23 18 30 84 41 11 14 50 54 34 15 16 43 51 37 15 27 27 65 47 24 12 31 73 37 21 22 41 148 0.04 8 
21 172 367 32 56 23 13 11 41 63 38 17 17 45 52 31 15 20 34 64 30 20 15 38 38 32 16 17 35 48 39 16 22 29 51 39 18 15 35 54 38 16 16 38 44 26 15 14 34 58 44 16 20 25 56 26 12 18 31 52 35 18 20 28 64 0.05 10 
22 268 37 77 110 67 40 29 79 112 73 33 41 75 139 56 44 32 87 103 69 37 38 74 158 82 42 26 85 144 80 42 51 69 109 64 36 37 64 116 77 40 33 87 135 65 30 32 64 130 93 42 41 60 113 70 29 29 83 148 63 34 51 95 154 0.04 8 
23 200 399 28 16 8 5 14 21 13 6 5 17 22 11 7 5 11 29 7 6 5 13 22 11 7 7 12 17 10 6 5 15 20 12 6 7 19 28 11 9 9 15 23 11 6 7 15 19 10 7 9 13 25 12 6 6 14 22 16 6 5 13 27 42 0.09 18 
24 3 303 99 69 39 18 12 37 49 36 16 17 24 56 27 17 14 31 62 37 18 13 37 48 36 16 15 35 44 30 16 14 25 56 41 20 17 37 49 34 16 18 34 42 38 15 18 34 55 38 18 18 35 62 30 17 17 36 62 28 17 17 37 132 0.08 16 
25 431 500 98 76 48 35 26 55 60 19 18 12 35 86 29 22 25 32 75 38 26 24 59 109 45 29 24 57 109 37 24 24 46 75 37 22 14 45 104 43 23 25 40 83 52 20 22 35 80 31 21 18 53 90 46 17 18 61 83 57 20 31 40 147 0.02 4 
26 38 461 84 18 18 38 70 41 19 24 39 92 42 28 20 33 76 32 16 23 48 86 46 19 16 47 50 41 18 24 43 72 44 27 13 45 61 25 16 21 34 63 48 22 21 37 74 33 20 21 41 92 50 20 18 39 86 43 27 19 52 50 40 126 0.06 12 
27 495 389 86 72 37 37 66 166 79 47 34 70 133 74 47 38 93 189 65 37 39 84 173 107 41 44 73 123 76 40 34 84 134 93 51 31 72 162 85 50 38 96 148 106 46 51 77 135 77 52 52 97 135 69 34 49 85 145 105 38 56 82 151 172 0.04 8 
28 430 423 39 16 31 58 41 15 15 44 94 45 13 28 41 55 45 18 19 33 72 33 12 15 27 63 45 19 15 39 97 46 19 22 26 59 25 22 21 36 68 49 19 10 55 95 30 14 16 44 71 26 11 19 35 76 41 17 23 46 71 34 31 78 0.05 10 
29 292 473 172 37 43 97 124 70 41 37 96 124 85 39 54 97 120 90 53 45 72 155 63 43 37 77 166 89 44 46 74 122 90 55 37 94 141 112 48 46 73 176 79 46 49 73 168 81 43 44 88 177 83 43 38 91 127 63 40 45 78 135 76 258 0.06 12 
30 396 62 150 77 126 57 42 46 91 174 73 31 39 77 114 57 42 30 60 100 96 40 39 65 118 71 34 31 89 113 82 32 36 64 104 60 40 44 88 135 69 40 38 60 150 100 36 28 60 149 67 38 31 90 119 61 39 32 62 121 85 41 29 225 0.02 4 
31 332 276 74 58 46 20 20 41 65 31 20 20 32 68 40 16 19 30 56 35 17 17 40 60 42 23 14 37 80 28 15 21 44 57 36 15 20 49 64 32 16 22 33 68 37 18 14 39 69 36 16 15 39 63 32 19 15 30 64 38 14 18 36 111 0.02 4 
32 381 367 19 6 18 51 12 10 21 22 57 15 18 7 22 33 20 9 7 18 40 24 3 4 9 3 21 11 0 18 4 20 8 17 28 41 5 14 16 21 42 25 13 0 16 22 35 4 6 17 47 17 13 5 15 29 25 13 11 0 53 32 10 38 0.04 8 
33 491 383 142 74 40 23 81 120 84 34 32 69 153 72 33 38 62 105 85 39 38 66 119 53 42 34 102 136 78 37 39 89 121 74 45 28 76 132 91 34 35 95 135 68 35 33 64 126 75 28 31 70 134 45 37 27 75 94 71 37 41 74 100 213 0.08 16 
34 34 252 294 83 173 86 51 51 97 163 86 44 40 96 153 86 60 46 100 201 101 45 57 97 200 94 57 52 90 151 101 46 48 110 163 104 47 59 98 148 87 51 39 78 147 105 47 43 91 186 89 51 49 98 168 80 52 46 99 162 104 48 45 392 0.05 10 
35 91 269 84 44 22 19 54 65 35 20 18 35 87 39 22 25 54 75 37 22 21 45 63 31 17 17 46 56 29 26 23 46 70 47 24 16 34 58 46 25 24 49 86 43 20 20 35 70 50 23 18 36 76 47 14 18 35 75 52 24 21 55 68 126 0.07 14 
36 244 243 21 10 11 24 26 23 10 6 20 20 12 9 7 10 23 28 11 12 24 51 15 12 16 23 52 15 10 16 27 40 24 15 6 19 22 11 12 15 16 48 32 6 16 24 42 27 15 5 29 46 16 11 16 14 27 14 14 11 22 19 15 42 0.06 12 
37 452 195 288 117 46 46 106 186 112 56 38 111 165 100 46 50 97 138 83 46 38 96 171 102 44 47 103 181 91 50 46 78 184 89 48 47 97 175 113 40 52 86 168 80 45 39 93 187 97 39 45 93 173 99 50 46 104 162 98 42 49 78 183 384 0.04 8 
38 438 207 52 102 45 22 31 57 81 58 26 30 49 82 56 25 24 58 71 46 31 20 46 71 62 27 24 62 92 56 23 29 56 91 44 25 24 61 90 54 28 22 51 73 59 22 31 51 80 55 25 26 56 82 63 23 28 58 86 45 21 29 52 104 0.05 10 
39 141 474 64 66 95 67 33 23 87 96 71 29 36 68 129 53 33 29 65 125 72 28 33 66 97 52 31 33 67 118 62 33 31 56 94 84 28 35 64 121 58 28 31 69 83 64 31 25 65 85 53 29 27 72 106 63 27 31 81 126 59 32 32 128 0.06 12 
40 302 91 83 45 82 146 78 42 46 83 162 74 39 33 74 126 49 34 52 64 162 88 41 36 63 141 74 34 38 72 135 70 47 36 78 142 71 34 43 63 137 84 36 38 63 132 108 32 52 67 124 96 34 40 79 199 87 46 43 96 125 69 51 166 0.03 6 
41 42 450 210 27 64 111 75 43 36 87 102 60 36 44 80 125 89 30 39 57 140 81 39 32 71 116 55 32 39 56 133 61 33 33 74 115 65 30 40 66 84 84 39 35 53 104 45 34 39 73 109 60 29 35 64 130 97 35 28 71 115 73 33 280 0.06 12 
42 158 139 57 9 7 4 13 13 34 27 12 6 23 20 34 11 0 13 38 0 8 19 17 33 16 10 13 16 35 8 16 6 22 30 10 8 7 20 30 25 12 4 32 27 18 9 9 34 24 32 14 4 11 38 15 5 0 11 44 11 9 5 24 76 0.08 16 
43 310 391 130 58 35 24 78 108 52 28 34 68 95 73 34 44 66 136 70 26 28 73 109 66 35 36 70 113 81 30 31 67 90 73 28 32 83 96 58 30 39 63 103 44 27 34 69 93 66 31 30 73 89 58 39 29 59 127 59 38 34 63 111 195 0.05 10 
44 56 471 112 73 48 26 30 56 112 45 25 28 38 69 50 36 25 47 117 41 35 28 73 63 68 29 27 40 76 40 25 22 55 83 59 30 28 49 90 60 23 33 66 94 66 25 29 61 83 38 29 33 51 75 43 34 29 51 112 60 28 27 68 168 0.02 4 
45 170 258 300 103 160 80 71 40 105 171 98 46 44 74 177 86 50 36 121 132 128 54 58 93 157 95 38 39 89 176 126 43 49 99 192 109 55 65 72 160 113 52 57 116 197 84 59 48 102 144 127 52 43 85 178 112 36 42 108 177 88 34 50 400 0.08 16 
46 180 138 36 12 12 9 17 30 16 8 12 18 20 20 16 1 28 22 18 5 4 23 39 14 12 8 19 32 15 6 6 19 36 28 7 2 20 19 9 11 9 14 46 30 8 12 23 13 12 6 10 20 48 14 10 13 11 29 20 6 7 11 36 54 0.03 6 
47 489 269 75 22 45 24 12 12 22 18 18 12 13 33 84 22 9 7 40 63 17 7 13 33 36 23 14 17 34 44 36 8 20 48 46 27 11 12 43 27 15 8 11 17 33 24 8 11 25 26 35 10 16 8 49 51 6 9 17 54 13 18 12 100 0.05 10 
48 243 474 231 91 44 30 83 108 114 37 32 64 120 61 39 33 85 86 84 33 38 61 110 92 45 44 73 113 76 41 30 81 83 68 31 30 87 169 81 28 32 75 145 113 41 38 71 180 61 40 31 58 93 63 38 32 63 116 65 40 31 60 107 308 0.02 4 
49 304 33 120 22 43 85 44 16 18 33 57 45 23 20 37 65 32 16 22 43 77 37 19 22 32 86 31 17 25 43 70 32 18 17 42 75 33 23 20 35 59 44 16 15 31 72 41 20 16 33 59 48 21 21 44 75 39 17 22 35 64 34 20 160 0.09 18 
50 267 177 150 78 29 38 86 120 78 30 22 90 148 99 37 44 83 115 88 38 43 64 126 63 26 28 59 127 80 34 32 77 138 61 30 37 87 140 91 43 22 60 129 86 40 45 81 133 90 31 40 73 110 56 31 30 86 146 88 36 34 83 105 225 0.08 16 
51 56 155 288 127 47 43 97 133 81 50 39 94 171 96 42 49 74 125 116 58 44 68 166 117 52 47 102 182 79 54 50 87 174 100 50 42 83 161 77 46 44 70 156 78 48 42 97 155 69 48 51 87 184 76 59 47 96 164 91 51 55 97 158 384 0.03 6 
52 25 135 53 61 87 44 29 19 40 83 58 26 36 67 113 54 22 32 55 78 50 19 23 55 91 41 23 29 63 80 58 29 26 57 69 49 37 25 58 57 62 23 23 47 90 59 24 38 62 70 77 29 27 67 101 84 24 22 43 86 35 31 30 106 0.09 18 
53 165 374 30 11 16 38 27 6 4 3 35 5 6 3 0 23 7 4 8 16 26 0 11 1 13 22 24 13 9 0 60 12 5 4 15 0 1 4 0 25 30 24 0 9 22 31 2 4 2 10 13 14 10 7 7 0 22 8 10 8 25 8 8 45 0.06 12 
54 23 257 261 39 84 142 67 50 49 102 176 73 43 35 90 130 104 47 41 92 143 115 41 41 82 131 96 38 46 85 164 78 42 45 82 112 90 38 30 82 212 87 54 46 70 163 73 42 44 63 153 90 47 52 99 146 80 55 50 92 150 62 37 348 0.07 14 
55 473 333 97 180 121 54 41 67 128 93 50 50 89 175 89 55 45 114 125 85 58 56 97 152 65 50 47 92 139 66 43 53 79 152 95 48 35 98 177 84 45 59 123 136 84 38 41 101 205 88 40 44 109 151 116 42 49 80 185 80 43 52 85 194 0.08 16 
56 87 69 150 50 19 20 49 81 46 19 33 39 82 56 26 30 54 71 52 23 30 60 91 55 30 23 47 58 43 27 24 37 98 69 18 26 41 101 39 20 25 46 86 61 26 25 45 67 51 20 33 68 70 48 17 31 45 108 47 25 19 47 66 200 0.07 14 
57 439 310 180 55 107 136 84 36 46 102 134 78 46 44 98 180 105 45 38 75 131 91 41 52 77 128 75 51 55 81 162 88 36 42 103 154 101 41 49 87 127 94 40 51 82 146 77 44 37 78 164 99 48 37 96 132 94 43 53 83 165 82 48 270 0.06 12 
58 481 60 141 62 24 20 33 91 32 27 20 39 111 79 25 22 33 66 44 28 22 44 72 32 16 22 46 114 54 26 29 67 68 60 25 22 47 94 39 17 21 40 80 39 24 14 57 84 58 32 21 33 89 52 29 24 51 70 36 22 22 47 107 188 0.06 12 
59 463 166 54 13 30 42 20 12 12 28 39 25 12 18 35 50 30 12 14 24 51 25 9 14 29 54 26 12 16 24 53 29 10 14 20 50 34 14 13 27 44 30 17 13 39 28 29 12 13 37 43 24 12 16 28 60 22 16 13 24 43 29 12 81 0.04 8 
60 127 424 136 34 38 71 138 54 31 38 57 153 72 35 30 59 98 67 33 29 79 109 85 28 40 55 124 67 37 35 67 110 62 27 29 69 133 71 40 38 82 98 74 28 37 69 110 71 36 35 57 111 69 34 33 75 114 63 35 38 76 143 84 204 0.06 12 
61 38 495 35 53 30 21 18 36 67 39 15 17 30 60 33 19 20 40 56 36 17 15 39 45 29 20 15 35 51 39 16 17 29 66 34 15 20 37 66 42 18 16 40 58 32 18 16 44 50 36 19 17 34 63 36 14 19 35 77 37 19 19 27 70 0.03 6 
62 218 266 66 66 48 11 23 36 62 48 19 10 47 64 19 14 16 40 52 39 22 12 34 47 28 22 15 35 58 50 12 20 14 39 60 15 12 42 45 68 21 16 31 66 39 18 20 60 63 35 17 21 36 59 27 13 13 33 83 31 18 18 38 99 0.04 8 
63 480 191 26 22 55 38 13 16 28 37 34 13 12 21 42 24 15 13 28 44 38 7 10 32 32 15 14 12 29 46 42 19 18 20 25 28 11 14 31 36 39 10 15 26 62 15 4 11 28 50 20 7 14 19 65 12 11 17 12 39 29 12 18 52 0.06 12 
64 374 270 273 104 169 87 46 37 95 175 105 49 53 76 165 84 39 50 80 144 87 45 54 87 159 107 48 41 104 146 78 40 42 99 163 100 57 42 81 133 82 38 55 98 173 101 51 51 85 156 80 43 39 100 156 87 50 49 101 136 106 47 37 364 0.07 14 
65 187 382 168 49 42 14 60 90 46 32 21 50 106 47 27 24 35 97 62 29 32 46 137 49 24 31 33 79 56 22 23 76 94 61 27 19 49 92 53 32 34 66 80 61 17 38 84 78 51 31 25 42 79 47 33 21 50 66 38 42 29 32 95 224 0.08 16 
66 24 262 32 23 34 74 21 10 19 22 29 30 19 17 22 56 24 17 23 42 86 34 17 11 25 66 39 17 19 39 45 48 13 3 44 76 31 13 20 29 39 38 9 22 41 49 33 10 15 37 56 20 20 21 24 59 34 27 8 27 36 17 23 64 0.09 18 
67 191 50 216 40 89 117 70 42 32 76 139 63 43 29 73 123 65 42 34 85 139 93 33 39 76 106 59 40 35 53 119 61 28 30 74 109 73 34 37 65 130 74 31 38 84 98 81 44 35 84 126 82 36 39 79 127 58 31 31 82 123 80 28 288 0.06 12 
68 3 242 56 45 17 12 38 35 34 9 15 22 56 23 8 9 26 37 11 15 7 18 33 22 16 13 28 32 23 12 11 25 47 23 19 11 18 36 22 11 5 55 61 22 6 14 32 21 31 11 15 34 48 10 7 17 30 21 33 15 10 21 21 84 0.05 10 
69 432 110 48 78 43 19 27 47 87 54 25 26 43 93 58 29 23 44 67 43 26 23 49 68 43 26 29 35 67 47 30 25 43 79 55 28 27 55 77 52 21 26 49 101 60 18 20 39 91 56 21 18 36 88 42 28 24 38 104 38 22 14 47 96 0.07 14 
70 125 170 74 14 35 54 30 18 13 46 55 36 18 15 33 61 32 14 14 36 61 37 16 22 42 60 39 19 18 39 61 38 19 22 33 62 35 19 17 38 54 32 20 14 40 67 38 18 20 46 68 28 20 22 41 58 29 14 17 31 65 38 17 111 0.06 12 
71 239 421 61 26 24 53 95 75 27 36 62 111 45 28 24 61 108 51 28 30 51 133 63 31 23 81 85 48 26 26 71 108 63 30 29 45 118 64 33 37 64 115 74 35 27 73 87 50 27 32 40 106 59 35 28 53 129 46 36 30 56 107 33 122 0.08 16 
72 19 402 186 145 102 36 48 94 164 79 51 51 104 165 85 53 40 88 185 87 45 38 93 179 94 49 49 99 173 99 44 38 104 181 90 50 46 107 172 92 48 45 95 140 95 42 47 98 140 82 53 40 101 174 108 50 46 99 140 111 54 50 81 279 0.08 16 
73 175 79 246 73 33 46 87 152 86 39 29 93 132 66 44 29 84 133 95 30 41 81 118 78 34 39 75 132 92 42 35 63 130 102 45 46 55 125 94 44 42 85 140 98 47 49 83 157 107 35 25 100 163 58 33 37 90 149 86 35 50 92 130 328 0.08 16 
74 342 470 89 86 56 43 104 172 83 37 45 88 148 98 52 44 77 112 94 33 37 82 149 69 49 48 96 168 115 41 56 87 143 109 40 44 107 131 96 46 50 101 139 93 53 42 77 182 92 40 38 77 172 71 40 39 102 132 111 41 47 69 145 178 0.03 6 
75 190 55 86 50 45 97 161 80 45 39 98 168 89 37 37 94 122 86 41 42 86 153 104 42 41 81 170 72 50 41 99 161 97 40 37 98 123 88 37 36 94 125 75 49 49 89 161 85 42 39 77 135 93 43 40 94 147 86 40 40 87 168 76 172 0.07 14 
76 278 117 75 28 92 162 74 44 38 71 129 70 40 50 79 126 75 35 46 95 115 85 37 34 91 113 81 39 44 61 116 58 29 33 87 111 70 26 40 76 142 65 36 35 81 133 68 35 31 89 141 48 41 28 65 140 48 41 30 57 123 73 36 150 0.09 18 
77 260 18 67 65 39 41 57 78 65 29 27 83 102 40 35 35 60 98 61 43 37 49 103 75 48 32 58 107 61 42 30 62 106 67 29 45 51 97 71 35 38 72 114 96 35 28 73 151 58 30 28 67 126 73 31 34 47 118 72 42 45 59 95 134 0.07 14 
78 48 36 237 39 91 155 73 39 44 75 133 69 40 44 67 143 73 49 34 70 106 69 42 39 91 114 104 41 39 77 140 76 45 42 77 108 90 42 38 72 147 97 40 34 76 144 73 50 45 77 113 74 40 36 83 159 85 44 32 76 164 69 37 316 0.03 6 
79 424 21 52 48 22 20 56 69 49 28 23 67 85 50 35 32 49 92 51 30 28 41 75 50 30 27 74 73 56 24 16 27 80 60 17 28 35 108 54 17 29 49 118 47 16 30 68 100 60 33 23 44 108 51 36 34 51 44 46 28 23 79 88 104 0.07 14 
80 316 433 142 129 61 38 32 73 107 71 30 31 64 109 59 40 37 71 152 70 35 27 86 118 71 33 28 75 126 74 34 39 78 117 61 33 36 61 123 59 36 33 63 106 75 26 31 52 116 70 36 31 71 144 63 33 35 88 116 66 25 29 81 213 0.03 6 
81 263 227 49 22 22 39 92 39 26 23 63 81 38 22 31 50 80 49 33 28 67 81 49 15 21 38 73 51 38 24 59 55 62 29 13 65 60 52 25 23 57 107 61 34 27 54 93 42 26 25 44 90 27 34 30 27 81 44 25 25 42 57 48 98 0.08 16 
82 472 331 76 57 49 14 21 40 62 26 18 25 38 55 31 16 16 37 62 37 22 24 42 55 33 14 12 43 55 29 22 19 43 80 28 12 20 27 52 41 25 15 38 76 32 19 22 36 59 35 16 20 36 52 38 22 13 38 62 51 21 17 48 114 0.06 12 
83 338 251 67 62 120 75 29 27 76 134 52 24 25 69 105 59 37 43 62 118 64 32 30 58 100 62 30 34 60 105 76 25 24 58 99 83 31 37 91 88 71 40 27 64 150 76 25 29 60 107 62 25 26 72 132 61 42 33 51 118 70 37 34 134 0.04 8 
84 213 229 11 5 11 18 13 4 2 13 14 12 10 0 9 23 15 6 8 11 14 13 8 2 23 8 13 2 5 11 18 11 11 5 9 20 9 8 3 7 10 15 4 5 15 38 11 5 1 16 24 10 7 6 9 13 15 7 2 12 17 0 8 22 0.02 4 
85 250 494 41 22 25 22 82 25 17 16 34 51 21 28 20 49 51 32 14 26 30 87 40 23 21 48 56 42 16 24 47 95 40 22 18 31 116 38 19 13 27 89 39 20 17 49 62 41 24 23 36 85 36 20 18 49 48 53 31 17 29 96 25 82 0.04 8 
86 389 382 51 0 0 22 28 27 2 15 14 12 45 21 2 0 9 27 31 2 9 18 32 19 7 6 7 6 25 0 15 11 21 17 8 14 24 18 5 5 8 28 21 19 8 8 13 10 25 13 4 25 22 21 16 8 24 69 7 0 10 33 23 68 0.05 10 
87 303 250 64 72 23 27 64 136 69 40 25 67 83 51 27 28 94 82 65 29 21 61 126 70 30 25 71 122 87 28 35 67 111 49 26 35 50 91 42 34 25 83 107 54 28 28 93 125 71 25 37 70 152 51 36 38 67 105 62 32 37 52 77 128 0.08 16 
88 152 492 106 23 22 63 79 56 29 23 57 88 46 26 26 51 100 60 31 25 47 109 48 30 24 60 83 49 23 27 42 97 61 24 26 51 106 47 23 25 49 114 47 32 28 58 106 59 22 27 52 92 60 24 21 51 84 58 26 21 53 76 47 159 0.09 18 
89 337 81 63 35 17 3 5 8 28 21 10 4 28 32 33 10 6 2 18 23 6 12 5 27 16 7 12 10 34 27 12 13 1 39 30 12 8 19 32 12 5 10 16 17 21 11 8 31 20 10 5 8 25 23 30 9 11 7 57 28 13 12 11 84 0.02 4 
90 149 385 30 7 12 21 10 6 3 11 26 8 3 4 5 15 12 4 5 8 15 8 4 5 9 18 12 4 4 8 11 11 7 4 9 17 12 4 3 9 15 10 4 3 9 18 9 3 6 6 13 13 7 6 9 15 9 6 5 11 14 9 5 40 0.07 14 
91 199 78 195 30 43 91 158 66 34 27 57 115 67 25 32 68 107 52 30 32 63 97 56 31 32 55 120 63 32 28 54 105 42 31 33 42 125 75 29 30 64 117 73 30 38 52 90 70 36 33 39 104 60 37 32 74 107 55 33 28 70 123 74 260 0.03 6 
92 373 217 122 91 55 27 35 70 87 68 35 25 51 110 60 36 26 68 104 53 37 28 49 87 63 36 31 61 103 71 31 24 55 120 52 31 27 65 117 53 32 34 51 97 67 30 25 64 85 55 36 22 67 89 51 25 26 56 96 62 27 33 43 183 0.04 8 
93 425 491 32 10 7 7 13 23 17 8 9 23 38 14 11 10 10 30 17 9 7 17 29 22 7 7 16 28 12 10 7 12 26 19 10 8 19 29 11 7 8 15 21 15 6 6 14 20 12 9 11 15 29 22 7 6 12 27 16 7 9 19 32 48 0.05 10 
94 450 102 180 39 38 106 161 81 38 36 96 145 81 40 49 72 146 84 45 48 76 156 87 50 49 105 164 88 45 42 78 125 76 51 52 109 175 94 42 37 75 166 86 44 58 90 165 81 48 53 82 165 97 39 49 66 184 88 44 37 79 174 94 270 0.02 4 
95 439 36 62 28 47 25 14 18 37 59 31 12 13 25 53 33 19 11 31 43 33 12 13 38 63 19 15 13 34 69 34 12 18 32 48 33 16 13 28 66 30 12 13 31 57 34 16 20 31 69 32 20 13 36 61 32 11 13 20 68 34 18 11 93 0.09 18 
96 392 289 60 42 36 14 15 32 32 24 14 17 26 47 29 12 22 29 54 35 13 13 35 45 33 18 15 34 41 26 12 16 25 63 34 14 15 28 54 44 12 16 23 51 23 12 16 28 50 41 10 13 33 58 23 15 11 24 54 31 14 11 32 90 0.08 16 
97 100 145 102 41 16 12 30 37 38 18 18 34 72 32 13 12 38 82 29 19 16 22 74 25 12 14 27 83 47 27 20 47 68 31 6 18 34 52 30 14 17 40 55 25 14 19 44 79 45 15 16 33 67 42 17 21 35 53 39 8 19 18 51 136 0.07 14 
98 274 81 70 76 40 26 62 122 68 29 29 77 101 69 32 30 61 107 69 31 39 64 131 61 41 35 57 119 65 31 42 68 139 56 35 39 74 112 52 34 36 74 108 78 33 31 83 96 64 27 33 84 111 70 37 38 60 103 75 41 30 62 105 140 0.08 16 
99 385 344 63 61 28 33 87 89 78 21 29 47 86 57 29 25 61 105 40 25 30 75 114 58 28 34 85 72 64 32 36 51 131 53 31 37 75 123 68 24 40 43 106 61 34 35 87 135 59 24 31 64 100 41 27 28 73 92 62 27 27 44 155 126 0.09 18 
100 185 10 21 5 10 23 13 24 14 13 11 48 12 11 10 23 28 11 9 7 18 19 18 9 10 11 51 6 10 11 34 25 16 6 10 15 23 15 10 7 16 32 19 9 13 29 38 24 11 7 18 30 10 15 10 23 48 19 9 21 14 40 25 42 0.03 6 
