100 20 8397
0 142 305 17178 13986 13990 14002 13999 13995 13992 14000 13982 13999 13999 14000 14007 14003 14006 13993 14003 14004 13996 14000 14002 0.01
1 40 217 80 34 63 132 92 45 35 76 158 82 41 42 81 124 64 37 46 53 144 84 38 34 100 121 95 51 40 74 164 83 49 38 93 145 91 31 38 116 112 78 41 31 79 111 86 50 51 80 153 78 33 52 107 118 74 39 39 73 148 69 52 49 85 121 88 33 54 91 154 89 35 160 0.02 4 
2 271 144 66 46 41 17 11 40 75 24 20 12 26 39 34 11 13 32 47 33 19 17 31 57 28 10 9 38 66 30 19 15 20 45 42 19 16 36 49 35 17 15 39 54 33 19 21 29 61 38 13 11 28 62 27 19 12 25 51 50 17 8 29 36 26 12 10 32 46 28 7 13 29 99 0.09 18 
3 128 364 246 82 145 73 35 35 92 154 112 38 56 82 148 85 52 41 70 146 88 44 48 85 107 86 46 32 82 122 76 48 48 91 143 90 37 42 76 116 88 42 42 77 147 64 36 36 95 152 92 32 45 54 164 67 38 40 93 140 73 36 37 80 133 77 41 42 82 128 84 53 31 328 0.08 16 
4 441 409 194 59 107 166 78 42 44 96 148 108 52 38 83 157 109 58 50 109 167 89 42 43 103 135 84 58 40 84 139 89 57 45 106 156 88 59 52 91 171 80 45 45 116 142 100 47 43 94 150 80 43 48 100 179 94 52 47 98 200 81 44 49 91 143 78 54 59 93 164 111 57 291 0.02 4 
5 375 107 138 84 41 23 32 55 92 52 25 23 41 66 53 20 21 38 53 33 19 28 41 79 39 20 18 40 57 42 21 28 40 94 59 22 20 55 83 38 28 24 47 89 45 22 23 58 69 46 22 22 60 92 40 24 20 34 76 41 24 24 52 86 59 17 22 48 77 42 23 19 46 184 0.06 12 
6 231 379 105 18 12 37 51 29 22 12 34 47 40 18 17 43 61 23 16 15 28 56 42 18 19 34 63 31 17 18 41 64 37 13 18 29 63 26 13 20 31 65 25 22 19 35 53 36 24 24 37 49 34 15 17 37 54 19 17 16 45 63 38 14 16 36 55 54 20 14 35 52 21 140 0.08 16 
7 233 455 51 33 6 10 14 25 2 4 10 11 53 9 4 12 11 34 16 12 12 24 4 15 6 3 21 76 13 10 7 17 43 16 10 5 8 36 6 3 9 28 9 10 6 0 24 56 10 0 19 11 68 13 0 5 5 2 28 4 13 21 13 23 13 5 21 26 14 12 12 17 2 68 0.09 18 
8 308 117 144 84 40 26 25 54 89 40 23 31 43 74 53 20 24 50 80 55 23 27 50 86 56 24 23 46 71 46 24 22 47 73 48 24 21 48 76 39 24 23 48 75 56 27 20 40 89 49 20 29 46 84 43 24 21 47 66 47 18 21 44 70 55 18 19 58 72 36 26 27 53 192 0.07 14 
9 434 155 88 43 20 17 58 73 27 15 18 40 76 48 27 18 38 76 54 22 21 60 70 51 21 20 40 102 42 29 14 49 90 44 24 17 33 69 41 26 21 50 76 49 20 12 37 82 42 24 18 39 59 34 21 14 39 76 50 20 28 45 72 35 25 21 41 67 47 26 13 53 57 132 0.09 18 
10 279 350 81 78 46 34 71 124 73 36 48 70 133 73 42 44 68 143 80 38 44 87 163 69 38 46 86 148 68 30 36 104 155 82 46 38 82 116 80 41 39 89 138 66 40 50 97 141 74 47 47 85 139 62 47 39 78 148 74 45 45 102 127 90 46 48 90 158 83 44 44 100 138 162 0.06 12 
11 131 471 36 95 31 16 8 35 47 27 4 18 42 46 40 17 14 31 84 46 23 13 34 56 74 19 37 38 88 33 16 25 32 63 27 16 13 25 61 32 20 23 35 72 26 16 12 33 98 47 19 8 46 59 35 20 21 30 37 26 15 20 8 56 21 21 21 45 80 39 21 12 22 72 0.04 8 
12 486 128 89 55 86 131 90 41 51 94 153 102 39 45 87 177 78 34 39 80 129 77 40 51 78 174 78 45 48 106 169 84 40 44 91 139 108 44 47 95 134 78 51 47 70 135 99 39 54 90 170 87 49 37 109 131 90 45 48 94 164 77 40 36 88 148 96 51 51 89 163 74 39 178 0.07 14 
13 452 379 141 61 73 49 26 19 53 105 54 24 18 42 95 46 19 28 52 81 52 26 25 52 75 64 19 29 50 56 32 19 30 49 53 42 20 28 57 85 53 27 30 37 82 59 28 28 37 107 45 27 18 40 85 51 19 19 38 97 49 24 25 41 83 56 21 22 47 84 54 25 18 188 0.07 14 
14 57 243 70 28 61 127 62 41 33 72 121 83 37 29 61 124 80 30 33 61 93 82 29 28 73 142 75 42 42 81 131 57 41 36 63 128 79 28 32 62 104 60 34 38 52 107 63 40 27 66 125 92 38 34 84 158 78 36 28 76 161 84 30 32 59 104 82 33 45 61 105 77 40 140 0.07 14 
15 122 114 18 1 6 10 17 32 36 12 10 13 33 8 13 10 44 58 12 7 6 8 31 0 1 13 24 36 7 13 3 12 49 22 4 15 24 20 16 9 9 16 44 20 0 13 9 22 40 6 10 6 23 20 6 11 4 10 16 2 0 7 42 41 12 2 0 17 12 9 7 38 50 36 0.09 18 
16 448 258 82 113 68 35 40 73 140 66 33 50 96 113 78 40 36 74 154 80 42 39 76 134 77 52 36 92 138 98 42 42 65 155 83 38 35 70 121 76 40 46 82 98 65 44 41 68 121 76 44 36 96 146 56 41 47 69 161 91 50 52 76 152 100 31 47 79 149 81 42 36 68 164 0.05 10 
17 469 449 126 28 37 59 35 23 17 31 52 47 24 23 34 84 44 11 17 31 63 65 16 20 29 54 49 23 18 52 42 47 21 23 36 71 37 18 26 36 80 23 18 16 34 83 32 14 26 30 47 35 14 14 43 88 47 20 28 39 65 25 24 16 35 82 25 18 26 33 80 35 28 168 0.09 18 
18 249 342 12 13 5 17 34 4 4 10 6 28 8 16 13 5 26 17 3 4 19 14 8 4 8 8 40 23 3 3 13 16 16 10 2 32 27 8 6 4 3 27 4 5 6 9 16 11 1 0 7 0 0 4 7 32 5 19 7 7 1 5 7 4 0 8 20 30 1 8 14 23 0 24 0.07 14 
19 52 257 75 36 16 13 11 23 56 23 11 9 20 30 29 11 8 30 35 30 11 9 28 58 23 10 12 26 45 29 14 13 22 40 20 13 14 22 51 25 10 12 25 48 29 17 13 26 55 26 12 12 26 41 21 15 16 30 38 21 12 14 23 33 23 12 14 14 40 22 14 10 24 100 0.06 12 
20 363 71 153 44 32 18 43 68 45 27 22 80 82 42 23 21 57 85 32 18 20 31 84 43 24 17 57 126 63 17 23 55 78 36 27 20 41 82 45 25 32 46 55 45 36 19 52 67 57 19 22 51 83 56 21 34 45 105 61 23 29 64 82 46 19 34 47 84 52 28 19 50 74 204 0.04 8 
21 148 87 28 52 35 10 10 19 61 26 16 11 20 57 19 15 15 17 47 26 12 23 26 57 35 13 12 30 39 28 20 13 19 51 17 17 15 13 29 22 12 12 32 47 20 8 14 45 39 29 12 18 29 43 13 11 9 42 43 24 13 11 38 21 7 18 18 32 45 27 17 9 23 56 0.04 8 
22 343 228 73 38 29 91 112 78 43 43 71 133 96 34 44 63 132 79 37 44 57 105 57 33 38 90 117 59 32 35 57 124 94 26 39 89 120 70 29 29 74 101 60 48 44 91 89 54 27 41 64 138 59 31 39 70 144 75 44 36 82 115 83 38 35 83 125 88 29 31 71 136 68 146 0.02 4 
23 251 201 188 50 83 149 99 32 36 105 115 81 45 49 94 163 112 45 53 99 179 101 46 44 68 149 101 41 42 92 144 78 40 48 86 147 85 56 39 84 182 88 43 41 93 148 83 38 48 99 159 75 46 34 67 178 101 63 47 70 195 86 36 48 102 159 81 49 37 78 101 77 51 282 0.06 12 
24 297 16 160 34 43 75 117 63 33 48 64 152 77 29 33 73 134 83 36 36 111 163 66 53 30 93 126 70 36 36 82 153 77 46 37 60 145 94 49 40 79 136 91 36 34 73 166 70 31 36 92 139 70 31 47 65 149 72 32 34 96 135 98 49 37 67 104 79 40 36 66 147 64 240 0.02 4 
25 133 406 237 39 35 87 150 63 43 32 73 152 83 44 41 80 128 78 37 43 76 107 86 41 43 77 148 64 38 44 70 122 71 39 36 84 124 69 37 46 62 131 86 42 38 85 133 87 44 40 91 126 69 40 39 99 142 76 32 32 70 141 95 31 33 71 155 66 38 30 69 110 74 316 0.03 6 
26 242 62 135 62 63 61 24 13 54 81 60 27 18 47 47 47 26 20 37 48 45 32 24 34 66 50 24 20 42 74 45 16 31 42 58 53 24 26 34 105 27 17 16 70 71 46 19 16 46 75 31 23 27 35 59 45 12 18 57 84 43 23 21 46 98 38 17 29 41 91 41 24 32 180 0.02 4 
27 446 112 240 69 38 33 74 124 69 43 39 83 152 88 41 49 90 127 67 34 36 59 147 78 35 44 78 118 95 43 37 79 106 71 29 33 104 177 75 38 42 86 120 74 39 46 90 150 70 45 53 67 141 79 35 42 63 136 91 48 43 71 131 60 33 36 84 150 104 37 43 61 149 320 0.07 14 
28 242 399 28 17 4 5 7 40 16 7 8 14 21 12 3 5 13 34 11 4 8 9 28 15 8 7 16 28 14 10 9 19 19 10 2 7 13 36 11 6 10 19 24 11 5 3 17 22 16 4 10 11 25 12 10 4 9 19 13 7 7 14 27 17 8 5 16 16 10 5 5 24 30 42 0.09 18 
29 117 278 142 90 72 31 31 83 110 53 36 27 94 116 78 33 39 86 113 70 37 43 60 105 72 41 31 73 99 96 37 39 61 130 63 41 43 61 121 63 23 30 72 128 58 33 33 60 101 59 37 44 71 92 66 34 38 73 122 72 27 27 55 142 56 28 36 66 126 48 35 35 85 213 0.08 16 
30 211 430 42 20 38 59 36 21 19 52 89 42 20 22 47 68 42 19 20 29 66 39 20 21 32 76 48 16 20 49 59 39 20 19 43 75 35 18 25 42 59 52 22 17 51 64 46 18 27 40 58 37 27 25 38 64 45 18 23 36 57 38 21 19 46 64 36 19 20 48 70 43 22 84 0.03 6 
31 248 482 34 37 14 9 5 13 28 18 8 9 16 48 10 7 7 14 26 11 5 5 17 30 15 11 4 23 39 17 6 4 10 24 22 11 13 12 38 19 10 5 15 24 19 7 9 13 26 12 7 11 17 31 21 8 10 14 26 19 7 12 18 30 27 10 9 15 29 21 7 7 10 51 0.04 8 
32 256 365 62 30 29 61 105 57 28 28 59 102 55 36 39 55 85 47 34 32 67 121 61 19 26 54 101 60 23 31 51 119 57 28 27 66 107 52 31 22 52 94 59 25 40 75 136 48 31 27 59 128 62 34 31 60 129 56 33 22 56 90 61 39 25 72 102 56 37 33 62 83 57 124 0.05 10 
33 201 37 174 28 72 74 37 15 27 46 110 50 28 24 51 118 54 35 28 63 116 55 34 27 54 73 49 23 25 78 79 55 31 23 54 70 69 26 38 64 87 54 37 35 51 129 69 24 39 64 138 75 29 30 43 111 54 34 28 43 105 62 32 22 83 121 42 24 18 43 108 56 15 232 0.08 16 
34 141 86 72 10 13 21 38 25 12 13 22 47 19 8 15 22 35 23 11 7 24 39 26 16 11 27 38 20 10 14 29 31 23 12 11 21 28 33 11 12 27 40 24 14 12 19 48 24 15 12 24 51 18 11 13 22 43 20 10 11 28 30 20 14 10 32 41 30 13 11 23 48 16 96 0.04 8 
35 279 498 231 154 72 31 42 87 155 93 38 38 80 139 84 31 32 68 128 67 43 44 82 143 66 41 38 89 126 85 35 33 69 143 80 45 40 71 139 81 33 33 74 151 93 39 32 70 132 75 37 40 84 139 62 44 37 71 131 67 42 39 84 123 71 31 45 79 132 62 38 42 85 308 0.08 16 
36 377 289 150 30 57 94 88 39 31 82 135 80 34 26 82 115 67 24 31 71 133 75 41 34 58 138 80 33 37 78 133 56 32 40 67 134 95 38 44 68 128 62 45 37 59 123 73 28 37 58 143 79 43 43 62 96 56 40 34 59 120 59 34 42 73 111 81 28 45 101 146 74 37 225 0.06 12 
37 261 294 75 10 15 16 25 35 27 8 11 25 55 21 13 12 24 40 22 9 10 23 41 20 10 13 27 27 18 13 12 25 41 37 11 11 23 56 39 13 11 29 41 18 13 11 15 39 31 13 11 26 41 21 15 9 21 50 14 12 13 16 63 22 13 18 21 38 15 6 15 29 45 100 0.07 14 
38 485 180 200 82 49 41 93 175 80 65 62 76 137 78 42 42 114 138 97 36 55 104 160 99 46 67 119 135 122 50 55 89 147 104 51 51 84 200 111 46 41 101 153 85 55 52 75 148 90 39 55 95 173 115 49 48 85 150 91 56 52 81 170 76 43 48 93 126 107 46 55 101 174 300 0.03 6 
39 295 108 45 46 23 26 36 71 51 19 18 40 70 53 17 22 48 89 45 21 23 46 73 51 26 22 48 77 47 18 25 51 78 40 25 21 36 72 46 22 22 52 79 43 25 18 50 72 37 23 21 46 85 45 22 19 58 90 42 21 22 50 80 51 27 24 53 65 39 18 25 37 65 90 0.07 14 
40 94 113 153 69 74 27 38 11 55 126 44 23 37 32 61 53 35 24 42 60 19 29 25 41 94 55 29 33 40 114 44 26 36 48 86 52 18 20 42 81 48 20 20 47 83 39 20 22 37 93 54 23 40 69 90 29 24 28 42 90 57 27 23 35 93 33 25 27 59 113 61 21 27 204 0.06 12 
41 411 312 11 9 6 0 15 15 5 2 2 21 8 6 6 6 19 14 0 1 10 12 11 7 5 9 27 10 7 7 8 41 14 4 5 7 27 14 3 7 14 15 9 4 3 1 6 4 2 5 13 5 15 5 3 6 13 14 9 5 10 18 14 3 9 10 15 13 3 2 9 23 7 22 0.02 4 
42 99 54 132 63 132 54 28 36 58 135 59 33 34 58 107 67 34 30 66 97 64 26 30 68 102 70 33 30 67 112 73 32 36 77 127 77 26 27 77 128 68 32 29 79 114 79 32 36 77 122 68 34 33 66 118 65 35 27 77 127 59 36 30 71 112 64 30 38 53 119 70 28 29 198 0.09 18 
43 17 315 30 15 5 8 16 28 23 5 6 15 28 23 1 7 14 36 11 9 7 9 20 16 9 13 24 27 16 7 8 10 18 13 7 8 14 23 17 6 7 9 24 14 5 8 14 23 12 9 10 17 30 10 9 6 15 19 14 9 3 22 22 13 7 4 15 37 14 9 8 11 26 45 0.09 18 
44 20 105 97 82 50 56 81 137 113 53 48 112 170 98 49 41 108 155 76 55 42 86 180 102 51 43 102 175 124 42 49 92 176 129 45 48 114 148 122 50 48 108 164 91 49 40 87 159 83 48 46 90 139 112 46 59 90 145 99 55 43 90 199 95 51 61 117 182 79 67 48 93 185 194 0.02 4 
45 338 218 106 44 74 70 24 23 50 83 47 28 22 42 83 59 29 28 47 78 56 25 21 45 88 54 34 28 55 93 58 21 26 44 96 73 20 27 48 102 58 28 29 53 82 56 23 30 44 110 53 23 21 56 102 55 30 30 53 93 47 31 29 48 85 48 23 27 42 76 50 21 23 159 0.06 12 
46 130 265 117 18 29 65 35 21 26 23 88 44 18 19 56 68 33 24 20 32 70 46 25 18 37 66 48 17 18 37 71 25 24 15 35 73 43 16 14 51 51 38 19 19 34 60 39 19 15 39 68 27 22 15 30 63 22 24 18 42 66 35 24 18 48 75 57 22 26 43 77 45 16 156 0.04 8 
47 272 146 32 18 26 44 35 14 14 29 36 31 11 15 29 44 32 15 15 40 59 32 16 16 25 51 33 18 14 33 59 28 15 16 26 49 26 14 17 43 42 36 16 17 31 49 29 12 13 29 58 41 18 19 33 47 31 17 15 29 62 37 13 15 34 45 33 16 13 32 55 33 16 64 0.02 4 
48 378 193 100 26 22 56 86 43 20 25 59 99 58 20 32 66 89 52 23 25 61 79 57 27 19 53 87 47 22 27 51 82 57 25 26 44 99 46 22 22 43 83 48 22 30 49 86 54 21 31 56 72 47 21 29 51 96 40 23 25 39 99 61 27 21 56 104 53 27 27 54 79 57 150 0.08 16 
49 101 493 61 92 74 30 33 62 83 57 29 33 47 119 57 25 34 62 129 73 32 26 58 100 55 27 35 68 87 55 38 33 63 116 50 24 25 55 140 63 36 34 56 82 58 21 25 53 137 61 27 25 66 104 65 33 28 60 97 73 33 28 65 95 70 27 28 48 90 69 20 32 60 122 0.06 12 
50 370 340 53 65 25 27 51 88 52 24 26 45 104 61 29 26 62 98 58 30 22 40 97 60 27 29 52 87 60 21 31 43 76 45 24 30 51 97 65 24 29 54 85 55 30 21 59 71 44 31 27 57 83 52 21 22 55 74 43 21 30 53 77 42 26 26 59 103 49 31 26 58 112 106 0.08 16 
51 380 212 144 27 28 46 66 53 29 34 46 88 44 18 15 49 81 51 31 28 46 97 41 25 26 42 74 53 19 28 47 80 39 24 14 42 80 42 25 21 45 86 54 28 20 54 83 53 25 24 56 116 53 26 21 45 64 55 24 21 49 86 51 21 21 38 73 47 18 31 40 77 48 192 0.03 6 
52 418 346 228 61 136 60 40 48 82 144 84 27 50 83 152 80 39 37 86 166 82 40 42 57 138 80 39 31 66 111 76 40 30 62 183 80 36 56 66 84 95 34 46 92 96 90 33 50 70 105 73 39 49 61 87 66 41 50 90 133 70 36 37 75 148 97 33 42 64 100 76 54 38 304 0.05 10 
53 240 170 84 54 45 63 17 18 46 68 53 16 26 35 99 47 22 22 33 98 33 22 24 50 48 47 17 21 59 44 47 21 12 30 75 57 20 21 44 77 32 18 27 55 60 31 17 25 32 79 41 24 17 49 68 36 19 20 33 50 45 25 26 50 68 34 21 8 48 59 40 20 18 126 0.02 4 
54 75 472 44 24 6 11 21 53 21 11 11 18 39 11 12 9 17 54 39 10 10 25 48 24 11 11 27 26 26 8 11 24 34 23 16 9 24 30 18 11 14 20 39 21 14 12 15 29 18 13 12 25 35 26 10 12 18 25 27 10 8 20 15 27 8 10 35 28 27 14 11 31 42 66 0.05 10 
55 479 260 48 17 42 90 46 22 26 46 90 45 25 29 62 77 39 25 19 51 110 60 24 21 52 84 38 22 17 57 92 45 23 24 51 70 45 22 25 48 89 47 24 24 54 106 49 19 27 33 67 41 24 30 46 76 66 26 28 49 73 58 19 26 45 80 40 21 27 50 84 33 28 96 0.09 18 
56 335 138 135 21 27 39 14 33 34 34 58 71 30 30 27 50 85 33 18 13 35 90 35 18 19 52 107 49 16 18 54 80 48 22 21 34 81 43 21 11 48 72 53 15 20 54 71 35 31 28 41 64 40 20 27 68 93 38 22 21 78 75 44 13 28 43 86 55 23 16 29 64 31 180 0.09 18 
57 27 21 26 18 42 33 11 10 35 33 10 15 14 31 45 30 12 14 35 49 16 18 11 23 49 22 16 13 26 40 26 19 14 29 50 23 17 14 29 24 23 9 14 4 59 12 13 20 29 34 45 9 14 20 42 20 12 17 29 51 29 12 10 20 33 22 14 20 20 40 19 10 13 52 0.03 6 
58 218 112 267 139 76 51 49 82 185 90 42 47 73 129 81 51 50 75 124 89 46 37 83 179 87 41 55 77 169 78 47 40 87 160 83 45 38 77 162 85 43 34 91 137 90 43 49 76 139 88 36 50 91 178 76 39 46 70 158 100 37 54 94 169 93 53 43 93 152 106 41 46 80 356 0.07 14 
59 123 385 190 122 147 96 41 45 80 169 77 50 38 110 145 114 47 46 95 129 107 49 48 100 172 110 42 40 102 153 131 43 45 78 159 76 43 56 79 151 83 51 50 111 146 81 57 55 107 176 90 48 53 110 150 93 40 39 88 180 94 48 40 82 187 75 44 53 109 163 79 56 49 285 0.09 18 
60 198 405 34 10 22 29 12 9 4 17 15 18 3 7 15 37 14 8 8 16 37 16 3 9 21 24 17 6 5 16 31 19 6 4 19 29 20 6 6 17 20 13 7 13 17 29 27 6 6 21 41 17 9 7 18 29 20 6 8 20 35 18 6 5 12 29 15 8 7 13 26 14 8 51 0.06 12 
61 388 340 273 101 46 50 85 170 107 37 52 82 146 71 45 43 89 152 103 38 36 111 140 83 51 44 80 186 69 54 39 115 167 73 52 47 73 148 103 46 51 95 144 91 48 43 108 167 93 49 41 104 150 89 37 43 85 183 106 36 51 77 150 91 46 53 87 170 87 48 43 84 153 364 0.07 14 
62 273 205 85 67 135 88 44 47 68 153 103 40 35 101 161 79 54 45 93 153 101 51 32 85 171 94 49 35 65 157 78 37 32 70 144 89 41 45 74 109 89 48 58 101 148 89 33 40 81 130 84 46 38 100 131 68 51 39 87 126 80 40 33 90 150 83 34 46 104 146 89 60 41 170 0.03 6 
63 302 325 46 20 12 14 21 31 26 11 8 26 47 27 10 10 22 41 20 7 14 34 52 27 11 11 27 44 14 11 11 20 45 30 10 9 22 43 22 12 11 28 38 21 11 14 21 43 21 14 11 17 43 26 12 12 25 43 23 9 10 20 32 22 9 9 28 39 22 11 14 20 44 69 0.08 16 
64 105 450 180 66 135 85 35 56 93 155 79 41 53 78 152 90 42 49 77 149 78 54 46 91 180 86 44 51 94 177 103 48 36 88 165 69 47 50 83 137 133 39 42 80 138 105 42 50 88 133 81 39 47 74 152 110 40 52 77 131 100 46 44 77 174 79 41 34 91 133 86 51 46 270 0.09 18 
65 115 160 172 40 105 141 107 46 40 93 151 81 38 33 72 140 87 39 46 69 113 100 49 37 91 137 80 38 43 94 127 86 46 51 85 136 87 46 40 97 100 88 41 55 101 140 68 48 38 97 143 103 49 49 74 160 60 46 46 88 164 101 38 54 74 119 85 46 45 82 148 93 48 258 0.04 8 
66 359 338 240 33 35 73 114 101 50 42 77 142 71 37 35 94 111 70 38 35 102 152 82 35 42 89 155 70 46 39 81 120 69 35 37 70 142 69 39 42 81 152 95 33 41 67 140 87 39 33 74 143 72 47 35 80 128 79 36 46 77 127 82 32 32 61 127 60 39 45 83 154 96 320 0.06 12 
67 217 205 196 57 86 159 89 58 57 106 158 99 58 50 77 146 115 51 55 106 169 79 41 44 124 133 108 47 48 121 181 80 54 47 107 209 82 52 57 76 158 71 48 48 108 195 93 48 57 90 182 86 48 50 102 163 106 48 40 93 158 115 44 52 92 161 124 41 39 85 167 101 41 294 0.03 6 
68 388 55 231 141 72 35 33 80 130 59 47 42 68 123 88 37 38 77 113 76 39 36 62 116 78 43 40 76 133 65 32 40 81 151 92 32 36 89 114 75 37 35 66 130 87 36 32 90 131 65 38 37 66 130 64 36 38 95 146 71 31 40 64 154 82 31 39 76 116 71 36 43 86 308 0.02 4 
69 101 281 176 106 177 91 48 44 74 121 73 38 40 74 132 99 44 34 73 129 103 47 38 92 138 82 38 40 80 147 100 34 39 83 149 83 36 34 93 130 82 38 50 91 155 73 36 36 77 130 96 44 37 94 130 67 44 51 104 160 101 37 38 86 126 93 38 50 88 142 88 38 49 264 0.02 4 
70 407 481 11 11 4 7 8 18 5 5 4 12 17 9 6 4 12 21 10 4 3 11 26 9 5 6 10 18 10 5 6 10 20 13 6 7 6 23 5 4 5 12 24 9 4 5 14 17 10 4 6 15 16 11 7 5 14 14 10 4 5 7 21 12 3 5 11 16 11 3 6 16 12 22 0.09 18 
71 160 297 55 21 57 88 57 19 25 70 101 75 29 20 37 92 71 33 26 63 115 73 29 31 61 95 70 26 29 72 73 46 23 32 53 76 45 25 36 62 113 63 32 24 43 123 59 24 20 57 113 64 38 36 58 69 44 19 30 47 107 77 20 20 45 71 40 45 24 30 115 62 30 110 0.07 14 
72 10 493 51 50 22 10 6 18 6 0 12 12 20 32 1 14 6 14 32 0 15 4 4 52 17 10 3 15 33 26 0 0 18 29 5 13 13 26 44 27 7 14 21 40 5 7 9 28 38 34 6 9 10 19 25 6 7 31 27 16 10 2 0 18 11 4 9 20 28 27 12 5 16 68 0.07 14 
73 457 422 53 91 58 30 21 54 100 52 29 25 53 84 59 29 30 61 101 61 23 28 62 85 47 24 32 46 72 64 29 23 64 77 57 26 30 48 94 49 25 23 59 91 42 29 24 48 80 53 21 26 51 82 49 30 32 54 92 54 29 26 56 97 41 26 25 59 91 54 27 25 51 106 0.09 18 
74 25 212 81 45 64 136 71 36 40 79 105 99 40 29 72 124 90 27 38 90 133 107 29 36 72 182 81 49 43 65 143 102 42 32 69 168 75 43 33 76 117 89 50 44 94 160 66 34 48 83 147 73 40 36 85 104 97 34 38 71 155 85 38 46 108 147 68 35 35 69 148 99 40 162 0.08 16 
75 20 419 126 31 28 52 99 54 36 35 79 118 59 30 36 82 100 70 26 24 56 108 60 32 32 58 102 62 28 27 62 148 56 23 37 61 88 61 29 27 67 110 72 35 32 63 111 84 26 26 72 96 48 30 30 54 93 55 31 26 68 96 65 26 38 57 116 74 30 35 61 111 55 189 0.03 6 
76 482 478 252 45 96 119 95 38 40 98 136 73 37 46 82 159 88 34 37 76 143 83 45 45 70 164 84 46 40 68 134 83 45 50 73 129 83 38 32 73 117 82 45 39 95 144 93 43 45 71 136 73 49 46 94 155 83 42 44 85 136 76 37 45 100 140 97 39 42 81 156 88 33 336 0.06 12 
77 309 146 154 98 45 31 74 140 74 30 43 105 137 68 37 40 72 126 69 43 46 91 132 81 35 35 71 126 76 40 37 60 156 88 29 43 95 114 92 36 33 74 123 63 43 29 99 151 69 37 32 57 150 94 32 36 89 157 78 37 39 93 145 72 43 49 78 110 69 29 39 64 117 231 0.06 12 
78 42 125 146 141 70 40 31 72 127 63 44 38 84 116 57 27 41 73 109 80 32 31 72 132 65 46 31 66 111 100 42 36 72 108 90 30 38 87 112 54 34 30 72 149 72 39 44 63 112 66 39 36 75 114 66 29 42 78 110 72 26 33 80 100 71 35 34 66 125 81 39 34 87 219 0.03 6 
79 160 332 160 65 102 87 51 58 62 136 89 29 46 77 157 102 29 41 62 140 61 34 40 85 153 82 39 35 67 109 69 37 32 100 106 77 52 35 61 123 59 45 49 87 138 93 34 34 82 117 72 40 51 62 132 103 33 35 58 155 94 42 40 63 136 80 35 34 74 128 84 38 42 240 0.05 10 
80 73 437 204 30 85 107 61 35 31 62 130 76 38 41 79 94 64 34 43 71 116 63 37 30 92 99 79 40 39 58 99 66 41 30 61 121 69 30 32 89 104 57 33 35 53 105 74 36 27 84 102 74 40 32 71 137 46 28 29 59 133 63 40 32 74 93 69 42 21 62 114 53 36 272 0.05 10 
81 387 33 122 81 65 31 21 77 112 60 28 26 53 129 55 42 28 59 87 67 25 30 85 80 47 24 37 60 104 42 38 38 61 108 73 29 33 39 90 69 36 36 54 132 88 36 29 57 107 78 26 30 75 133 80 23 26 73 95 52 30 30 68 115 57 30 31 56 117 63 28 38 62 183 0.02 4 
82 446 4 104 93 48 24 22 59 103 56 21 27 46 98 48 22 22 52 90 44 22 21 46 102 47 22 29 47 89 48 30 28 41 101 40 29 22 66 81 56 23 25 56 89 48 21 24 52 82 60 27 29 45 74 49 24 25 46 106 53 23 27 46 96 43 30 29 42 86 59 27 26 40 156 0.07 14 
83 246 248 68 15 21 81 26 11 14 39 76 28 19 16 35 57 28 18 16 36 55 36 17 23 45 62 28 16 21 27 62 26 15 17 33 80 31 19 17 26 62 33 17 15 27 65 25 15 17 30 58 33 17 13 35 67 32 19 16 32 70 41 12 10 26 61 36 11 18 36 61 30 15 102 0.07 14 
84 451 112 77 41 67 156 67 30 46 87 119 82 30 34 81 109 75 37 33 67 155 87 44 47 68 145 86 40 46 71 144 73 41 32 67 139 67 37 38 71 112 74 34 36 83 124 59 37 43 84 144 82 34 38 87 133 99 42 47 70 118 70 31 32 85 142 68 32 31 74 146 67 34 154 0.04 8 
85 2 475 21 11 5 21 61 9 12 6 20 22 26 10 5 22 32 27 10 11 16 21 22 6 2 29 24 14 12 11 32 50 14 17 6 14 36 27 19 16 9 25 30 12 3 27 38 32 14 16 22 37 6 12 0 25 45 27 7 9 24 25 19 7 9 14 28 21 4 7 20 38 29 42 0.06 12 
86 86 2 44 29 21 9 12 19 33 21 13 11 18 40 25 11 12 20 44 17 14 12 22 46 22 10 10 26 43 20 11 15 22 26 17 10 10 21 43 28 14 7 19 39 29 8 12 21 32 19 8 13 27 35 20 13 9 22 37 16 14 10 27 46 22 10 11 23 33 22 11 14 26 66 0.07 14 
87 233 59 50 22 13 16 29 40 26 11 11 18 33 29 11 11 26 38 26 14 10 21 43 32 11 15 19 51 22 12 13 26 33 30 11 14 25 48 23 10 12 23 53 18 10 14 23 46 20 15 13 28 41 21 11 11 20 38 23 13 11 24 31 28 13 12 25 39 27 12 12 26 41 75 0.03 6 
88 112 82 192 142 107 56 45 87 144 85 58 46 103 141 75 46 51 111 168 93 48 59 112 139 99 50 46 96 185 99 52 52 91 190 87 44 45 85 166 96 41 43 93 142 96 39 42 83 148 104 50 44 116 150 113 43 47 87 188 107 55 48 103 161 79 48 41 99 133 77 40 49 102 288 0.08 16 
89 384 385 172 81 153 86 41 49 108 154 102 35 49 74 121 105 39 51 117 158 75 36 39 90 134 104 37 34 75 129 72 39 46 64 140 76 48 51 70 179 82 49 50 69 122 72 45 37 88 133 74 53 36 95 126 105 41 39 86 159 99 38 37 72 164 106 37 40 91 169 76 51 46 258 0.02 4 
90 379 308 96 20 26 45 39 42 16 26 36 65 37 19 16 26 72 40 20 16 36 50 26 9 20 21 44 30 16 15 16 41 26 11 14 32 60 21 12 14 47 30 29 18 14 37 78 40 19 17 25 45 28 16 11 19 32 21 22 22 35 80 37 12 21 22 73 37 10 13 26 72 21 128 0.04 8 
91 371 416 134 76 36 43 62 91 75 27 37 90 111 65 37 27 79 96 64 38 32 82 108 57 32 33 71 137 50 42 37 73 107 77 37 45 77 96 80 45 32 47 106 69 32 44 64 132 53 37 28 54 124 77 28 27 65 96 48 39 33 62 113 56 39 38 51 128 45 33 32 58 101 201 0.04 8 
92 145 167 28 12 29 49 27 15 23 15 44 20 18 7 39 55 31 21 9 32 65 10 8 14 18 42 13 19 13 22 0 26 14 16 22 66 16 15 12 23 27 30 20 16 12 61 22 24 16 33 48 45 24 18 32 33 15 9 15 22 53 30 21 11 31 27 33 35 4 37 71 13 9 56 0.02 4 
93 116 411 207 57 104 60 37 31 55 124 58 33 41 65 132 55 30 38 79 133 69 32 36 55 136 75 32 36 61 124 83 42 32 84 124 62 27 38 59 131 67 31 26 84 111 63 35 30 64 130 67 34 37 58 105 61 36 33 62 101 60 28 30 64 113 66 30 39 67 128 73 33 38 276 0.08 16 
94 469 322 54 6 8 4 4 5 26 14 6 5 21 26 13 8 9 21 4 17 13 15 3 30 13 4 8 21 40 15 12 9 0 20 21 10 9 27 11 10 5 13 32 38 14 7 7 29 23 18 11 11 10 35 15 10 11 26 5 12 7 9 10 40 18 2 7 12 29 27 5 6 21 72 0.02 4 
95 349 199 38 15 20 38 61 29 20 27 43 49 37 14 20 32 51 30 21 22 28 56 21 16 13 30 78 35 24 17 45 98 37 26 16 32 60 44 17 15 44 47 29 17 20 27 48 36 23 26 35 86 29 15 23 49 67 33 22 20 28 53 37 23 12 49 53 42 11 18 33 75 37 76 0.08 16 
96 85 184 255 126 86 48 51 81 149 95 50 38 96 130 76 49 35 78 122 89 47 48 96 159 71 50 34 94 142 94 43 45 67 151 96 39 51 68 162 85 39 47 83 169 68 52 43 85 166 72 46 40 92 123 103 38 47 69 125 80 47 48 91 144 87 46 45 78 132 80 38 35 74 340 0.04 8 
97 175 371 246 65 38 38 65 139 81 30 42 70 116 74 47 38 91 122 94 46 49 98 154 76 33 41 94 137 65 49 45 81 144 81 36 41 89 155 88 31 46 87 121 79 31 38 80 113 73 37 48 71 151 63 39 37 70 133 89 35 50 85 174 97 39 37 77 129 66 42 49 96 152 328 0.04 8 
98 262 260 141 13 65 94 32 21 24 32 69 49 26 26 31 82 45 22 22 40 65 28 30 24 37 57 44 29 18 60 74 20 24 29 58 79 51 19 31 42 73 47 19 17 46 99 34 20 24 63 123 27 28 20 47 65 75 31 19 41 86 28 18 23 49 113 55 17 27 38 81 40 35 188 0.02 4 
99 3 29 200 170 101 57 43 108 171 112 45 53 91 167 110 49 40 89 169 82 53 54 112 144 108 48 52 102 169 96 44 50 106 141 99 54 52 110 155 95 51 48 108 148 88 52 52 120 158 84 60 46 89 164 99 51 41 118 179 104 47 50 108 187 102 58 46 83 174 89 58 53 96 300 0.08 16 
100 487 24 36 7 18 32 15 7 8 18 30 18 10 9 17 36 20 8 11 20 28 19 5 9 17 25 18 9 6 20 26 15 9 7 18 24 20 9 9 19 28 23 11 7 20 30 22 6 11 19 31 12 8 7 20 19 16 10 7 17 32 17 8 9 20 30 16 10 7 20 28 17 11 54 0.03 6 
