200 10 16002
0 235 183 31423 22007 21986 21993 21998 22002 21986 21987 22005 22023 22007 0.01
1 265 487 19 18 9 6 9 42 22 12 9 24 31 25 11 11 13 49 16 9 7 17 28 11 8 7 15 23 19 7 15 15 32 16 6 11 16 25 23 8 9 21 19 16 8 9 21 30 17 10 10 13 38 16 8 11 14 40 29 5 11 24 35 38 0.07 14 
2 465 365 48 8 28 49 18 16 11 19 17 23 15 13 27 51 29 13 7 21 49 24 12 15 37 40 23 8 10 21 30 21 9 10 26 43 13 8 9 22 48 31 14 8 31 32 23 11 11 15 36 22 6 13 26 32 21 14 9 24 40 12 14 72 0.07 14 
3 286 443 80 38 38 92 115 58 35 43 79 120 57 39 41 98 118 85 46 35 76 154 64 33 46 72 120 71 37 37 71 139 77 38 41 64 172 80 48 43 82 146 79 30 36 73 113 69 29 36 75 107 60 36 49 85 137 63 37 41 107 161 82 160 0.02 4 
4 471 480 74 35 36 64 110 86 36 36 61 114 63 35 42 73 148 64 42 37 56 131 72 36 34 75 126 69 31 44 83 133 67 31 34 84 132 63 36 29 71 144 71 38 31 68 119 84 41 36 70 126 76 39 36 85 136 71 44 33 69 105 57 148 0.03 6 
5 258 128 168 96 41 42 69 134 85 47 42 66 156 77 49 46 83 142 102 42 34 98 160 84 40 48 73 165 76 41 44 98 152 86 40 37 83 159 71 45 48 93 139 89 39 44 69 123 88 38 49 75 155 80 44 34 79 142 77 37 37 95 157 252 0.09 18 
6 106 59 18 43 37 20 5 13 8 51 9 9 3 13 28 15 12 2 15 20 9 17 13 16 16 7 12 10 19 27 5 7 10 18 18 8 1 15 17 18 12 9 18 33 11 16 9 19 14 11 11 6 15 17 12 12 8 5 20 29 19 1 14 36 0.02 4 
7 269 231 162 82 166 73 50 34 81 137 96 32 31 73 128 85 41 45 70 154 97 31 35 69 164 69 36 43 86 111 77 36 47 75 132 65 36 50 92 133 71 41 45 66 133 79 46 41 108 152 68 41 36 93 129 71 46 36 74 162 92 48 47 243 0.04 8 
8 24 4 19 11 2 18 40 30 11 10 21 14 14 11 14 22 42 8 14 8 19 29 19 5 9 8 38 16 12 10 15 35 13 13 12 22 35 7 17 5 37 28 17 3 11 27 26 15 9 10 8 17 25 9 12 22 32 15 4 11 18 29 15 38 0.09 18 
9 302 400 70 68 141 61 35 43 53 102 70 45 31 67 123 62 34 28 83 100 67 39 33 73 101 64 29 30 79 110 71 29 40 79 124 72 29 28 82 130 62 24 22 64 113 68 37 24 55 103 73 26 49 80 138 62 24 26 56 108 77 36 37 140 0.09 18 
10 226 19 140 74 145 64 36 32 77 133 55 32 28 64 100 73 25 35 87 114 58 34 30 54 95 51 34 40 62 116 65 37 35 81 111 70 30 43 64 98 59 32 34 79 140 65 43 32 78 131 77 43 35 84 128 76 37 29 84 112 67 29 39 210 0.04 8 
11 54 305 78 119 82 45 32 84 108 85 38 45 56 119 96 40 43 84 157 76 38 41 62 149 77 42 37 70 143 65 37 40 103 132 74 46 32 79 141 94 37 43 81 111 73 39 41 70 123 85 42 37 81 122 73 51 50 85 125 86 35 34 80 156 0.04 8 
12 476 46 240 72 47 45 98 162 81 44 38 67 154 84 45 42 86 151 96 40 33 97 155 61 45 37 83 168 90 34 37 87 141 72 31 35 60 153 78 36 39 96 158 82 32 36 82 146 81 36 34 74 139 81 40 43 79 141 68 34 44 60 164 320 0.07 14 
13 189 387 34 16 10 3 19 29 11 6 4 10 37 14 10 8 17 22 20 11 9 36 41 15 9 6 18 21 28 10 6 20 37 10 7 3 19 24 11 9 9 7 20 15 7 4 21 33 23 7 13 14 33 18 7 9 18 18 8 7 6 13 28 51 0.03 6 
14 138 231 162 42 96 141 72 47 37 88 169 81 49 47 78 134 102 37 35 92 150 82 44 37 82 151 85 48 41 97 144 90 37 48 84 133 77 37 32 90 135 63 38 46 80 129 69 45 33 74 110 91 43 36 79 134 81 42 38 100 108 66 47 243 0.08 16 
15 26 395 96 80 46 45 80 164 99 43 39 110 176 87 39 60 113 184 98 49 50 96 172 94 48 49 81 181 76 41 43 75 141 81 64 55 90 154 104 36 58 76 193 84 57 56 93 162 119 44 56 101 142 107 47 56 110 164 95 50 49 117 145 192 0.09 18 
16 305 325 82 44 67 38 22 20 36 84 43 22 13 38 66 50 22 16 47 66 44 17 23 47 65 40 22 16 33 78 34 15 15 41 54 48 24 20 47 82 31 21 18 35 62 38 25 26 47 76 43 18 23 33 59 45 28 19 44 83 40 22 20 123 0.07 14 
17 386 150 118 28 30 60 105 69 30 23 59 99 46 25 27 72 94 68 26 25 52 116 48 32 37 79 87 56 34 27 53 100 50 36 31 63 119 57 25 29 69 103 64 25 41 75 100 65 35 27 52 95 74 34 32 45 99 64 28 28 64 81 49 177 0.07 14 
18 339 467 135 25 29 40 65 72 23 24 32 78 36 15 24 52 60 38 21 28 46 68 43 26 21 42 78 50 14 26 45 65 41 15 25 33 70 69 22 23 45 73 59 21 26 45 116 48 29 15 31 100 47 28 22 46 83 37 28 22 44 88 41 180 0.08 16 
19 106 108 90 92 44 23 23 41 89 61 27 19 44 93 46 20 29 48 89 55 31 21 56 81 32 28 28 41 74 57 16 28 29 72 46 29 21 41 66 34 23 19 47 53 56 19 19 35 74 42 22 22 44 75 43 20 21 36 76 56 25 22 46 135 0.03 6 
20 159 246 84 37 29 11 15 26 48 26 13 13 30 35 22 13 14 25 45 33 13 14 30 48 31 15 14 25 40 29 14 17 24 45 23 12 13 20 48 34 13 14 22 56 27 11 11 33 36 22 15 14 22 50 33 13 12 30 56 24 16 13 30 112 0.03 6 
21 227 381 72 34 74 109 75 48 28 90 148 71 39 28 98 99 84 32 41 68 119 71 43 30 71 127 65 32 36 62 102 70 30 33 71 128 58 34 33 85 152 63 45 32 74 118 77 41 37 78 93 72 41 34 75 138 89 29 40 57 104 61 40 144 0.02 4 
22 362 218 190 151 89 45 51 84 146 88 58 39 88 129 110 45 48 106 134 105 54 53 108 142 101 50 51 74 142 86 44 41 82 160 90 45 41 96 173 105 53 53 100 197 78 54 51 89 138 80 44 38 97 145 92 48 47 88 158 89 42 51 71 285 0.06 12 
23 397 469 52 7 14 37 28 18 7 16 14 41 17 13 15 22 56 29 11 11 28 66 29 17 10 26 38 41 20 10 24 27 21 11 13 31 13 26 10 10 22 25 20 16 12 14 89 23 7 16 43 46 41 12 19 25 33 23 18 11 35 48 33 78 0.04 8 
24 75 299 128 48 129 69 40 32 84 109 62 22 29 73 102 66 30 32 58 116 64 32 22 61 153 58 36 18 81 100 82 32 19 58 112 64 33 40 76 97 60 32 30 60 80 83 28 29 50 131 87 27 29 67 103 67 24 27 52 95 52 32 29 192 0.08 16 
25 172 238 171 55 29 31 51 126 81 32 35 80 91 53 25 22 55 88 42 20 29 50 90 55 25 29 38 109 43 34 29 55 96 98 24 30 59 69 69 25 21 52 118 51 26 33 52 75 51 23 31 57 107 47 28 27 70 89 62 33 21 57 91 228 0.06 12 
26 261 441 65 101 64 25 41 69 132 59 33 34 69 130 55 34 25 78 126 57 26 31 64 88 51 30 36 57 93 67 34 35 56 101 61 25 36 54 106 57 26 31 55 86 80 28 34 62 103 82 28 38 58 93 63 31 30 56 98 60 35 29 67 130 0.04 8 
27 242 347 51 66 25 24 60 81 51 22 28 38 106 60 22 22 41 71 52 24 29 50 82 63 30 28 44 75 59 34 29 59 84 51 22 23 67 83 44 26 21 44 102 54 33 24 51 118 50 21 22 52 71 47 27 22 57 100 52 21 31 44 70 102 0.04 8 
28 364 395 147 44 20 18 42 86 52 27 24 43 84 52 16 26 41 97 57 31 20 51 94 62 21 27 38 76 54 27 27 44 106 36 34 24 44 102 67 20 28 47 88 67 25 21 51 104 51 25 25 52 88 49 26 22 49 84 61 20 25 43 69 196 0.03 6 
29 450 46 78 17 14 25 38 27 14 10 26 48 16 13 16 23 26 21 10 15 28 41 13 9 14 13 44 27 13 8 29 26 23 12 12 23 60 29 14 18 22 39 25 6 5 27 43 14 19 6 23 43 27 6 16 41 16 27 9 12 37 55 33 104 0.09 18 
30 124 229 34 17 13 30 63 26 17 19 21 38 44 17 14 26 40 31 15 12 38 53 29 11 12 36 49 31 16 16 27 73 26 21 11 48 41 40 11 16 35 68 34 22 16 33 75 29 18 19 42 51 48 16 22 31 57 32 15 19 40 62 36 68 0.03 6 
31 491 51 85 50 101 155 87 34 44 71 149 88 34 47 66 138 84 49 35 96 129 102 34 51 94 162 81 45 41 96 151 69 43 40 80 131 96 45 50 95 129 66 39 46 77 139 91 38 39 80 137 78 42 44 75 158 92 35 43 93 113 81 39 170 0.02 4 
32 61 316 28 6 22 33 25 19 20 40 56 30 6 16 34 26 15 20 11 16 48 13 12 12 22 51 32 17 12 31 57 34 14 13 26 73 34 18 10 35 45 34 18 16 26 46 30 18 19 33 52 19 16 14 23 45 32 19 21 34 72 19 16 56 0.07 14 
33 403 84 30 2 5 28 0 5 0 4 3 39 9 5 3 4 0 25 5 4 25 24 8 0 0 0 41 13 8 12 4 21 0 1 7 13 15 3 0 6 9 43 0 12 11 7 23 0 8 5 33 0 6 5 0 24 31 25 6 10 9 0 18 40 0.02 4 
34 239 486 258 66 46 39 69 141 95 46 45 99 124 80 48 42 86 142 65 33 38 105 152 110 49 37 70 171 84 34 55 78 131 83 38 35 94 115 109 48 40 90 168 71 38 45 88 120 95 36 38 73 152 97 48 32 92 142 74 41 53 68 135 344 0.05 10 
35 46 334 77 38 29 69 92 91 40 32 61 133 78 44 30 75 135 62 37 36 57 119 90 33 38 67 122 81 41 24 60 138 66 34 38 96 137 71 38 37 67 105 103 38 40 77 120 86 44 50 80 115 66 38 35 67 143 68 34 34 69 126 75 154 0.06 12 
36 74 66 168 31 44 88 78 31 22 65 103 44 34 25 48 87 50 38 26 37 74 58 33 19 47 87 50 32 28 63 125 60 32 26 44 123 65 34 29 66 96 48 28 32 62 75 67 27 24 50 65 56 22 26 54 97 56 19 29 47 131 55 33 224 0.04 8 
37 45 39 50 89 40 42 28 36 104 34 28 23 71 73 41 21 24 49 81 65 15 26 50 51 48 27 30 43 84 66 28 20 49 98 46 33 24 53 111 65 17 27 39 100 38 23 21 36 86 45 24 27 74 88 62 38 34 63 94 32 25 28 42 100 0.04 8 
38 391 308 267 48 73 135 90 35 49 73 142 82 36 50 92 134 66 36 36 100 136 74 45 57 107 133 104 43 46 113 184 81 45 46 84 129 67 57 42 92 150 102 46 48 77 144 71 45 35 82 147 82 41 56 88 130 80 39 48 77 124 97 46 356 0.03 6 
39 110 53 89 83 126 68 38 49 109 143 88 40 39 78 127 76 52 52 104 137 71 38 47 99 167 104 37 45 86 152 92 42 40 69 162 80 44 40 100 141 72 53 44 96 131 98 42 39 92 136 89 46 35 83 177 106 40 39 99 147 98 51 37 178 0.09 18 
40 204 53 11 19 2 7 11 0 13 1 7 0 17 31 3 10 12 3 31 8 3 5 27 19 3 3 7 18 35 12 3 8 14 23 16 0 8 19 17 13 4 4 20 10 17 3 3 11 41 6 13 3 17 20 3 9 3 20 23 21 6 10 8 22 0.09 18 
41 176 452 60 24 50 33 16 14 25 55 31 12 12 26 47 37 16 13 30 47 34 15 12 41 39 26 15 14 38 56 26 15 18 32 48 35 13 14 27 60 34 16 15 42 66 27 17 15 38 59 27 15 17 30 51 24 15 11 32 56 24 16 17 90 0.05 10 
42 4 2 59 37 51 94 51 28 22 48 109 80 25 33 63 75 37 27 33 51 118 64 30 30 57 81 70 24 41 53 98 46 27 27 55 91 47 30 34 61 96 58 36 24 54 121 53 29 31 55 94 58 31 25 80 93 62 25 33 61 80 46 29 118 0.05 10 
43 244 278 63 36 65 107 53 29 35 65 95 69 36 35 68 131 53 33 28 61 97 64 32 28 58 105 58 38 29 58 97 71 33 31 62 107 59 26 35 69 113 68 29 30 70 110 74 26 26 74 96 62 27 25 53 120 56 26 31 54 109 54 36 126 0.04 8 
44 498 430 165 57 108 46 25 31 46 95 55 29 29 63 77 56 33 24 58 97 51 29 34 51 97 48 26 27 60 106 54 30 23 47 92 46 24 25 65 89 43 26 23 48 108 58 23 25 44 78 56 21 33 59 88 57 31 32 54 102 58 25 30 220 0.08 16 
45 7 91 70 59 33 29 57 140 45 28 30 86 112 80 41 34 76 167 96 34 37 79 106 75 53 33 79 119 63 32 40 62 147 54 32 33 74 94 90 34 28 57 129 71 42 34 70 97 74 30 26 66 115 74 35 38 49 122 87 35 39 61 112 140 0.09 18 
46 279 342 120 52 33 33 57 125 65 23 20 63 105 62 37 25 42 96 72 30 30 56 108 66 30 33 66 89 52 30 21 52 114 64 30 33 59 69 61 23 30 51 120 61 30 30 63 116 56 39 24 58 88 63 23 26 45 95 71 29 34 68 109 180 0.03 6 
47 349 251 21 11 9 19 34 16 10 8 32 40 28 8 12 28 27 23 9 7 23 38 22 10 10 18 42 19 8 13 19 38 18 8 9 27 35 20 7 8 18 31 22 7 19 24 37 25 10 12 10 40 30 11 9 20 47 20 11 6 27 40 25 42 0.05 10 
48 356 310 39 12 2 6 4 24 7 10 9 2 48 11 5 2 16 15 19 0 10 10 0 23 11 6 12 15 15 7 7 31 13 0 6 6 15 11 10 3 3 0 28 21 6 8 13 54 20 9 9 7 22 10 5 16 13 21 7 5 9 23 32 52 0.02 4 
49 215 458 31 29 53 31 12 15 35 63 28 13 13 42 55 28 13 13 34 49 23 14 18 27 61 33 17 15 28 62 28 20 12 28 47 32 16 14 27 44 34 16 13 32 48 28 14 17 28 48 30 14 13 29 39 39 17 19 32 45 28 16 12 62 0.02 4 
50 317 40 92 40 67 48 17 20 51 96 37 21 26 55 81 38 21 25 47 87 38 21 16 58 65 48 14 22 45 102 40 26 24 46 78 41 20 27 37 77 34 23 23 50 65 45 22 25 65 68 44 18 20 54 63 55 20 30 50 76 53 20 22 138 0.06 12 
51 378 153 90 93 42 39 99 157 90 47 42 82 170 92 52 49 76 165 91 49 44 88 135 102 47 45 108 136 88 39 47 102 157 103 43 45 78 171 73 47 42 76 145 83 49 49 92 183 78 46 39 88 153 105 48 42 71 135 73 38 38 73 146 180 0.03 6 
52 98 172 183 31 51 90 60 37 21 68 92 72 27 29 56 99 52 26 30 56 80 66 26 26 67 101 60 29 32 43 114 62 24 23 55 100 67 38 30 72 107 59 31 28 55 115 44 21 26 67 93 59 35 23 58 108 43 26 37 59 108 57 24 244 0.09 18 
53 145 60 105 17 16 36 65 32 15 16 42 51 40 14 15 38 75 38 20 21 32 70 31 19 18 34 56 38 19 19 44 69 41 20 19 29 63 40 19 14 35 60 40 16 18 35 70 40 19 16 30 50 45 20 16 40 59 30 18 18 38 57 32 140 0.04 8 
54 404 232 11 28 19 3 3 8 16 11 3 5 11 16 15 6 3 15 12 10 1 2 18 17 9 3 7 8 13 13 2 5 20 12 6 5 4 18 10 9 4 3 8 21 10 5 6 14 21 11 6 3 4 27 10 5 7 18 27 10 4 5 9 22 0.06 12 
55 283 387 294 109 58 47 114 194 93 54 56 117 184 86 61 52 86 156 90 46 42 107 159 104 56 41 81 188 87 48 54 81 149 97 43 38 95 182 105 40 45 112 143 74 43 40 79 154 104 57 54 102 156 88 44 50 112 166 98 50 43 94 157 392 0.02 4 
56 434 391 64 24 17 65 25 1 10 29 79 24 10 13 20 43 33 19 19 18 58 21 6 15 31 57 29 12 10 27 37 28 26 11 25 36 37 20 13 36 66 38 11 19 48 39 17 25 15 26 82 37 21 13 39 39 31 16 10 33 52 37 13 96 0.03 6 
57 197 192 51 78 50 32 22 38 104 46 32 33 54 116 61 19 23 65 83 33 22 21 55 80 48 21 28 43 78 67 20 22 50 65 47 21 31 35 105 51 25 18 47 84 47 20 30 52 99 56 22 30 58 77 55 41 17 37 111 59 20 29 48 102 0.04 8 
58 194 112 48 22 31 27 10 13 26 48 23 12 15 17 42 21 11 8 17 58 29 14 11 30 50 32 8 12 27 34 29 17 18 12 54 36 12 8 22 28 28 5 10 27 63 25 14 6 30 28 18 11 16 16 49 27 12 12 23 33 14 8 11 72 0.02 4 
59 88 107 153 42 26 23 59 100 43 19 24 63 75 49 29 24 46 73 59 27 21 47 92 50 22 23 59 85 45 29 19 46 99 55 26 26 61 73 43 25 23 46 85 56 27 30 60 91 53 24 23 42 76 48 25 30 58 70 44 27 27 49 74 204 0.09 18 
60 292 270 126 61 27 33 51 77 67 35 32 61 112 64 33 30 52 119 70 32 26 56 116 75 26 38 71 89 67 35 29 70 113 72 30 28 71 109 54 38 35 63 126 69 37 31 63 108 56 30 30 61 93 72 28 38 62 110 75 29 34 58 104 189 0.09 18 
61 256 41 31 27 12 16 28 56 31 14 18 28 57 30 19 18 34 43 22 15 15 26 65 23 13 18 37 44 29 21 13 34 46 37 11 10 20 50 35 14 14 26 53 34 17 16 25 43 27 12 11 33 55 28 14 13 33 47 33 12 15 26 54 62 0.09 18 
62 338 215 54 31 45 89 62 23 26 55 96 57 27 26 60 100 43 28 22 52 103 54 22 24 66 100 60 23 21 51 102 54 23 21 52 108 54 28 29 53 98 47 28 29 50 100 44 30 25 57 92 61 27 27 44 77 46 27 27 55 103 53 34 108 0.06 12 
63 229 33 82 39 30 100 142 82 39 51 80 131 88 38 46 101 132 70 36 42 109 125 68 52 46 78 179 75 31 38 79 99 70 38 33 78 131 64 36 44 75 139 93 32 38 96 153 90 38 32 90 119 67 38 38 86 114 65 39 39 73 133 79 164 0.03 6 
64 319 491 237 84 150 80 42 34 95 123 63 47 39 65 132 90 40 38 93 157 93 45 41 76 140 83 36 50 81 110 61 40 33 89 150 86 45 39 88 132 72 37 46 82 141 70 45 41 83 153 73 37 44 74 120 77 37 36 85 138 76 43 38 316 0.06 12 
65 249 457 182 82 44 42 111 150 91 44 40 92 160 101 56 37 91 162 110 38 32 91 141 83 36 52 72 145 82 39 45 101 154 100 37 43 73 172 76 41 39 89 131 75 37 41 68 109 64 35 43 63 143 77 48 30 94 137 86 56 42 68 133 273 0.02 4 
66 247 170 186 43 52 80 185 88 55 35 78 149 109 50 50 111 148 113 54 46 122 143 87 40 50 99 219 91 37 58 101 173 103 44 43 133 165 87 39 50 90 155 103 61 42 64 190 79 55 57 97 159 84 41 51 119 128 106 37 56 79 118 94 279 0.03 6 
67 393 114 198 93 49 45 107 187 117 54 42 117 190 115 45 55 95 182 120 51 55 112 164 101 45 49 89 152 87 52 45 102 189 119 58 51 102 174 82 48 54 75 163 96 49 48 81 159 93 56 45 87 180 101 56 41 94 170 99 48 45 122 187 297 0.04 8 
68 331 264 152 66 124 68 48 33 77 144 58 35 45 76 148 100 40 31 55 138 72 47 28 71 103 78 40 39 58 176 81 34 37 100 120 72 44 26 86 153 84 32 44 92 139 75 32 38 87 156 60 38 39 82 156 80 44 30 70 123 79 38 40 228 0.04 8 
69 31 78 264 89 38 50 83 157 97 47 42 74 141 98 50 36 82 167 77 43 44 73 118 72 46 48 76 140 77 48 40 98 135 97 35 41 96 128 107 42 56 80 119 97 37 39 93 175 88 49 43 104 159 95 45 37 77 136 101 52 48 87 175 352 0.05 10 
70 247 118 76 31 40 75 117 78 33 37 61 107 67 31 39 72 140 83 35 44 77 146 77 32 42 83 150 85 37 37 61 117 69 31 45 74 135 66 43 39 65 125 75 39 42 88 138 62 31 34 77 138 66 36 39 61 104 75 41 39 69 110 68 152 0.06 12 
71 337 411 97 44 111 158 114 47 42 78 164 93 53 48 90 142 113 45 44 98 160 107 40 54 88 158 87 44 47 95 178 79 38 47 104 186 102 46 50 101 179 81 46 57 81 176 100 52 50 94 143 107 50 57 84 180 78 47 56 101 168 110 48 194 0.09 18 
72 173 180 120 67 30 24 9 50 61 43 23 20 50 66 33 17 24 33 65 37 17 22 32 59 52 16 22 41 80 38 14 24 61 69 38 18 19 31 69 40 28 14 41 55 42 19 22 36 59 34 20 20 33 88 30 18 21 37 71 43 18 23 36 160 0.03 6 
73 43 248 16 13 8 24 0 23 9 3 41 31 6 11 12 7 4 19 8 0 12 42 14 18 11 12 27 10 10 13 13 31 19 7 6 2 17 0 8 4 19 31 13 5 3 14 0 20 7 2 0 11 40 10 14 6 0 14 6 12 35 8 11 32 0.08 16 
74 347 227 288 101 194 97 58 50 96 144 101 56 47 80 140 73 45 48 104 105 106 45 48 87 158 105 40 48 85 156 96 42 38 94 139 107 38 40 100 123 89 59 46 106 150 81 44 55 115 160 82 45 48 118 146 102 58 51 108 164 86 44 44 384 0.09 18 
75 136 0 216 54 159 75 37 33 76 107 76 38 32 55 117 84 35 35 98 125 79 36 34 71 111 68 42 45 73 126 51 34 37 67 142 71 36 48 100 151 61 43 37 69 155 86 44 31 84 92 52 27 27 63 97 66 38 35 64 94 64 30 27 288 0.04 8 
76 414 386 276 99 44 47 95 132 112 36 46 88 129 106 46 50 94 164 89 44 50 94 190 104 36 41 72 178 102 43 38 108 146 85 40 49 100 167 75 52 55 77 126 69 46 47 99 128 85 44 53 107 158 94 41 41 107 139 85 38 42 94 133 368 0.05 10 
77 363 70 99 41 57 76 164 95 56 54 82 147 86 46 43 96 129 100 41 45 92 190 83 54 40 95 199 97 44 51 114 143 92 58 38 115 139 84 48 43 103 158 82 48 47 94 147 104 44 57 90 174 96 60 55 93 163 99 51 48 81 136 92 198 0.08 16 
78 241 37 14 7 3 20 18 1 1 8 31 16 27 7 4 2 45 4 7 1 11 36 6 7 6 20 22 18 6 0 16 25 7 4 4 13 50 14 6 3 0 44 24 2 4 8 21 28 5 9 7 21 14 7 12 14 15 18 6 3 3 3 1 28 0.02 4 
79 255 206 51 88 39 26 29 52 114 37 21 22 34 56 49 30 16 59 94 67 21 29 40 72 45 25 34 47 79 61 29 29 66 67 40 23 25 35 88 49 21 20 49 96 33 16 23 49 74 68 20 28 48 89 61 21 26 52 105 43 25 22 50 102 0.06 12 
80 199 493 140 31 74 100 55 39 39 51 139 62 41 31 77 107 77 40 35 68 135 64 39 38 74 103 75 32 28 69 105 76 31 40 59 132 63 33 25 63 141 61 30 32 79 137 69 31 37 77 108 77 40 35 71 132 71 32 31 66 118 78 34 210 0.08 16 
81 478 493 110 54 81 66 30 25 67 94 59 19 27 50 100 63 26 34 63 102 65 33 29 66 123 52 26 23 70 66 40 22 23 61 74 48 25 30 55 91 69 29 25 50 80 55 33 27 59 107 54 20 25 58 105 54 32 26 48 103 60 22 24 165 0.07 14 
82 350 117 136 68 110 62 44 31 60 108 81 34 35 68 93 65 39 40 62 125 74 34 30 62 84 66 44 38 79 159 68 34 31 84 106 68 42 34 55 85 78 37 31 54 132 55 38 35 74 163 57 29 27 76 126 60 38 33 83 158 81 33 27 204 0.05 10 
83 405 437 48 27 46 34 13 11 20 44 16 11 15 19 41 20 21 12 32 52 13 7 12 30 47 18 8 16 32 36 21 14 13 18 48 12 11 13 18 45 16 8 18 25 42 34 14 12 22 30 15 10 12 25 38 12 14 8 14 32 24 8 13 72 0.04 8 
84 251 156 78 47 76 17 14 12 63 70 40 17 25 25 52 18 28 27 34 73 42 25 22 52 61 43 16 22 26 89 50 12 16 37 52 28 12 23 26 66 36 15 21 41 63 41 23 21 45 63 60 18 22 41 82 57 17 17 38 85 48 19 17 117 0.06 12 
85 406 23 162 55 19 27 47 112 37 21 37 39 85 34 21 30 63 82 40 19 36 73 77 61 23 35 41 113 39 31 25 59 116 56 33 33 66 123 52 17 29 42 111 44 26 30 65 99 44 29 36 54 71 89 29 16 45 106 82 22 23 70 93 216 0.06 12 
86 19 206 97 39 84 146 103 68 43 113 179 124 52 53 75 169 100 55 53 96 165 92 60 53 88 166 86 40 47 105 137 85 41 37 113 164 91 45 52 85 150 105 56 51 93 155 101 51 39 103 160 102 42 50 88 168 99 41 57 99 193 113 57 194 0.04 8 
87 224 109 61 60 27 32 54 84 61 26 31 75 102 67 35 29 52 123 76 23 28 68 120 74 33 37 50 127 59 18 18 60 88 53 33 29 66 78 66 36 24 55 89 71 24 38 59 93 72 32 24 64 101 68 23 27 55 103 67 25 24 45 123 122 0.07 14 
88 396 439 64 14 22 19 53 20 13 11 31 53 34 15 15 20 35 28 5 19 19 43 19 22 14 34 77 38 14 9 38 41 35 22 16 30 49 24 26 21 34 51 17 16 16 41 62 27 17 19 44 46 45 19 10 30 64 31 17 12 28 46 21 96 0.08 16 
89 456 440 52 68 26 26 74 74 53 28 27 71 94 37 30 29 38 92 47 33 25 44 95 57 28 32 51 104 39 30 24 39 112 47 22 23 52 83 46 27 23 56 79 62 17 20 59 81 38 26 26 51 80 43 29 20 42 81 72 25 19 60 83 104 0.07 14 
90 233 8 134 59 95 56 32 27 52 137 57 23 33 62 83 59 26 36 50 117 57 25 39 60 123 41 35 26 75 121 76 36 23 58 144 73 40 36 71 121 44 28 40 66 115 67 27 33 81 106 71 29 34 60 98 63 28 36 47 98 70 33 31 201 0.06 12 
91 341 465 150 50 99 46 27 21 50 100 39 24 22 54 85 59 24 20 41 103 43 26 22 54 74 60 21 29 51 88 43 21 23 45 101 39 26 22 43 66 50 22 26 59 92 51 26 27 37 82 41 19 28 44 94 48 23 22 49 109 40 20 27 200 0.02 4 
92 283 134 33 13 14 12 9 2 11 22 11 6 3 7 20 13 2 5 10 24 5 9 5 0 12 9 4 7 11 12 16 5 3 7 17 12 4 3 4 11 8 4 5 12 23 2 8 3 18 20 15 6 3 16 35 16 5 5 9 25 12 5 5 44 0.05 10 
93 333 0 35 16 20 17 69 28 14 19 36 78 31 20 10 38 89 48 13 19 39 63 33 12 25 51 60 43 21 16 41 70 34 9 20 53 50 39 19 16 23 53 34 16 19 43 71 41 25 22 33 55 11 15 11 23 58 22 13 11 42 47 39 70 0.08 16 
94 243 143 129 24 21 47 69 41 10 23 40 77 46 22 15 30 55 41 36 20 33 72 30 12 24 49 84 53 17 23 35 70 41 20 12 38 63 39 19 18 61 60 38 27 20 64 62 50 14 14 55 46 24 31 19 68 63 34 21 22 33 76 31 172 0.02 4 
95 322 154 80 83 50 35 78 134 67 40 32 94 151 76 34 47 72 133 82 34 38 70 114 78 52 42 70 117 86 41 36 71 154 74 37 45 61 128 85 36 35 62 130 81 50 37 73 135 73 33 38 71 137 69 42 41 76 132 77 40 36 105 158 160 0.07 14 
96 9 498 78 13 13 25 32 25 13 15 45 44 26 18 11 31 49 26 16 6 23 56 18 16 18 42 71 24 3 8 24 43 28 12 12 27 37 14 17 6 29 54 26 10 11 26 46 24 14 10 23 58 34 14 14 13 53 15 7 13 33 48 41 104 0.02 4 
97 305 142 126 113 57 27 26 55 98 55 36 33 57 113 53 28 27 73 107 70 32 36 54 114 72 34 36 73 124 54 31 28 55 116 56 36 29 63 112 56 33 25 51 101 64 30 33 76 93 55 29 34 66 107 69 33 30 53 97 66 35 33 74 189 0.07 14 
98 86 115 207 115 78 30 38 82 107 70 38 33 69 102 65 38 32 60 96 79 41 36 78 100 68 32 36 67 132 82 37 37 63 135 67 36 37 68 131 70 32 37 67 105 79 42 30 61 105 63 41 36 73 96 73 40 39 82 113 68 39 33 58 276 0.08 16 
99 355 305 234 148 92 41 45 93 123 88 32 54 86 123 82 42 46 85 161 89 37 39 63 129 84 47 40 76 121 85 34 38 87 102 75 35 38 90 150 102 31 30 72 155 86 41 33 66 108 84 34 39 67 113 86 40 36 60 150 91 35 35 64 312 0.08 16 
100 380 11 117 43 25 17 38 64 47 22 19 33 76 36 14 18 47 55 30 17 19 37 86 23 16 15 46 58 43 17 16 48 64 49 17 17 32 55 42 16 16 36 55 42 20 21 40 64 46 21 28 44 70 44 19 17 32 60 33 17 20 45 74 156 0.03 6 
101 296 462 53 24 25 43 85 47 23 26 43 95 52 28 29 53 94 49 24 19 52 88 51 21 24 44 95 58 26 24 61 102 62 31 22 54 75 56 29 25 56 100 59 22 26 57 83 53 31 22 58 85 56 28 23 48 91 44 29 30 55 93 42 106 0.03 6 
102 342 348 118 29 25 63 85 77 26 21 57 93 56 24 36 70 119 74 32 29 51 107 58 27 27 48 100 49 25 31 47 111 52 33 30 52 122 51 24 27 58 103 56 30 22 53 106 46 31 26 75 90 67 32 24 61 86 63 23 29 46 102 58 177 0.02 4 
103 123 145 136 101 51 38 21 51 118 59 35 38 62 89 60 39 38 59 126 48 21 30 75 123 62 33 34 70 107 74 32 32 53 105 55 32 31 57 147 63 27 28 65 101 69 40 27 65 106 53 28 34 61 96 44 31 27 66 98 70 33 36 60 204 0.07 14 
104 329 173 186 25 54 99 67 38 28 56 105 48 25 23 57 90 48 31 34 64 100 51 39 40 50 113 56 34 27 57 102 68 34 33 62 107 57 41 42 49 100 85 36 28 62 114 56 27 33 54 82 79 37 34 77 111 68 25 26 68 127 41 38 248 0.07 14 
105 329 190 64 33 46 35 19 16 30 38 35 13 13 32 54 29 13 21 21 48 33 15 19 27 48 36 15 15 31 71 36 20 13 40 64 37 16 14 30 54 33 13 21 30 42 21 15 16 28 46 23 14 14 28 44 25 18 9 21 51 45 12 13 96 0.05 10 
106 125 394 15 28 14 6 6 12 24 14 5 8 11 30 16 6 4 11 24 12 5 6 14 29 17 7 7 13 21 11 7 7 14 27 15 8 8 18 32 16 6 5 12 29 12 6 6 12 19 16 7 5 18 28 13 7 7 13 28 14 7 6 15 30 0.09 18 
107 225 424 195 106 51 28 39 71 70 79 30 37 64 121 61 26 23 42 86 44 23 32 43 102 55 27 33 46 105 65 31 35 52 103 74 34 32 87 93 48 36 37 90 104 70 33 34 76 110 61 29 42 70 96 61 37 29 80 114 81 33 38 68 260 0.04 8 
108 53 162 186 169 89 43 41 85 177 107 40 37 93 146 100 45 43 95 170 109 41 45 84 158 119 37 39 101 172 104 50 44 123 163 80 43 36 77 180 97 52 34 93 172 94 53 47 78 181 101 47 49 105 186 88 56 56 81 186 110 49 55 95 279 0.05 10 
109 454 222 39 31 56 34 19 16 48 45 39 20 18 42 49 36 12 21 51 80 45 15 26 37 65 50 24 21 45 60 36 21 23 44 68 47 19 20 42 57 34 23 25 37 53 47 18 17 30 67 36 18 17 48 59 32 20 22 50 61 48 20 16 78 0.04 8 
110 24 402 13 10 23 17 7 6 8 8 23 20 9 3 11 16 8 7 3 5 17 0 9 7 10 27 10 5 9 14 21 7 14 8 12 16 10 11 10 15 37 14 5 6 8 31 16 7 13 10 29 25 6 2 16 21 17 7 1 19 32 16 8 26 0.04 8 
111 58 216 42 21 21 51 77 51 27 22 32 91 41 10 15 64 78 40 13 22 39 97 32 19 20 33 87 40 20 27 45 75 34 13 17 44 54 50 13 18 40 51 41 19 22 45 72 23 25 25 51 106 29 20 20 44 59 32 25 19 40 66 59 84 0.03 6 
112 270 385 184 76 42 46 83 148 109 47 47 98 137 105 41 39 94 142 105 47 47 92 135 87 46 37 92 173 86 45 49 83 160 86 37 37 80 153 110 41 44 105 136 100 57 42 75 177 109 52 39 97 178 71 41 41 106 170 103 48 44 85 131 276 0.05 10 
113 119 166 44 26 21 41 76 35 25 23 46 87 37 21 22 43 68 40 20 17 48 62 43 25 20 42 86 46 18 23 48 69 52 25 18 38 65 46 23 18 35 88 46 19 27 34 87 48 25 20 47 85 45 19 20 59 66 40 26 21 54 76 37 88 0.07 14 
114 376 90 130 31 91 114 49 27 34 58 132 80 41 23 41 101 61 26 31 61 143 63 22 24 49 130 56 31 25 85 87 65 28 25 60 107 65 42 41 88 100 77 37 29 72 99 59 38 29 50 139 57 34 24 62 109 79 25 30 59 121 74 29 195 0.08 16 
115 297 425 39 16 39 83 37 17 16 54 78 37 16 20 32 60 30 26 16 41 71 51 20 22 44 72 35 17 21 31 82 31 25 23 32 57 43 18 15 39 47 41 19 19 48 42 39 18 17 30 80 47 17 16 45 67 31 17 24 35 80 36 20 78 0.03 6 
116 457 208 216 56 108 79 37 31 67 124 60 34 41 59 141 71 37 35 73 141 78 40 37 56 108 79 39 36 68 128 73 35 39 64 139 80 39 41 66 99 75 31 29 67 144 73 29 31 68 108 65 38 34 61 117 61 41 38 63 110 68 39 32 288 0.04 8 
117 195 244 114 70 36 28 19 58 47 16 22 19 32 64 20 22 23 39 65 17 22 17 46 46 41 11 22 25 43 28 10 14 30 78 70 18 21 37 88 37 27 16 31 62 45 16 9 41 73 46 15 19 31 58 26 19 18 53 70 24 15 13 34 152 0.02 4 
118 130 346 74 32 23 21 28 59 32 20 20 35 65 33 19 21 33 62 37 20 14 39 62 46 20 20 35 50 33 18 19 39 71 38 21 17 38 57 35 18 18 30 53 43 22 18 37 67 38 16 20 33 76 43 16 22 36 53 31 14 18 35 71 111 0.03 6 
119 361 472 225 32 87 99 81 29 38 78 123 66 31 33 63 130 75 36 38 89 131 94 39 32 79 146 77 31 34 71 136 74 40 33 62 128 69 35 41 72 134 74 38 33 61 112 84 40 31 77 132 65 32 34 87 125 83 43 42 74 138 61 45 300 0.08 16 
120 272 451 61 37 26 51 107 63 34 34 52 108 54 32 27 47 114 62 29 28 72 128 60 31 29 65 118 51 34 24 65 122 71 33 29 59 109 47 35 33 53 93 68 26 26 56 114 66 31 24 54 110 63 28 30 54 95 58 32 25 57 72 49 122 0.05 10 
121 260 394 99 114 150 118 56 42 104 178 103 37 52 104 132 112 39 44 80 174 109 52 44 93 180 83 49 57 99 154 98 55 43 110 144 107 40 41 82 154 82 46 56 83 155 103 48 41 91 157 109 41 41 115 133 79 44 52 86 208 79 42 55 198 0.03 6 
122 127 483 136 112 70 35 30 85 121 57 41 41 70 148 72 38 22 51 102 76 42 30 71 164 76 27 32 74 82 62 30 44 60 137 65 25 34 52 102 88 26 43 79 117 84 39 26 55 104 66 32 36 69 131 99 28 37 71 131 59 40 28 73 204 0.03 6 
123 259 316 66 29 30 25 17 15 20 45 14 10 12 21 24 17 10 7 30 40 18 7 8 15 37 20 11 11 19 27 24 8 12 23 10 16 14 16 30 29 28 7 14 25 32 32 14 13 20 35 26 11 10 13 26 14 15 13 29 15 32 12 7 88 0.04 8 
124 309 464 51 38 75 42 31 28 58 82 55 28 25 38 61 46 21 17 36 110 50 23 29 40 71 39 31 21 43 85 55 21 31 59 97 48 33 30 54 111 47 25 22 71 75 46 25 19 45 94 50 32 22 64 76 48 20 27 38 84 75 28 26 102 0.03 6 
125 250 39 153 56 92 29 26 25 76 91 40 21 23 50 90 69 28 30 57 63 46 29 29 33 78 66 23 23 34 94 53 24 31 66 76 55 32 26 52 74 57 35 23 36 74 57 29 23 44 104 37 20 20 43 91 26 27 24 37 85 68 20 24 204 0.08 16 
126 262 400 10 10 2 7 14 14 3 7 3 16 5 8 2 4 37 26 4 6 4 23 23 7 6 12 18 3 0 6 3 4 6 3 0 13 20 14 0 2 21 19 5 3 4 2 39 14 2 2 15 20 8 4 7 11 24 5 3 1 9 26 9 20 0.06 12 
127 45 307 69 86 41 30 84 124 55 39 41 72 140 72 31 27 55 128 75 35 44 63 132 57 36 28 79 126 67 40 35 80 127 60 39 29 74 105 56 37 30 73 116 82 28 34 71 138 66 25 30 50 96 82 40 27 78 125 65 34 33 60 122 138 0.04 8 
128 348 435 279 44 39 99 144 131 51 45 90 179 89 40 50 63 187 116 58 50 84 140 104 40 48 109 126 107 49 50 91 155 128 50 46 117 147 105 47 58 115 165 87 41 28 86 160 70 52 39 117 156 95 44 43 107 179 97 44 45 87 141 92 372 0.06 12 
129 357 441 49 82 44 29 17 59 78 60 23 25 64 71 54 31 26 44 110 34 17 19 56 57 45 27 25 54 94 56 21 30 41 74 47 22 27 40 72 32 22 39 32 44 46 21 28 51 81 67 23 25 48 62 46 23 23 48 108 56 26 26 39 98 0.05 10 
130 384 384 48 57 29 10 8 37 36 27 2 6 27 42 26 7 15 27 45 24 20 7 16 38 24 12 18 28 32 23 17 16 11 11 37 12 11 15 35 32 19 7 21 24 22 9 6 29 40 17 13 7 28 58 18 9 5 28 20 36 12 8 25 72 0.03 6 
131 476 185 134 54 105 58 30 29 61 101 71 35 37 53 102 75 42 33 55 108 82 33 37 76 136 75 28 27 56 125 74 36 35 69 132 66 27 34 75 117 63 32 32 76 127 51 37 40 56 107 61 40 27 61 103 72 35 29 70 101 56 39 33 201 0.06 12 
132 140 223 84 46 31 12 14 38 56 28 16 14 28 36 25 13 16 29 47 31 13 14 26 40 21 10 15 34 46 34 16 14 28 41 23 14 12 23 44 30 12 14 32 42 40 16 17 21 42 33 11 15 23 44 28 14 14 25 42 24 14 12 31 112 0.03 6 
133 159 359 41 36 21 17 46 66 37 17 22 46 58 50 19 20 39 74 36 23 22 48 75 43 21 23 40 67 42 21 23 44 67 38 16 20 38 69 39 25 20 37 80 43 19 16 41 70 50 22 16 38 67 37 22 21 40 61 40 19 20 45 90 82 0.09 18 
134 10 486 30 12 4 5 6 26 9 6 1 9 16 4 3 4 6 16 9 12 4 14 15 6 3 3 9 21 19 6 6 10 24 19 5 2 11 14 15 3 1 14 14 13 5 9 11 35 7 2 3 2 8 4 5 2 7 3 12 5 4 9 14 40 0.03 6 
135 128 4 73 55 38 30 65 117 67 32 38 81 122 58 34 35 72 136 79 43 29 72 138 90 37 36 67 131 71 35 43 75 139 59 30 34 72 106 88 29 41 66 112 69 29 30 63 117 87 33 38 79 115 78 42 32 85 128 78 43 32 86 100 146 0.02 4 
136 340 1 36 9 12 5 19 9 6 9 24 26 17 12 14 14 0 9 11 8 17 10 12 19 13 17 16 7 9 16 32 21 6 12 7 40 10 13 6 33 39 17 0 7 12 29 24 15 8 33 23 17 9 0 20 26 18 4 6 9 18 1 6 54 0.02 4 
137 365 236 59 51 113 63 30 25 71 92 56 32 34 52 96 55 27 28 52 85 63 32 34 57 123 69 32 29 55 115 48 26 29 60 104 71 34 26 59 106 59 38 25 54 84 53 28 26 50 83 68 29 28 63 99 59 33 27 52 101 64 32 25 118 0.06 12 
138 376 225 237 120 77 36 36 70 138 63 42 40 68 153 81 48 36 87 105 78 33 41 81 100 89 30 48 83 125 93 44 35 83 155 82 42 33 64 128 101 41 33 95 136 71 40 51 84 149 65 47 29 75 152 79 38 39 81 119 70 43 38 82 316 0.02 4 
139 376 130 74 42 42 72 110 75 33 44 82 102 65 40 34 89 136 69 32 39 62 118 60 41 40 70 143 66 44 31 66 105 65 32 44 86 108 88 31 41 63 116 73 31 31 89 108 84 41 35 72 135 67 42 39 86 130 61 36 41 58 128 74 148 0.03 6 
140 380 245 73 73 147 63 37 32 79 103 62 29 38 90 96 68 34 38 80 130 74 37 30 89 119 75 33 34 70 117 80 35 32 77 122 85 34 31 60 169 79 39 28 67 136 60 35 37 60 97 78 41 31 82 88 81 40 34 77 147 67 30 45 146 0.04 8 
141 14 282 178 83 46 44 88 135 94 51 41 83 148 107 58 37 71 167 99 34 47 78 142 94 40 38 98 169 90 43 48 87 150 80 48 43 81 177 90 41 38 104 129 77 38 45 87 140 108 52 42 100 125 91 42 47 69 128 104 34 41 89 133 267 0.05 10 
142 308 391 291 77 37 49 109 188 85 46 38 63 157 89 51 38 91 225 81 46 61 98 139 100 53 37 122 176 119 50 51 94 162 84 48 41 96 155 120 52 54 88 170 107 52 49 90 136 112 45 44 97 137 103 39 42 91 177 74 39 40 114 155 388 0.07 14 
143 264 291 64 39 15 8 16 41 20 15 11 13 44 38 20 13 35 78 44 16 23 19 73 31 24 13 33 45 27 16 8 25 31 45 10 29 22 52 23 28 15 37 63 33 12 17 32 7 25 11 12 39 57 31 21 23 4 43 47 14 25 39 58 96 0.02 4 
144 262 216 21 23 7 13 25 42 10 5 14 37 12 19 8 12 15 44 20 11 14 20 33 6 15 6 18 18 25 10 12 21 35 27 8 9 14 47 8 6 11 0 36 20 4 14 18 12 31 10 12 19 79 14 15 6 13 30 21 9 19 10 32 42 0.06 12 
145 175 292 86 52 69 50 24 16 45 95 41 21 24 37 78 46 21 20 42 64 51 17 21 47 74 32 20 20 38 63 33 25 20 52 70 40 21 18 35 69 44 25 22 36 83 47 20 18 43 70 34 22 16 34 60 43 23 19 43 75 42 24 17 129 0.06 12 
146 488 269 50 27 23 53 70 41 21 34 53 85 46 24 26 49 96 43 19 26 49 64 72 24 32 45 102 44 22 31 58 66 47 34 16 41 74 52 31 26 28 71 38 27 20 62 89 27 26 28 62 75 54 18 26 48 107 50 25 24 47 86 56 100 0.07 14 
147 342 90 172 68 36 34 93 110 86 52 48 73 170 82 38 47 73 178 89 39 38 83 156 88 48 44 68 178 99 61 44 69 125 85 35 39 76 165 80 44 49 110 145 96 33 40 94 167 87 47 43 86 154 63 33 39 104 137 71 49 38 85 139 258 0.05 10 
148 123 73 51 72 113 52 20 21 54 108 44 21 28 50 68 63 26 31 58 81 52 23 19 55 102 46 20 24 46 76 60 16 21 51 76 53 25 23 59 96 46 26 27 44 93 51 26 26 61 72 44 30 29 40 81 47 23 27 47 91 57 17 23 102 0.03 6 
149 161 265 63 25 54 101 45 26 36 51 86 86 32 37 58 97 71 31 28 62 129 65 36 27 75 133 47 26 35 62 120 56 27 49 61 91 67 28 31 54 130 75 36 32 55 102 57 29 24 51 104 74 39 30 70 123 62 27 29 61 103 53 34 126 0.05 10 
150 398 55 231 138 59 39 48 57 108 72 32 45 94 115 94 42 37 66 138 87 36 31 65 145 89 37 46 83 132 70 33 39 76 124 91 32 33 78 154 62 35 40 58 132 68 42 45 75 133 81 35 39 98 146 90 44 35 93 123 65 42 42 93 308 0.08 16 
151 411 164 26 40 54 32 21 14 47 80 28 19 12 13 31 29 18 10 24 64 28 10 8 23 37 26 12 9 27 58 16 15 17 23 20 31 17 7 20 38 11 10 5 13 51 9 12 16 9 64 35 6 10 0 64 36 29 8 28 6 23 11 21 52 0.03 6 
152 365 307 78 10 23 46 28 11 20 18 47 27 11 11 29 32 15 20 21 27 37 15 13 14 22 50 28 13 11 16 50 26 11 13 31 52 33 15 7 20 36 21 11 13 38 29 26 13 11 30 33 17 12 15 18 51 18 12 15 30 55 23 11 104 0.04 8 
153 137 341 186 24 72 80 49 32 26 55 118 56 20 30 64 83 53 32 31 66 109 77 24 26 43 83 47 37 34 70 82 71 28 31 50 107 52 29 30 59 143 51 34 31 72 91 69 27 26 76 117 72 38 30 68 102 62 32 32 70 105 60 32 248 0.04 8 
154 57 75 68 33 54 27 19 19 18 68 28 20 16 28 57 34 20 13 28 74 37 18 19 27 69 42 18 18 30 53 34 13 14 43 64 40 16 15 42 72 42 16 13 39 49 30 17 16 45 70 49 13 18 31 46 39 16 13 29 50 25 18 13 102 0.05 10 
155 188 486 47 41 26 18 50 53 32 28 30 46 54 33 23 18 41 92 47 20 23 46 95 39 30 24 33 55 52 29 15 35 74 41 23 24 54 95 51 24 21 46 89 43 28 20 56 97 56 25 20 24 60 43 20 25 54 89 57 24 31 36 91 94 0.05 10 
156 468 213 45 65 39 30 30 44 62 28 29 29 33 66 35 18 12 62 41 36 18 16 59 77 34 38 19 50 69 34 22 19 53 85 50 20 23 43 67 54 19 17 37 81 41 17 21 36 67 53 11 25 50 61 53 24 12 36 96 38 16 18 65 90 0.02 4 
157 30 228 34 9 3 10 48 24 12 9 0 45 19 6 13 22 25 24 7 5 22 4 6 0 8 27 28 8 3 10 18 30 17 9 3 17 16 25 2 8 7 13 15 15 16 21 44 14 8 9 27 24 12 10 2 14 36 4 7 0 18 62 40 51 0.07 14 
158 405 497 138 42 21 24 42 56 42 22 28 60 87 38 24 26 42 65 41 20 23 40 100 44 21 20 36 58 28 28 24 45 75 39 19 21 35 84 40 32 15 44 78 54 19 26 41 82 47 23 23 39 79 32 22 20 48 81 49 30 18 45 50 184 0.08 16 
159 107 468 194 43 101 152 86 55 47 106 147 102 56 48 97 151 91 56 45 103 178 79 56 45 107 184 98 53 55 95 173 116 51 39 82 171 105 53 49 81 148 102 51 53 86 194 86 47 39 81 175 86 57 45 101 155 77 53 50 89 186 80 41 291 0.06 12 
160 21 442 39 16 39 60 34 20 17 54 66 34 19 21 44 79 39 22 18 27 82 45 20 25 48 54 40 23 19 49 74 39 22 21 44 61 40 16 17 29 68 45 17 22 29 48 26 24 22 37 65 48 19 16 43 72 36 15 15 36 56 42 13 78 0.07 14 
161 233 352 42 14 11 12 18 26 18 4 13 20 25 19 14 8 11 33 8 7 19 29 40 23 12 14 9 33 15 18 19 23 34 41 8 16 23 22 21 11 20 7 33 33 4 7 39 24 20 5 14 25 52 15 15 9 24 49 6 13 22 24 33 63 0.06 12 
162 419 173 82 37 61 41 22 23 33 78 47 24 20 37 73 41 18 21 32 85 45 19 19 55 77 48 17 15 33 77 32 20 20 34 66 35 21 22 48 74 37 18 18 36 74 37 19 16 39 77 38 16 18 35 74 28 26 17 38 72 40 16 22 123 0.05 10 
163 203 316 156 28 28 43 43 54 17 25 47 90 32 37 36 54 84 49 21 29 42 58 56 25 27 51 81 55 43 19 39 81 53 22 34 49 88 47 24 24 49 67 52 34 22 57 82 48 34 30 61 103 62 26 27 60 78 56 24 33 58 80 34 208 0.06 12 
164 441 206 54 13 35 28 20 10 5 20 20 27 10 15 8 24 12 7 14 30 37 48 7 4 18 46 4 7 9 31 44 3 7 11 0 30 0 3 15 10 18 36 11 1 20 41 27 8 8 28 42 12 10 5 28 61 0 7 0 26 23 32 14 72 0.03 6 
165 466 500 279 111 47 53 93 139 74 43 43 77 137 107 50 47 79 158 101 44 38 116 142 104 51 46 104 137 84 44 42 102 163 96 44 59 88 178 107 42 56 77 142 103 39 35 88 170 92 46 48 97 159 86 38 51 103 132 98 41 49 101 146 372 0.02 4 
166 39 31 282 89 48 43 90 155 114 52 46 107 185 95 57 39 100 167 117 51 56 72 146 92 49 44 93 128 105 44 44 88 158 87 41 53 117 178 85 58 48 78 133 87 51 41 120 139 92 49 46 109 184 79 41 51 77 112 100 45 45 80 131 376 0.08 16 
167 77 447 114 19 38 80 40 30 15 38 58 34 27 17 31 76 16 10 17 54 23 39 17 23 28 36 40 20 19 43 105 29 11 15 34 98 52 14 16 43 74 45 23 18 26 56 64 11 21 53 17 40 22 22 49 84 18 24 15 41 69 25 16 152 0.08 16 
168 31 101 165 66 33 29 57 108 50 20 28 47 78 49 30 21 45 89 53 22 26 45 73 64 26 28 49 84 58 34 32 53 89 48 26 30 54 94 43 30 25 46 111 49 25 26 52 91 57 29 32 53 119 56 23 25 62 83 56 23 33 61 83 220 0.09 18 
169 124 168 55 82 53 29 26 56 90 74 24 26 33 103 53 29 28 56 62 43 28 23 64 84 44 28 30 45 89 60 33 23 62 82 51 32 30 53 116 35 20 28 61 98 43 31 25 49 91 51 34 27 80 97 65 26 34 39 104 59 25 35 51 110 0.08 16 
170 69 24 105 40 37 18 14 26 60 21 16 11 31 79 31 23 19 60 35 30 15 17 53 58 38 21 20 22 65 15 20 21 34 61 22 18 15 27 63 33 15 17 33 54 26 14 13 28 69 34 20 14 43 64 55 15 11 31 72 23 17 15 26 140 0.06 12 
171 349 294 75 11 26 41 28 10 10 21 40 34 15 15 26 34 20 14 13 30 34 22 5 15 26 40 22 15 12 33 46 32 12 8 22 50 15 13 16 28 37 24 11 9 31 38 27 20 12 23 50 27 17 14 21 53 22 14 12 26 54 18 5 100 0.03 6 
172 276 394 138 22 36 62 105 68 34 44 56 154 62 34 39 60 119 78 40 41 85 113 71 35 46 56 119 52 29 33 66 139 69 29 31 54 103 78 28 35 86 108 67 37 33 83 106 76 33 38 53 127 62 36 44 71 110 59 36 37 68 102 65 207 0.07 14 
173 222 423 30 3 5 12 23 14 4 6 12 31 11 2 5 7 17 10 5 3 8 20 4 6 5 5 4 17 3 6 11 31 6 7 7 7 20 9 5 9 17 23 8 3 1 7 16 8 4 6 13 17 14 4 4 14 21 6 3 4 4 17 4 40 0.03 6 
174 499 181 282 83 55 47 103 157 100 41 43 101 162 109 42 55 86 156 84 43 46 124 143 102 41 50 86 144 97 36 42 107 139 94 44 51 99 158 109 39 45 76 177 114 38 49 99 159 96 54 54 96 148 83 41 53 113 183 104 47 51 100 141 376 0.07 14 
175 132 243 90 35 39 101 152 111 43 42 81 163 98 46 39 113 138 106 48 52 95 150 62 48 38 91 132 107 45 47 85 159 93 50 40 94 144 101 48 37 103 125 68 37 52 85 147 74 41 58 82 137 104 46 41 118 163 82 37 44 99 180 96 180 0.07 14 
176 251 206 136 123 73 30 32 85 115 54 22 28 59 111 55 38 33 84 105 70 26 44 83 114 82 33 33 58 113 101 28 32 65 114 66 39 36 62 118 64 34 29 67 129 66 33 38 54 125 58 45 40 71 113 60 35 26 69 64 80 27 32 60 204 0.06 12 
177 228 394 81 28 15 15 21 28 21 10 13 26 50 23 12 11 26 34 30 14 12 23 56 32 10 13 29 51 21 12 15 28 47 32 13 9 21 46 29 16 11 25 45 26 9 16 29 39 26 12 14 22 53 20 12 14 30 40 27 10 13 25 40 108 0.04 8 
178 181 70 164 148 71 44 33 79 113 78 39 41 78 92 71 34 40 94 157 79 30 40 91 140 78 35 30 92 125 72 44 48 99 114 88 35 56 69 153 71 45 33 77 131 76 33 42 88 131 100 31 46 69 131 78 45 47 104 133 104 35 34 84 246 0.03 6 
179 51 202 120 52 119 47 36 19 59 111 45 23 12 57 128 58 21 27 70 111 69 36 28 50 105 46 32 26 78 115 76 37 20 42 79 60 28 33 68 81 42 34 32 43 142 61 28 22 47 67 42 29 37 54 111 50 26 19 83 94 64 33 30 180 0.08 16 
180 116 107 52 103 80 23 28 47 81 68 21 30 46 88 69 27 35 44 111 56 25 22 60 72 46 26 23 46 66 47 20 34 36 102 55 24 23 56 115 43 27 22 58 82 53 25 26 67 79 42 39 26 52 71 44 27 29 45 98 65 30 20 68 104 0.08 16 
181 50 123 120 58 37 29 58 120 67 27 33 52 101 64 32 30 53 100 52 27 33 62 81 56 34 24 75 94 57 28 34 66 121 53 25 25 46 124 75 33 23 47 97 55 25 29 54 90 60 31 37 49 103 69 24 25 69 99 55 32 30 54 100 180 0.03 6 
182 368 20 20 16 19 18 12 12 16 21 13 10 8 19 43 22 14 6 20 22 31 15 6 24 30 24 8 9 13 57 24 6 13 12 24 24 11 7 20 21 35 15 12 11 40 28 18 7 22 36 14 7 13 26 58 8 7 10 33 51 32 10 4 40 0.06 12 
183 103 266 114 63 28 31 55 73 55 29 34 49 103 69 25 29 64 95 51 34 36 75 95 55 31 22 48 82 60 25 28 45 84 59 25 28 54 102 61 25 23 64 103 41 31 26 54 99 59 26 32 56 89 49 26 31 52 92 63 28 33 55 94 171 0.02 4 
184 494 279 237 95 38 56 75 155 67 35 43 73 142 95 41 42 69 126 78 43 40 99 111 100 36 33 93 120 73 33 42 75 193 93 42 26 55 153 91 37 50 71 129 94 38 45 74 157 80 34 39 92 107 60 32 44 60 97 79 47 39 73 136 316 0.04 8 
185 66 498 15 10 4 17 29 21 9 8 12 27 11 5 11 22 45 6 7 10 17 34 21 8 6 14 7 14 4 8 14 30 9 0 9 23 26 24 7 15 15 38 13 7 4 12 18 13 7 3 15 30 13 8 3 4 30 16 4 12 12 29 17 30 0.06 12 
186 303 4 108 71 112 61 24 25 65 78 37 24 31 57 106 44 27 21 49 83 50 33 29 48 95 68 21 31 54 95 40 27 26 42 98 56 27 25 44 87 49 28 18 72 125 53 30 33 49 110 72 29 29 48 88 40 24 30 51 78 70 27 20 162 0.06 12 
187 73 251 20 7 7 14 7 3 3 13 9 6 3 4 11 16 8 4 3 6 10 8 4 5 14 4 9 4 6 9 16 10 5 4 11 19 11 5 6 7 19 7 6 5 5 12 10 0 6 6 18 9 7 4 16 27 8 3 6 9 12 4 5 30 0.06 12 
188 43 191 99 100 191 96 51 52 83 156 90 42 50 113 193 118 52 50 86 164 105 40 53 103 170 87 46 45 119 159 119 57 44 80 197 104 49 41 83 160 109 42 46 100 179 113 54 55 122 140 119 60 47 79 160 83 49 49 83 178 88 42 47 198 0.05 10 
189 409 388 42 78 40 22 26 34 60 37 22 26 46 78 39 25 23 33 71 41 21 20 35 57 37 18 23 45 75 35 24 26 43 73 50 17 21 35 66 36 21 23 38 60 51 19 21 47 77 35 24 17 43 63 52 21 21 38 86 47 20 20 51 84 0.08 16 
190 79 92 84 39 101 146 72 30 34 102 166 91 35 34 86 192 77 40 48 73 117 95 41 44 83 167 77 39 37 76 119 84 48 35 92 158 83 38 40 83 140 67 34 37 56 165 90 33 33 87 124 88 46 39 96 203 83 41 34 73 118 83 45 168 0.05 10 
191 148 349 30 6 0 4 7 13 3 0 8 46 7 4 1 21 12 0 0 5 0 34 15 0 5 25 8 26 0 12 3 35 5 0 3 17 8 6 3 4 6 5 25 0 7 22 37 0 3 10 3 36 24 0 0 3 0 24 0 0 1 0 6 40 0.03 6 
192 316 245 86 28 19 44 76 44 23 19 40 68 24 25 17 34 75 40 22 22 44 56 59 13 33 48 70 27 21 13 33 110 31 29 15 58 85 28 17 15 34 64 46 20 6 28 45 51 29 25 34 75 60 22 23 28 77 40 31 17 41 76 53 129 0.06 12 
193 368 173 189 62 100 59 35 34 49 145 82 22 36 73 84 63 38 21 70 91 71 34 28 59 79 62 27 29 53 123 75 33 35 67 127 59 22 24 62 103 55 37 39 81 85 55 32 21 63 114 56 36 31 44 99 66 33 32 59 110 59 26 32 252 0.05 10 
194 52 299 87 23 18 14 24 51 33 12 12 29 37 28 13 16 21 43 22 15 13 35 64 29 16 13 22 56 24 13 12 31 50 33 16 15 40 51 26 15 13 22 58 30 14 12 30 58 27 17 11 32 59 18 12 12 25 52 34 14 16 30 52 116 0.02 4 
195 71 86 30 0 14 1 6 0 47 1 4 2 10 32 10 0 10 19 1 27 1 3 6 20 14 0 4 21 0 0 4 5 14 44 1 4 6 2 0 4 4 8 8 21 9 9 5 15 3 9 0 3 7 23 17 2 0 10 0 11 0 2 12 40 0.09 18 
196 326 420 39 8 3 7 5 2 4 18 16 21 2 8 19 14 14 1 6 9 32 8 5 6 4 17 5 10 8 10 14 6 4 12 9 12 0 4 4 16 30 18 12 4 15 16 12 5 4 0 39 22 11 9 16 34 11 6 6 19 16 18 12 52 0.04 8 
197 262 71 135 53 20 17 40 92 51 22 28 65 88 40 21 19 15 63 41 23 19 38 79 51 21 21 34 51 42 22 18 50 80 41 15 24 26 78 53 23 25 33 102 45 22 20 35 57 40 15 21 44 78 51 16 18 46 57 35 21 21 43 60 180 0.06 12 
198 194 256 24 29 7 7 4 29 21 7 7 7 13 14 9 3 5 9 23 8 6 7 6 35 13 8 6 16 9 15 4 7 12 23 7 1 3 17 30 5 8 7 15 26 16 9 4 15 26 5 5 7 18 31 12 9 7 9 32 9 9 3 17 36 0.03 6 
199 231 412 30 5 11 2 22 7 7 5 14 18 7 5 5 2 8 9 0 5 3 17 11 2 10 15 30 9 6 3 1 3 16 5 3 14 2 12 5 6 17 16 18 2 5 8 26 12 2 0 5 0 9 7 5 19 35 6 6 9 11 27 27 40 0.08 16 
200 365 245 24 12 8 0 14 5 12 3 7 15 10 19 3 10 8 23 15 14 0 18 13 0 0 0 14 0 22 6 2 12 12 0 14 0 19 0 4 6 6 10 34 3 7 9 15 5 0 7 0 5 27 0 4 6 21 10 14 13 4 19 32 36 0.05 10 
