200 10 17257
0 129 448 34941 27597 27596 27584 27589 27591 27600 27596 27596 27597 27600 0.01
1 8 28 111 32 29 25 55 61 25 16 14 29 38 30 22 17 43 70 36 15 13 38 31 39 29 6 38 81 35 12 14 25 80 15 17 20 48 103 40 10 31 18 49 28 15 21 34 93 28 12 11 41 52 36 15 17 65 51 41 21 16 23 89 148 0.08 16 
2 37 111 279 83 41 49 69 196 89 40 49 87 130 69 41 45 98 134 87 46 47 106 180 84 57 50 108 148 72 40 38 89 162 100 36 44 100 170 130 48 45 76 143 104 51 38 99 157 104 56 53 96 163 92 51 42 105 163 74 48 55 66 176 372 0.03 6 
3 411 339 90 52 74 168 100 54 46 95 173 75 44 41 90 153 86 45 42 101 160 99 42 42 80 152 99 48 49 84 181 80 57 41 77 137 113 57 49 82 153 96 45 38 92 138 69 50 48 100 151 91 41 42 94 158 73 38 43 99 124 102 46 180 0.03 6 
4 7 301 123 24 14 39 81 46 25 23 53 47 56 16 18 58 70 40 11 18 38 63 24 26 26 56 74 46 12 22 32 70 39 26 20 55 73 66 19 16 38 82 41 12 23 50 84 47 27 20 62 52 37 14 30 38 56 38 31 13 41 67 50 164 0.09 18 
5 128 427 198 158 65 28 34 57 107 88 38 26 57 120 52 27 46 62 85 65 24 26 63 94 55 38 37 49 123 69 26 33 58 89 60 32 34 50 90 57 31 40 86 91 54 27 25 67 116 60 37 28 64 132 64 28 36 65 98 72 31 39 65 264 0.08 16 
6 181 285 65 72 30 38 67 69 58 25 39 43 77 51 27 40 68 94 77 25 21 71 117 77 37 27 89 103 57 21 20 42 102 70 29 34 52 87 41 29 36 70 108 82 26 42 84 82 65 26 25 72 120 72 31 29 98 134 55 30 22 55 109 130 0.04 8 
7 32 422 93 40 79 158 116 51 41 99 142 101 46 52 94 179 107 60 50 89 176 97 42 44 85 141 82 50 46 73 146 89 47 34 107 154 93 38 43 79 158 103 44 49 92 175 96 40 42 89 163 103 53 44 87 146 73 38 42 69 177 86 38 186 0.04 8 
8 229 133 91 47 78 108 75 57 37 91 132 100 45 54 100 162 99 45 40 72 129 86 52 48 99 154 85 48 50 66 152 73 44 50 92 120 78 36 49 90 142 88 43 49 90 143 75 47 44 78 146 93 56 47 83 181 91 45 32 73 178 114 38 182 0.04 8 
9 469 52 98 80 181 71 49 57 90 169 109 44 39 100 171 96 46 42 90 126 82 52 56 93 188 97 45 43 89 180 110 45 36 110 182 95 54 50 85 157 89 54 33 133 159 94 47 38 92 137 85 51 51 119 162 101 54 46 97 187 105 39 58 196 0.07 14 
10 447 90 172 45 89 172 86 40 32 88 96 93 33 40 80 165 99 51 34 89 201 110 42 54 90 112 103 39 47 96 124 96 39 38 107 137 60 44 47 95 170 80 52 58 84 178 79 32 54 119 149 81 42 42 64 128 88 24 36 76 147 57 31 258 0.04 8 
11 21 142 78 8 40 51 15 12 10 36 50 24 18 8 33 57 19 11 14 29 53 39 17 9 37 20 16 13 13 26 55 17 16 12 26 29 14 0 19 26 89 20 8 10 23 20 45 20 10 29 25 25 8 15 18 24 31 12 9 29 47 15 11 104 0.07 14 
12 294 154 32 13 31 15 13 7 22 22 14 8 6 21 30 19 17 11 5 35 22 12 11 14 5 14 3 7 18 28 23 7 6 12 14 17 4 10 13 38 19 6 4 2 10 23 6 11 12 27 12 5 12 13 39 25 11 4 12 13 6 5 8 48 0.09 18 
13 204 166 177 26 47 79 73 26 29 51 108 64 30 28 55 114 76 26 27 60 83 68 27 40 57 85 54 35 31 60 80 52 29 24 49 82 64 29 27 59 101 52 30 22 63 88 51 31 30 52 101 66 39 22 63 116 43 21 29 60 112 62 33 236 0.06 12 
14 339 340 42 15 34 29 8 10 20 40 21 11 10 19 28 18 6 7 24 40 22 10 11 21 36 18 10 10 20 47 25 10 10 21 40 22 11 15 17 27 20 10 11 19 34 19 7 11 22 39 23 10 10 18 43 16 10 14 19 55 20 10 9 63 0.03 6 
15 48 139 16 24 16 9 13 9 23 16 6 10 19 15 18 7 7 16 26 15 5 12 11 22 20 6 8 22 30 12 7 4 18 26 19 6 5 14 26 11 6 11 18 45 19 11 5 20 24 20 6 9 10 28 21 10 10 9 21 9 6 9 25 32 0.09 18 
16 387 237 110 94 42 30 31 40 108 46 25 25 48 116 77 23 34 62 107 58 31 21 64 73 46 35 28 55 91 58 23 25 59 115 56 22 33 59 87 45 27 29 70 87 56 33 25 64 80 39 27 24 71 93 46 30 28 59 86 46 20 39 47 165 0.08 16 
17 146 499 35 22 19 18 27 73 35 11 17 30 50 34 19 13 35 82 28 27 19 25 63 55 21 19 25 35 39 13 15 24 55 42 11 14 41 51 38 17 22 34 69 26 18 23 23 52 31 14 21 21 55 31 11 20 35 67 38 23 8 42 55 70 0.04 8 
18 468 468 261 92 154 74 34 42 103 137 83 42 49 83 153 89 41 50 92 135 75 39 50 72 117 96 37 44 86 177 80 40 43 85 158 80 43 44 70 129 77 47 40 78 147 104 36 54 87 136 102 47 45 78 145 81 41 43 77 156 105 49 53 348 0.04 8 
19 318 101 196 79 149 81 43 52 81 164 94 39 45 109 190 96 49 51 94 114 106 41 55 105 222 79 47 53 106 137 88 60 43 92 132 109 50 59 102 166 79 48 45 122 174 111 57 58 83 158 101 56 44 96 224 110 51 47 94 159 107 51 54 294 0.04 8 
20 430 438 91 163 90 54 47 86 142 88 39 44 81 175 81 40 54 94 175 83 47 46 92 153 76 53 47 93 163 79 39 53 97 133 90 48 52 108 167 87 44 41 98 171 101 44 41 98 147 106 50 47 72 166 71 38 41 73 175 106 42 45 105 182 0.06 12 
21 78 39 28 39 0 4 4 15 36 19 6 8 9 23 9 3 0 23 1 20 4 13 14 17 17 3 5 23 60 24 7 0 11 22 22 1 7 17 24 8 4 21 6 20 26 3 11 10 13 16 4 10 4 29 23 12 5 15 37 17 15 3 13 42 0.02 4 
22 478 318 67 116 79 36 35 71 114 69 34 27 61 131 61 32 34 62 116 58 25 44 47 99 85 32 34 81 105 66 39 40 77 109 75 43 40 58 115 60 30 34 58 143 62 35 34 79 106 63 33 31 57 87 60 28 35 66 105 61 28 30 72 134 0.03 6 
23 458 492 180 34 24 77 121 46 43 25 50 112 71 25 29 48 128 56 22 26 50 103 46 28 28 58 81 61 24 24 57 110 77 31 35 66 117 74 27 27 54 81 60 31 21 50 87 48 41 25 50 104 67 29 32 57 104 62 22 26 61 114 78 240 0.02 4 
24 428 194 96 38 14 9 28 42 30 10 12 24 69 41 12 20 28 58 29 23 8 26 35 35 17 15 42 54 33 10 15 39 53 27 9 20 38 44 32 22 17 28 75 37 19 17 36 60 28 18 17 25 34 28 14 15 49 44 28 16 12 24 79 128 0.08 16 
25 495 126 267 114 34 37 91 120 106 46 38 96 156 80 35 58 87 111 85 46 34 81 149 105 49 35 96 167 103 53 41 80 195 101 41 37 85 162 81 45 54 89 171 99 50 41 82 181 105 35 37 75 151 90 39 40 84 170 72 46 52 79 173 356 0.06 12 
26 296 115 90 42 88 50 18 19 51 81 47 24 17 54 84 41 22 19 39 87 43 26 21 40 72 43 25 25 40 67 37 22 19 55 70 46 20 23 47 61 45 17 21 45 66 43 28 24 40 70 35 25 23 51 92 36 19 25 53 65 43 23 20 135 0.08 16 
27 118 250 228 131 71 44 23 66 124 86 39 37 66 111 58 39 47 78 98 75 39 39 50 138 91 27 34 85 138 87 32 39 57 93 71 32 33 77 149 70 41 40 72 123 83 31 44 64 107 76 37 40 65 133 87 34 35 82 131 64 34 33 93 304 0.04 8 
28 381 360 60 17 19 28 55 24 16 14 36 55 26 12 12 31 42 27 13 17 26 54 30 15 14 36 45 32 14 17 27 54 33 15 18 25 44 28 13 17 33 59 28 16 15 27 45 36 11 17 24 54 29 13 11 28 50 25 13 15 27 49 26 90 0.07 14 
29 332 2 88 88 148 80 49 41 96 153 78 36 50 77 163 89 48 41 97 132 75 42 48 89 156 104 43 48 88 125 81 37 41 98 138 77 42 42 76 172 94 40 49 85 125 103 34 46 89 128 70 35 38 90 171 73 52 38 93 147 85 50 43 176 0.04 8 
30 285 454 153 23 28 54 89 61 20 24 53 87 45 23 26 44 79 48 20 35 57 102 47 24 24 41 112 48 20 27 50 92 58 32 33 47 90 42 34 27 64 73 43 29 26 35 93 41 33 29 61 82 63 23 25 39 56 42 21 24 43 59 59 204 0.06 12 
31 346 113 144 52 116 40 24 20 51 102 44 31 22 33 74 63 23 31 39 87 54 21 25 40 68 41 31 27 42 71 39 33 25 41 91 43 24 19 48 70 41 30 28 59 85 64 17 34 58 74 50 26 23 45 80 52 29 25 51 85 54 26 23 192 0.03 6 
32 456 242 237 47 73 148 67 49 34 80 161 72 37 44 71 124 80 34 37 84 131 75 35 41 85 153 81 42 34 78 147 67 43 36 60 131 87 37 33 69 133 84 43 40 72 119 75 40 35 88 133 68 38 41 89 113 86 44 42 74 167 97 43 316 0.04 8 
33 266 470 52 29 49 94 40 25 23 53 89 51 21 28 46 82 45 31 24 42 76 53 30 27 52 103 56 34 23 60 83 50 30 24 51 71 48 29 30 55 104 50 27 24 42 93 61 26 25 55 96 44 23 24 52 107 61 27 30 60 92 57 27 104 0.05 10 
34 496 396 267 39 55 104 136 78 53 52 84 160 77 46 38 87 138 94 44 44 96 162 84 37 39 73 164 84 46 54 102 152 113 44 40 111 168 81 44 49 102 156 102 51 50 74 130 85 35 47 106 168 108 39 48 77 163 72 49 49 100 154 80 356 0.02 4 
35 486 239 35 16 13 32 50 44 11 13 38 96 18 17 20 26 72 26 16 23 35 39 39 21 21 30 85 20 15 12 34 57 22 6 10 42 91 23 20 19 25 58 49 12 16 47 24 30 11 22 29 40 30 16 22 55 42 44 20 12 46 48 20 70 0.05 10 
36 48 33 64 85 58 28 32 81 116 58 33 36 52 105 67 33 37 52 118 70 28 32 54 77 62 36 31 60 92 64 29 31 63 103 75 34 33 47 99 59 34 38 68 97 55 26 29 54 99 66 39 31 61 101 51 36 23 56 77 46 34 39 59 128 0.08 16 
37 486 482 270 110 55 36 88 153 81 35 45 106 166 89 39 51 86 175 76 46 43 104 148 101 36 46 90 168 79 51 37 89 186 84 43 51 87 152 102 48 39 81 129 100 48 51 97 144 80 41 51 95 131 83 39 46 98 184 85 51 50 70 161 360 0.08 16 
38 201 480 24 6 4 24 13 6 11 8 44 24 1 5 15 20 12 1 9 8 12 4 12 0 19 38 0 7 6 31 16 14 2 2 8 0 0 2 10 9 21 13 9 8 9 21 7 11 5 16 20 0 0 0 13 14 2 1 1 16 23 13 11 36 0.09 18 
39 361 58 26 27 40 18 13 11 36 44 27 19 13 26 37 22 30 1 12 25 19 14 6 14 29 34 18 18 34 50 35 7 17 26 37 29 25 7 26 44 28 20 13 31 46 28 13 8 31 32 22 14 11 28 3 14 8 9 23 41 44 1 9 52 0.06 12 
40 146 396 44 56 62 43 27 23 53 62 50 16 16 40 83 53 28 25 43 77 42 25 29 54 92 58 17 18 67 68 44 23 21 44 70 32 24 23 44 94 26 12 21 31 101 36 23 23 54 92 55 21 24 46 82 41 16 33 52 75 49 20 19 88 0.04 8 
41 189 213 39 64 43 19 21 38 57 34 18 18 31 73 39 21 19 41 64 40 20 22 32 77 34 25 17 39 82 31 19 25 48 53 42 24 21 40 74 41 25 19 35 46 34 15 20 44 58 30 18 21 34 72 31 26 20 29 66 39 18 19 34 78 0.08 16 
42 110 172 114 33 33 57 101 57 26 22 55 105 65 22 25 52 93 67 29 25 51 121 55 26 30 62 95 47 25 27 58 110 59 34 35 62 107 64 28 29 58 105 42 25 33 67 97 64 32 31 49 109 43 28 32 53 89 52 31 31 59 100 58 171 0.03 6 
43 270 218 123 39 69 46 21 20 38 74 31 18 21 35 64 46 19 17 38 60 53 22 17 39 55 34 22 23 35 72 38 17 18 39 68 52 26 18 44 77 33 16 21 37 53 35 24 20 33 78 39 17 21 43 59 37 22 23 38 73 34 23 22 164 0.06 12 
44 356 463 270 82 40 43 71 161 100 43 55 90 171 88 38 51 81 193 102 47 37 95 153 72 46 37 96 144 87 45 47 96 199 87 35 52 93 138 83 46 33 109 163 80 51 53 80 168 84 52 49 71 169 116 35 40 124 146 98 51 48 98 141 360 0.03 6 
45 172 342 62 62 91 62 40 28 73 90 63 39 33 55 111 56 27 26 58 93 66 27 24 53 89 69 31 33 56 107 59 40 37 62 104 54 32 28 50 96 54 33 34 50 114 78 41 39 56 124 58 26 33 66 146 75 30 28 62 111 59 34 30 124 0.07 14 
46 437 246 237 124 61 41 44 81 107 68 40 36 77 115 79 49 48 80 121 83 41 43 67 118 78 38 38 90 122 81 43 48 93 130 69 34 41 82 137 101 46 41 82 119 74 44 31 69 152 78 36 36 93 99 75 40 32 64 152 78 38 27 62 316 0.07 14 
47 178 381 138 74 30 26 79 104 70 35 36 67 120 57 34 30 72 128 58 33 35 70 121 80 30 27 66 119 72 35 30 54 97 62 30 36 60 99 59 30 33 53 95 70 35 29 76 142 63 37 32 81 121 79 34 31 62 108 70 34 34 70 115 207 0.05 10 
48 431 330 122 63 83 74 33 30 50 91 57 34 29 51 91 49 27 30 46 126 41 30 37 62 117 65 28 29 50 111 52 24 22 48 116 52 33 36 68 95 56 32 27 54 124 67 27 32 59 106 60 36 36 71 121 78 37 32 66 112 59 31 27 183 0.03 6 
49 52 39 70 100 63 42 39 70 137 70 35 41 85 121 83 33 34 74 132 79 39 33 78 111 72 38 32 68 121 69 38 36 90 126 76 39 34 89 95 77 42 31 65 113 66 34 37 79 114 67 36 32 54 114 68 30 28 64 141 77 30 31 89 140 0.04 8 
50 334 323 156 50 22 29 64 92 51 21 25 57 76 55 25 23 49 109 50 26 22 56 91 58 31 31 46 74 53 30 29 57 87 52 26 23 42 89 54 23 26 44 102 59 22 21 58 94 57 29 22 51 76 63 31 28 53 72 62 21 21 44 87 208 0.02 4 
51 1 385 42 39 15 8 10 19 44 14 13 12 18 24 23 10 11 21 33 27 9 8 13 37 20 15 11 23 45 21 9 11 13 41 22 11 9 17 33 18 10 9 14 34 22 12 11 17 36 25 8 6 25 48 17 8 7 25 33 22 9 9 21 63 0.09 18 
52 162 140 213 87 107 59 33 36 65 112 78 31 31 49 105 65 27 29 90 96 78 44 23 67 141 68 27 30 73 131 79 39 32 64 159 79 27 34 94 137 79 40 33 69 119 63 32 31 82 116 54 42 36 48 124 62 36 36 85 130 66 34 36 284 0.06 12 
53 416 478 80 147 78 48 47 89 141 81 47 31 81 121 65 43 44 73 114 88 39 30 88 152 63 35 40 81 144 72 47 37 93 135 69 31 42 80 165 87 32 44 93 144 87 41 36 94 138 80 35 44 63 129 81 41 44 86 139 82 37 41 66 160 0.07 14 
54 27 44 72 15 15 37 71 34 14 18 43 57 41 13 19 48 58 36 20 16 40 72 41 21 20 32 65 33 18 15 39 66 29 15 15 29 74 32 20 16 34 71 34 22 16 37 69 46 14 14 39 54 40 16 17 36 58 31 17 15 34 62 35 108 0.08 16 
55 351 166 174 32 26 57 103 53 34 28 61 103 66 30 23 66 117 54 28 28 56 102 67 26 35 69 115 50 29 24 50 106 59 29 27 49 95 65 30 31 48 101 46 24 27 54 90 55 27 26 60 112 66 35 29 55 82 47 27 28 47 85 63 232 0.07 14 
56 241 248 126 19 51 88 45 28 27 48 73 55 21 22 47 69 42 20 21 28 103 41 26 23 35 89 50 16 32 50 64 43 15 22 51 61 47 23 15 43 57 27 20 24 44 75 39 32 17 32 99 43 20 15 36 54 40 22 26 41 45 44 25 168 0.07 14 
57 489 141 174 39 119 51 30 24 52 97 69 34 29 62 89 71 26 25 51 88 66 30 28 64 95 46 30 29 54 86 51 20 32 52 92 67 35 27 62 111 65 34 31 65 72 57 33 32 60 102 50 33 27 68 84 64 29 35 60 112 53 37 35 232 0.06 12 
58 215 117 30 12 13 29 61 35 16 23 24 40 42 26 14 24 34 47 18 17 20 42 28 9 12 48 35 30 11 7 27 88 42 11 10 22 53 38 21 19 42 43 22 17 16 37 53 22 15 17 30 34 52 9 16 27 25 30 16 10 34 68 42 60 0.09 18 
59 281 353 180 24 27 76 85 73 23 33 54 119 46 24 23 56 95 42 32 26 64 79 70 19 37 63 86 49 24 29 66 105 58 25 38 72 89 55 29 27 76 117 68 33 36 66 96 54 33 37 78 91 50 40 27 74 95 55 22 32 58 105 50 240 0.03 6 
60 87 247 35 63 29 13 18 41 55 41 14 21 39 61 38 15 14 37 75 39 16 20 37 53 28 13 18 31 59 34 18 23 36 55 32 15 20 32 43 40 20 13 28 62 31 15 19 35 68 36 23 19 42 66 35 13 22 34 52 31 18 12 26 70 0.08 16 
61 78 17 54 101 56 27 26 59 96 56 25 23 56 97 55 28 28 46 88 50 25 24 60 84 47 27 24 52 108 69 21 27 57 102 51 23 22 46 87 52 26 19 47 76 61 20 31 54 91 58 30 29 60 100 49 33 26 43 92 58 31 20 41 108 0.08 16 
62 111 144 165 25 19 56 87 40 22 34 41 94 51 29 23 55 75 51 24 27 54 72 65 24 19 38 96 30 18 40 69 124 47 26 27 69 100 57 23 34 52 98 61 19 24 68 121 47 22 23 68 88 44 37 29 58 100 52 37 29 47 95 62 220 0.04 8 
63 380 352 172 99 161 71 34 46 83 161 92 45 39 78 125 101 38 46 78 122 87 41 49 79 125 83 33 47 84 139 91 40 35 83 168 72 34 35 84 136 79 42 45 106 140 92 36 40 99 169 100 49 38 70 155 83 43 46 68 154 79 51 38 258 0.04 8 
64 446 1 162 88 144 85 32 45 95 133 84 38 35 72 152 86 44 37 93 147 90 46 31 86 157 70 42 33 77 122 85 33 43 89 121 70 48 39 79 116 85 40 41 64 132 83 43 36 85 156 92 34 35 98 150 68 48 37 69 121 86 35 46 243 0.05 10 
65 156 40 246 82 33 41 80 128 76 40 52 77 169 79 46 32 92 129 72 40 35 93 148 76 30 34 84 150 66 42 38 94 120 103 36 45 89 137 77 46 41 89 156 92 44 36 96 133 92 41 34 88 138 98 40 45 98 138 67 37 34 72 128 328 0.07 14 
66 56 232 52 15 24 35 20 8 8 21 42 28 10 11 34 43 24 12 15 30 40 32 7 13 18 45 24 10 14 25 39 34 16 11 27 34 28 14 12 30 32 24 13 6 26 35 25 11 15 21 27 31 8 16 27 63 19 9 19 35 65 20 11 78 0.03 6 
67 457 324 171 63 89 60 26 22 67 84 63 28 23 60 101 56 31 29 62 99 48 33 27 63 106 47 27 22 56 111 65 28 22 45 80 68 26 23 50 83 52 31 24 65 74 46 24 25 59 112 56 26 29 69 99 53 31 30 61 105 48 22 24 228 0.05 10 
68 184 348 63 105 60 20 38 64 81 62 25 36 54 132 47 34 38 47 59 52 24 33 63 103 71 25 34 68 135 50 30 30 61 91 71 23 38 65 91 67 36 31 75 75 65 45 27 51 125 59 40 33 66 113 61 33 29 64 102 57 30 22 44 126 0.04 8 
69 429 359 42 16 16 5 3 24 34 12 1 8 16 0 18 8 12 10 22 16 11 7 13 17 21 10 8 17 41 1 6 0 12 34 3 4 4 6 57 7 1 5 8 26 16 5 6 11 3 5 11 11 13 23 10 14 11 9 26 3 5 4 8 56 0.09 18 
70 230 192 234 32 71 125 89 39 45 65 141 67 35 34 75 164 85 40 39 93 151 94 34 42 86 129 90 28 43 62 150 83 42 33 65 109 96 34 39 90 154 80 41 40 73 134 91 38 46 68 144 83 35 41 70 145 69 35 45 94 130 93 46 312 0.03 6 
71 484 276 94 96 157 84 46 55 92 180 102 45 54 84 180 91 54 43 103 135 90 50 44 97 133 107 55 54 107 152 98 56 38 78 163 112 43 38 90 165 92 49 45 104 134 107 51 53 77 171 106 41 49 95 163 91 54 45 96 131 97 46 41 188 0.03 6 
72 1 480 102 23 55 78 77 29 24 51 96 53 25 32 58 92 49 21 25 65 106 45 27 16 38 81 41 21 30 32 82 31 25 18 38 105 59 31 27 51 104 72 30 27 46 84 56 19 28 75 61 61 21 34 53 89 42 22 27 41 87 59 37 153 0.09 18 
73 62 261 246 87 157 96 49 51 64 164 85 47 34 80 150 83 41 29 85 168 79 45 45 62 148 91 38 39 97 139 91 41 39 90 173 78 44 45 72 111 85 33 48 81 119 90 44 42 104 160 84 38 46 86 143 66 34 36 88 147 70 47 40 328 0.08 16 
74 491 369 75 70 114 64 40 33 87 135 79 41 37 77 114 84 40 35 65 110 66 36 31 58 127 74 36 32 61 110 60 33 41 79 116 86 38 40 71 132 67 38 43 75 126 75 32 30 91 119 60 37 35 82 120 63 37 33 91 139 65 32 41 150 0.07 14 
75 427 449 50 98 56 27 20 45 76 44 24 25 43 100 35 30 31 46 85 43 28 26 46 82 40 21 27 58 85 53 28 29 58 112 57 24 16 41 98 41 25 32 54 71 38 25 29 50 71 48 24 21 40 97 60 25 29 52 75 48 18 20 50 100 0.05 10 
76 63 90 144 80 42 36 78 143 64 28 39 69 134 64 35 28 84 133 70 33 34 71 135 83 36 37 87 115 63 39 33 60 136 75 38 44 80 116 85 37 30 71 133 88 33 33 77 122 83 30 30 76 95 85 37 33 73 135 75 30 42 59 136 216 0.09 18 
77 380 119 84 49 9 11 52 69 52 29 20 47 95 41 30 23 41 71 39 15 30 42 88 47 18 16 33 96 44 28 29 50 47 39 19 14 43 53 37 19 13 45 84 45 14 14 45 39 56 19 26 33 58 28 12 16 42 48 39 14 15 38 82 126 0.09 18 
78 401 117 180 77 111 54 32 25 56 90 53 40 26 78 89 79 24 33 51 101 47 41 40 47 95 57 26 38 54 86 51 23 35 63 95 56 34 26 61 86 58 27 30 66 83 37 34 29 75 106 53 39 31 57 108 47 26 25 55 76 65 30 31 240 0.08 16 
79 363 182 55 26 28 46 87 47 24 24 54 111 62 28 27 49 104 47 28 24 56 78 48 23 20 49 110 60 19 23 64 72 55 28 37 64 82 47 19 29 42 104 58 30 30 55 68 55 26 28 56 112 67 22 31 58 77 48 29 20 52 87 47 110 0.04 8 
80 117 49 26 12 9 6 15 18 17 5 7 14 12 14 6 5 15 21 11 7 8 10 25 8 5 7 12 27 14 5 8 19 20 14 7 5 13 19 10 4 8 12 22 11 6 5 12 20 15 6 6 18 16 11 6 6 11 22 12 7 3 17 20 39 0.04 8 
81 93 26 19 9 10 15 30 17 7 7 15 24 17 12 10 25 27 15 6 10 21 32 18 10 10 15 33 22 11 8 19 19 16 11 7 24 36 20 10 14 27 16 14 12 10 25 35 18 7 12 16 30 20 8 7 12 43 12 8 8 23 37 17 38 0.04 8 
82 95 481 88 42 39 88 158 80 45 45 94 173 89 49 38 80 168 95 44 39 71 144 73 49 35 99 131 113 38 49 97 182 71 35 37 105 177 103 52 47 86 134 70 51 53 93 142 67 50 50 102 153 79 48 44 108 149 91 46 38 76 172 78 176 0.03 6 
83 230 324 166 130 88 53 30 99 119 55 43 49 73 137 56 48 41 89 135 83 43 37 74 136 97 34 47 84 115 78 33 48 72 171 65 42 39 82 161 63 39 44 114 131 75 44 33 85 144 87 48 44 79 159 69 37 51 82 149 101 53 34 82 249 0.03 6 
84 300 392 63 7 8 54 28 10 18 22 29 19 6 12 29 44 34 8 16 5 21 11 9 2 23 41 20 11 4 9 32 26 16 12 9 61 28 13 12 15 33 4 20 17 26 20 24 10 14 26 47 20 0 16 7 15 34 11 12 37 20 30 6 84 0.03 6 
85 50 173 130 69 28 32 66 119 78 39 33 73 112 59 29 31 72 126 81 35 30 82 118 72 31 33 55 102 64 35 37 72 120 73 28 36 64 116 60 32 31 70 102 57 38 32 57 121 65 36 37 63 115 53 29 29 75 109 70 27 35 65 113 195 0.08 16 
86 144 498 60 17 49 27 10 11 24 31 21 12 12 23 46 25 9 10 26 23 22 10 8 18 37 21 9 10 22 36 22 11 4 14 30 11 10 10 27 47 20 14 8 27 36 14 10 11 24 29 28 9 13 14 40 14 12 7 19 37 16 9 10 80 0.09 18 
87 211 183 200 50 54 100 142 115 52 40 80 173 82 53 48 107 161 103 59 38 93 145 102 48 54 119 200 115 53 46 117 163 89 48 40 105 192 93 57 57 84 162 102 42 41 85 147 93 42 50 117 153 92 52 58 91 199 105 45 59 115 196 108 300 0.07 14 
88 163 385 68 34 57 33 11 20 43 53 33 15 15 30 30 31 21 14 35 39 27 18 17 29 51 25 14 8 40 43 29 13 18 28 38 33 17 12 37 50 40 24 19 43 63 36 20 20 36 80 37 18 20 27 37 17 13 15 23 58 20 12 12 102 0.04 8 
89 205 59 32 53 36 17 18 35 32 23 20 14 36 43 41 22 22 24 66 33 18 17 31 59 22 14 15 36 56 31 16 16 27 50 41 14 18 26 44 27 18 16 37 49 28 21 16 22 50 25 22 20 33 45 36 15 10 19 79 40 17 11 30 64 0.02 4 
90 148 77 24 16 10 7 5 11 18 12 4 5 9 24 12 5 6 13 22 15 6 6 11 23 8 5 6 10 18 14 5 8 8 23 11 5 4 11 17 12 8 6 11 28 16 8 7 10 19 10 6 6 13 17 12 5 5 8 17 8 5 6 10 36 0.08 16 
91 63 252 172 69 138 99 51 37 86 194 94 39 51 95 137 93 56 39 86 120 104 51 42 76 156 73 36 45 92 163 112 40 43 77 138 102 42 39 106 162 74 43 42 90 163 83 43 57 79 152 105 42 46 100 189 102 35 48 104 162 73 49 34 258 0.03 6 
92 217 475 30 50 44 16 13 46 40 31 20 18 31 60 26 10 17 18 27 21 23 16 49 56 33 17 9 17 34 25 17 6 45 49 35 16 11 33 52 17 9 14 25 62 29 11 18 34 62 32 13 16 32 32 27 17 17 20 52 42 8 10 17 60 0.07 14 
93 465 361 32 19 17 12 2 5 15 23 16 7 3 7 36 13 8 8 15 39 22 11 7 16 23 11 7 6 14 28 16 10 10 12 38 11 8 9 11 43 13 7 8 17 20 21 1 5 13 25 22 4 0 13 14 12 11 4 6 28 11 5 8 48 0.05 10 
94 365 131 12 9 5 6 13 14 11 5 5 11 17 13 3 4 12 23 9 4 4 13 24 14 5 6 14 19 20 8 6 16 11 12 8 6 10 23 9 7 3 10 20 14 7 5 8 20 12 4 7 8 16 21 5 4 10 14 13 4 7 9 21 24 0.04 8 
95 98 460 14 14 16 11 1 7 9 21 29 7 5 15 30 9 5 6 24 20 5 4 5 18 26 5 0 3 21 28 8 8 6 14 14 14 0 5 2 28 9 10 8 9 16 8 7 10 13 33 11 8 6 11 36 7 3 8 6 23 20 6 10 28 0.02 4 
96 270 351 177 57 150 55 32 22 60 85 48 22 32 50 85 61 25 29 69 98 67 22 27 55 118 66 21 23 56 118 57 33 28 64 87 55 30 33 59 85 50 33 29 54 99 64 24 26 57 92 68 28 23 54 92 67 27 28 53 92 41 32 27 236 0.03 6 
97 355 114 38 36 16 20 46 73 35 18 15 34 63 47 18 16 34 46 32 17 22 29 48 40 21 19 22 70 37 17 17 47 59 36 25 12 39 75 44 16 20 39 56 44 14 20 30 62 37 14 18 40 60 38 19 15 42 67 30 22 20 32 72 76 0.03 6 
98 305 39 300 97 162 105 48 46 95 118 91 45 51 111 153 93 62 38 129 154 118 45 62 114 132 94 51 52 135 148 117 53 44 109 174 77 56 45 103 196 93 58 52 101 156 86 46 56 103 175 100 57 38 86 167 121 46 51 89 188 136 51 44 400 0.08 16 
99 263 492 31 34 13 11 34 64 40 16 17 24 61 34 13 18 37 53 30 16 15 27 59 28 11 14 31 51 31 15 13 26 50 27 15 18 33 41 24 17 18 32 55 35 15 17 38 52 29 13 18 32 52 31 14 12 30 55 31 12 18 26 54 62 0.09 18 
100 166 36 192 33 26 70 105 53 36 36 49 107 61 29 36 68 115 50 38 31 57 106 55 31 33 61 117 72 36 36 71 114 52 34 31 53 104 68 28 29 78 107 74 31 30 57 114 68 30 26 56 121 62 32 36 76 123 64 28 37 52 93 78 256 0.07 14 
101 436 156 42 65 32 23 19 36 58 42 19 22 43 91 38 19 20 41 66 50 20 17 45 53 51 25 16 49 73 34 19 21 37 77 36 23 18 41 79 41 21 22 45 56 43 22 20 43 77 39 22 22 33 59 32 23 24 42 70 36 19 23 44 84 0.07 14 
102 370 96 63 58 96 72 28 31 58 111 45 23 26 49 123 67 33 24 55 98 73 35 30 64 105 66 48 22 93 138 76 28 29 63 110 51 30 25 76 99 76 16 43 69 88 74 28 28 36 115 56 36 44 61 124 77 28 35 79 123 59 29 30 126 0.08 16 
103 97 394 282 50 82 159 80 40 45 89 168 78 39 46 105 181 97 47 45 105 162 82 40 40 104 151 110 42 53 102 182 109 45 41 95 177 96 43 42 106 175 112 50 44 95 132 79 42 48 79 159 109 51 45 75 177 104 40 42 84 159 89 43 376 0.08 16 
104 281 440 141 62 44 27 15 62 66 58 15 25 41 102 54 22 17 49 89 44 37 28 63 113 55 22 17 47 61 35 26 17 40 85 49 30 18 54 96 47 19 26 55 78 42 28 14 33 75 53 16 27 42 28 53 26 18 60 70 38 23 23 34 188 0.08 16 
105 283 436 219 119 78 33 41 73 125 73 42 40 80 123 72 34 30 70 133 74 29 38 79 105 67 34 30 79 139 70 39 33 80 113 74 46 32 84 113 77 30 30 67 138 83 30 42 74 121 75 29 39 65 102 67 33 40 68 128 80 36 40 78 292 0.04 8 
106 350 102 78 22 16 50 65 33 16 24 36 106 24 17 15 28 72 37 14 27 31 74 38 20 21 50 52 49 12 31 39 61 38 22 14 41 56 23 15 16 26 67 35 13 17 42 89 33 19 12 35 55 19 20 21 44 77 37 9 15 34 52 65 117 0.03 6 
107 394 492 47 104 42 26 28 51 76 27 18 25 57 99 73 22 26 49 90 50 20 21 43 82 61 22 17 71 49 49 20 19 53 64 47 21 16 39 91 56 21 18 43 94 51 18 22 39 71 29 25 25 49 91 45 21 13 48 82 51 18 18 45 94 0.02 4 
108 317 201 273 84 137 76 40 41 71 166 108 44 43 80 172 85 52 39 80 175 72 52 37 110 139 87 35 50 93 179 98 41 54 103 141 102 53 40 83 169 83 44 42 82 153 73 38 38 93 160 91 36 49 77 152 86 38 45 100 135 94 46 50 364 0.03 6 
109 422 188 65 37 61 122 68 30 28 72 118 65 30 30 57 91 67 33 33 55 93 45 28 30 80 102 55 45 36 77 84 56 29 27 63 105 76 37 26 81 101 65 32 30 72 111 71 36 31 69 100 48 28 28 62 96 71 29 32 71 102 67 40 130 0.06 12 
110 387 476 82 115 94 42 37 89 154 71 36 47 70 149 96 37 39 80 124 73 45 40 93 126 93 37 34 79 147 101 47 35 74 123 90 44 39 71 165 92 34 45 86 154 79 53 46 65 165 87 45 34 87 144 84 43 37 85 154 79 32 35 93 164 0.09 18 
111 131 124 270 83 156 103 39 42 95 150 86 50 42 87 146 99 48 45 96 130 72 50 43 71 143 85 42 45 90 137 102 41 46 90 149 96 53 44 78 148 96 45 38 94 167 84 41 42 107 130 76 37 53 87 139 94 50 53 107 164 81 41 50 360 0.05 10 
112 290 489 132 23 17 47 90 43 22 17 42 63 43 19 22 46 63 48 20 18 30 81 34 19 27 49 52 39 19 30 33 89 36 21 20 48 52 40 16 24 37 72 54 19 25 55 76 42 19 19 60 62 44 27 22 50 68 45 22 19 37 98 54 176 0.03 6 
113 290 15 40 43 107 28 27 18 53 81 55 32 11 33 71 59 26 27 30 35 41 19 19 50 57 24 18 22 29 55 41 38 14 27 75 40 17 13 40 83 35 17 14 42 105 49 30 20 63 72 18 13 17 38 59 52 22 29 27 104 18 13 17 80 0.07 14 
114 215 118 204 112 87 35 30 59 124 82 38 39 72 123 86 37 31 59 106 77 24 30 78 103 51 41 32 62 127 64 21 35 67 149 71 27 24 74 106 77 46 37 66 116 79 34 43 72 90 64 25 37 52 86 66 35 39 84 112 74 36 24 60 272 0.05 10 
115 257 154 194 90 129 88 53 52 91 144 82 57 48 83 150 102 45 51 104 177 108 52 42 124 165 120 45 40 123 144 91 44 55 88 141 108 59 49 87 153 90 54 57 99 152 119 49 53 117 171 100 51 46 98 146 102 55 45 111 145 101 56 55 291 0.03 6 
116 436 383 16 22 15 7 16 19 10 7 19 0 34 13 1 4 17 17 26 1 9 13 38 10 8 12 9 34 10 11 3 4 31 24 5 7 22 46 25 9 8 0 1 8 13 1 0 11 14 9 15 16 59 0 1 6 6 32 6 0 15 26 38 32 0.06 12 
117 445 403 50 23 53 80 51 21 23 46 64 55 23 26 44 95 44 28 26 49 105 48 29 22 57 90 39 23 28 51 76 33 31 25 49 83 65 23 27 41 54 43 26 21 57 95 34 22 22 41 107 43 23 22 48 81 52 23 24 44 74 47 21 100 0.05 10 
118 415 129 54 10 6 8 14 18 15 7 10 21 36 15 7 6 27 36 24 7 10 18 36 18 10 12 15 30 20 7 12 19 29 19 7 8 22 24 14 9 8 15 39 13 12 5 21 29 20 8 6 15 36 19 12 7 18 32 19 5 10 11 22 72 0.03 6 
119 332 252 160 36 71 143 87 34 36 59 161 88 40 40 102 144 79 37 44 80 131 69 35 31 75 144 83 51 50 91 141 82 41 34 68 118 77 42 48 73 148 83 46 54 68 135 84 43 57 96 116 85 33 34 91 124 79 40 37 65 121 63 31 240 0.08 16 
120 19 101 33 60 30 15 16 42 42 31 14 17 28 59 27 14 19 32 54 34 18 11 26 45 30 11 16 27 50 34 15 19 38 53 26 12 17 32 55 38 15 18 27 56 31 17 11 25 52 26 17 14 36 51 33 13 18 27 53 24 18 15 39 66 0.08 16 
121 446 259 45 6 3 6 39 7 7 12 13 16 0 11 0 17 0 15 3 15 29 20 34 5 5 19 23 6 6 7 30 31 16 5 9 23 41 19 7 2 10 17 26 12 4 11 7 19 4 11 18 27 10 9 7 29 29 15 7 11 8 2 7 60 0.02 4 
122 302 103 86 45 50 26 25 23 62 31 44 26 21 51 62 40 21 24 42 79 35 23 27 50 69 40 14 23 55 91 37 12 17 47 94 39 20 20 66 99 45 27 23 43 88 47 20 19 32 99 24 17 21 32 75 40 20 12 31 81 64 17 19 129 0.03 6 
123 215 8 76 112 110 31 34 73 112 86 33 35 88 123 45 42 31 58 140 77 34 40 92 127 79 30 42 64 133 74 38 52 91 126 68 57 40 68 113 74 39 31 70 152 56 39 38 94 130 86 36 40 100 112 65 27 25 83 96 53 39 29 77 152 0.02 4 
124 297 185 138 18 21 54 90 36 20 17 43 92 39 23 20 40 73 41 19 22 28 83 51 23 21 55 65 55 25 28 36 85 36 28 14 41 69 44 17 27 52 92 57 23 20 48 81 48 27 20 44 56 31 32 19 55 61 36 22 20 43 85 50 184 0.09 18 
125 393 384 96 21 22 45 65 44 26 28 52 59 47 22 22 55 96 50 28 26 52 86 37 29 30 52 82 53 22 21 39 82 33 27 23 42 62 50 27 19 49 90 61 19 19 48 95 45 23 23 49 94 42 20 24 38 82 47 27 21 51 94 46 144 0.07 14 
126 263 161 252 65 157 116 42 42 92 156 69 48 48 76 152 78 46 36 82 169 80 32 56 107 142 78 35 42 69 158 81 42 44 60 118 97 38 53 90 160 96 42 36 74 150 58 55 33 92 160 75 35 37 85 140 82 42 46 88 143 74 51 47 336 0.04 8 
127 427 252 38 13 6 8 11 11 25 8 8 18 25 6 12 9 25 30 24 10 8 23 27 17 9 4 27 33 17 9 6 25 35 12 3 10 19 36 12 9 9 25 34 7 10 13 16 34 27 7 9 11 30 25 9 11 21 26 23 12 7 17 42 57 0.04 8 
128 246 20 60 11 21 13 5 25 14 26 9 12 13 32 7 12 11 28 36 26 15 10 4 0 19 11 9 21 18 6 12 8 28 46 20 12 12 10 52 22 4 9 20 43 19 14 12 30 10 13 12 7 25 44 10 14 6 16 9 26 1 4 17 80 0.03 6 
129 57 115 70 105 88 41 40 67 121 59 36 23 71 110 73 30 31 79 117 63 40 39 75 146 55 38 33 73 128 57 37 39 55 110 86 25 40 68 138 77 33 42 78 92 70 34 34 67 101 50 41 34 57 104 79 40 38 67 132 67 45 44 86 140 0.08 16 
130 365 350 291 96 51 52 86 175 71 41 38 102 188 80 44 35 103 168 118 43 46 101 160 90 44 38 91 196 83 43 52 84 171 85 42 47 110 169 102 39 44 90 170 106 42 50 121 142 81 46 45 124 196 90 39 42 97 166 94 49 48 97 160 388 0.03 6 
131 325 102 90 18 15 37 40 27 14 13 23 47 26 12 12 26 48 34 17 12 32 42 31 15 12 22 42 29 13 17 29 50 28 16 14 29 44 25 16 15 38 45 29 16 13 30 53 27 15 12 32 55 35 16 12 25 42 28 12 16 32 51 32 120 0.09 18 
132 324 396 89 104 47 44 81 130 91 46 58 95 130 101 48 45 76 160 84 36 40 109 161 113 46 52 83 141 76 51 37 106 137 107 52 42 102 138 73 55 50 72 161 98 56 41 81 143 79 40 44 105 151 75 40 46 98 161 78 44 50 80 126 178 0.08 16 
133 234 147 261 157 86 42 46 89 151 99 36 37 96 135 96 45 43 76 158 98 42 42 82 120 71 42 40 101 146 81 41 37 108 154 70 53 53 80 166 67 47 43 108 158 70 48 40 81 169 81 42 36 95 124 90 39 44 99 136 101 44 40 70 348 0.08 16 
134 116 338 64 70 24 31 50 157 63 33 26 79 119 55 32 41 65 100 56 38 38 60 77 69 36 23 49 99 95 25 37 79 115 56 35 28 68 102 79 31 28 62 91 56 25 28 75 111 72 41 30 53 77 65 40 37 70 96 78 33 37 54 141 128 0.07 14 
135 40 170 130 122 65 33 40 65 106 52 31 46 73 134 58 33 40 49 134 78 28 37 71 101 76 28 24 59 107 75 34 34 59 124 67 27 34 83 104 81 36 28 61 99 58 26 26 74 129 64 30 37 46 105 70 34 32 62 96 69 32 28 87 195 0.09 18 
136 368 446 186 76 42 57 80 175 90 61 54 88 170 93 31 58 66 159 99 37 52 79 145 122 54 38 80 141 113 46 43 96 208 80 34 37 79 152 92 46 37 108 135 102 41 42 87 207 81 42 42 71 129 66 57 39 93 192 102 42 44 83 151 279 0.06 12 
137 103 143 98 83 52 38 110 190 105 39 43 93 185 85 43 48 82 148 99 53 50 99 149 87 53 59 103 169 79 40 45 99 149 102 46 47 119 172 116 44 47 94 144 118 57 45 97 146 82 47 50 101 192 101 47 41 105 145 115 50 46 91 187 196 0.02 4 
138 182 342 144 65 33 44 46 156 80 30 37 69 111 55 40 32 73 125 53 32 29 96 110 76 31 29 68 91 60 40 31 82 107 60 35 46 81 99 85 41 36 65 101 84 38 34 64 111 64 34 28 63 121 62 41 22 90 106 83 39 35 66 102 216 0.02 4 
139 1 116 58 25 9 13 44 59 21 22 12 15 50 36 18 23 23 53 37 13 10 29 64 33 17 18 33 35 38 6 7 11 56 7 13 12 19 63 28 10 17 41 23 31 16 17 19 50 25 22 24 10 67 14 13 10 43 23 24 10 15 48 34 87 0.05 10 
140 373 24 52 49 27 26 46 94 48 23 28 55 85 39 25 24 47 96 44 29 24 49 79 48 23 33 42 87 62 27 24 51 74 51 28 28 43 95 45 28 25 59 82 60 28 23 42 76 55 22 30 48 73 49 24 26 52 81 50 27 26 59 73 104 0.07 14 
141 142 30 118 83 111 69 36 32 56 93 40 24 27 61 93 58 27 29 57 92 47 29 31 47 94 61 27 31 54 116 75 29 34 62 99 61 30 34 75 110 63 34 29 58 94 64 41 27 51 134 55 23 26 66 113 68 31 21 67 95 65 31 36 177 0.09 18 
142 478 347 138 113 78 38 34 83 115 73 30 29 73 121 59 42 28 64 130 64 38 34 76 137 78 32 36 79 122 80 29 31 78 114 52 35 34 73 130 60 42 28 62 101 65 27 33 78 115 60 34 28 80 133 74 40 39 77 95 60 36 32 83 207 0.03 6 
143 203 340 34 9 23 5 5 11 16 21 14 6 5 16 29 23 3 9 15 23 8 8 7 24 17 14 9 8 19 30 13 6 6 17 19 13 11 7 11 9 11 13 11 17 2 21 5 6 20 19 15 11 10 34 12 22 11 7 6 12 16 9 6 51 0.09 18 
144 478 298 200 90 130 125 39 54 123 155 103 44 45 84 162 121 54 57 121 197 111 65 47 102 114 129 35 55 88 192 89 32 52 102 212 110 49 42 118 157 75 52 36 96 144 100 41 57 107 141 80 52 55 82 211 106 47 41 81 213 118 56 40 300 0.05 10 
145 188 415 72 34 61 16 12 11 19 45 27 9 6 26 45 22 6 16 26 43 25 9 11 15 37 19 12 17 16 40 26 12 11 21 40 24 16 10 19 31 30 13 11 34 45 11 9 11 17 48 17 14 9 26 44 20 10 5 19 33 14 18 15 96 0.08 16 
146 204 455 82 34 33 95 105 97 40 35 73 142 77 44 35 60 123 75 46 35 91 160 91 43 50 84 160 97 46 55 71 129 74 38 40 70 151 104 39 41 73 158 63 40 39 71 149 78 50 46 66 132 66 42 43 88 161 78 32 31 85 134 93 164 0.07 14 
147 221 468 97 123 85 50 39 68 182 91 39 58 82 187 106 43 46 78 201 76 51 44 104 138 83 50 41 92 164 78 40 53 105 167 86 43 67 117 161 100 62 48 82 146 86 44 40 90 163 102 53 58 105 124 88 40 40 91 160 122 49 40 88 194 0.09 18 
148 328 246 16 15 12 10 25 19 20 7 5 5 22 26 10 11 14 26 27 4 3 22 37 15 7 14 24 26 9 9 14 23 23 16 5 7 12 8 18 8 10 15 20 15 9 12 21 20 9 5 8 12 37 17 12 8 8 24 16 6 3 16 37 32 0.04 8 
149 100 89 99 44 51 115 143 85 51 46 92 160 94 45 46 81 193 97 51 43 93 206 83 47 54 90 163 106 41 60 107 141 88 65 54 70 152 104 45 44 84 161 91 49 43 117 133 103 46 58 94 188 107 60 51 105 145 103 63 55 112 171 90 198 0.06 12 
150 129 450 129 39 16 25 47 92 32 27 16 41 47 46 14 38 75 83 32 31 19 29 64 49 14 24 24 55 26 20 26 21 52 43 17 24 36 104 30 21 17 44 80 44 17 23 35 66 44 20 22 52 81 39 20 17 40 68 49 21 18 57 75 172 0.04 8 
151 104 34 177 39 23 41 84 136 55 22 36 75 92 47 36 19 50 113 54 25 31 66 114 54 29 21 68 105 77 36 31 57 135 54 31 28 55 76 67 34 19 56 98 63 24 20 49 97 69 27 38 48 107 67 32 22 54 76 78 29 28 76 86 236 0.02 4 
152 458 58 264 51 75 164 73 37 38 101 143 97 50 51 84 130 72 47 45 101 149 80 39 41 83 138 79 37 40 95 161 87 37 39 85 152 95 50 39 85 130 92 52 50 90 135 76 47 48 93 131 106 38 43 94 168 73 40 51 95 154 98 37 352 0.04 8 
153 440 192 279 57 44 101 158 80 43 49 106 169 80 50 41 113 152 103 36 45 88 126 112 36 39 85 152 111 45 43 92 171 80 52 55 90 167 94 45 49 100 121 105 48 50 108 136 85 49 43 83 189 92 58 41 100 165 74 57 46 105 162 85 372 0.02 4 
154 177 323 123 18 19 29 65 35 24 15 46 54 66 23 20 38 53 47 23 19 51 52 20 10 22 37 84 41 24 15 32 81 34 22 16 50 90 47 16 17 47 59 38 20 21 57 59 40 19 23 35 83 44 23 14 46 60 35 25 23 26 73 34 164 0.03 6 
155 462 156 70 21 19 30 61 30 14 13 26 57 31 16 16 27 61 39 19 17 37 64 31 19 17 40 63 38 18 15 33 58 32 14 15 38 57 34 18 16 29 50 34 21 17 35 53 32 18 16 31 63 28 16 15 44 59 29 21 21 41 62 34 105 0.06 12 
156 289 439 176 124 101 45 49 115 160 79 37 43 95 132 93 39 35 108 146 75 36 44 76 145 67 43 45 74 170 99 47 42 89 186 93 52 60 75 175 97 55 42 82 125 115 40 54 58 134 84 47 43 74 148 94 48 48 61 148 112 54 45 83 264 0.08 16 
157 90 147 85 46 37 93 136 101 37 41 83 181 88 44 37 86 132 79 45 45 75 156 67 45 43 90 119 76 43 39 95 140 80 40 49 71 116 76 38 35 73 129 85 39 48 78 152 74 51 48 81 156 63 38 46 98 136 70 44 44 81 148 97 170 0.08 16 
158 344 195 46 29 46 89 64 18 31 49 81 52 20 11 35 95 29 25 20 61 60 39 25 18 39 71 59 23 23 42 59 50 17 27 47 83 35 28 28 36 74 51 13 24 51 92 60 25 18 32 67 47 24 13 34 100 41 23 11 79 87 37 23 92 0.08 16 
159 326 232 252 143 97 37 52 68 162 77 36 51 99 152 94 46 40 73 120 66 42 37 63 124 89 39 50 99 158 69 40 36 69 127 87 37 34 97 112 70 43 43 90 157 96 49 45 80 142 104 46 40 82 133 72 45 39 76 158 77 43 43 74 336 0.05 10 
160 279 287 123 43 57 46 20 20 40 86 33 21 27 39 29 32 22 21 37 45 21 24 20 45 78 29 24 23 56 69 50 18 18 36 53 47 22 25 62 47 35 24 21 42 69 30 23 12 37 74 15 29 25 43 82 40 23 14 41 52 45 15 22 164 0.06 12 
161 316 437 36 3 10 9 5 1 21 18 6 3 0 10 19 22 1 0 13 16 7 2 5 3 23 15 7 5 8 21 2 6 5 7 6 10 8 6 0 0 7 0 4 7 2 15 11 11 19 31 10 5 13 0 16 8 0 4 22 22 17 4 6 48 0.04 8 
162 402 178 26 29 18 16 20 29 11 12 9 28 107 46 10 12 24 26 38 12 16 31 35 26 13 13 21 39 41 11 13 19 0 41 20 8 16 33 23 9 12 1 57 30 23 12 37 46 21 10 17 24 41 25 17 4 18 57 40 12 13 31 36 52 0.09 18 
163 161 270 48 9 10 12 26 26 5 3 22 28 19 3 9 4 11 16 10 4 6 23 21 9 9 15 36 9 17 4 1 24 14 0 5 14 17 19 4 4 36 16 12 0 6 15 32 22 11 6 13 20 15 2 6 18 13 23 7 7 15 47 22 64 0.09 18 
164 456 213 114 44 14 23 34 46 36 19 27 39 53 27 21 22 36 59 33 15 18 30 70 33 20 12 39 82 62 14 10 34 72 41 20 12 28 95 31 21 16 46 53 22 17 20 31 58 35 20 16 29 69 35 13 20 44 65 32 17 13 47 48 152 0.07 14 
165 494 283 19 5 14 33 19 10 11 21 31 16 9 11 20 35 16 7 4 13 29 20 11 8 13 25 18 8 14 20 31 22 10 9 17 28 23 10 6 19 16 17 10 10 10 27 11 11 11 20 26 15 10 12 25 22 19 8 7 24 24 16 8 38 0.05 10 
166 266 257 76 35 69 85 90 45 34 75 133 60 29 44 76 161 71 31 43 59 124 69 38 31 78 114 55 34 37 75 158 85 34 32 76 119 87 34 29 67 156 58 40 43 67 112 82 38 37 61 137 77 32 44 89 114 87 28 41 64 140 80 35 152 0.09 18 
167 93 332 82 43 55 17 12 35 84 19 16 23 55 68 28 20 21 36 62 36 22 24 27 82 46 16 21 39 61 35 15 32 42 78 54 24 24 40 67 34 15 21 37 34 65 20 17 33 78 37 19 19 41 54 55 21 9 45 36 29 19 22 36 123 0.06 12 
168 119 371 84 50 104 127 100 44 32 86 138 69 53 49 75 162 86 36 48 88 160 85 43 35 80 174 94 49 39 72 145 68 47 45 77 154 90 49 38 82 146 76 37 34 99 137 97 41 35 103 158 91 35 45 101 136 74 40 35 77 122 89 36 168 0.04 8 
169 412 355 22 0 6 19 23 13 3 1 16 40 1 8 4 8 10 12 2 5 10 22 14 8 6 1 35 26 3 5 9 26 3 3 2 6 46 21 0 3 4 4 14 3 5 17 34 7 10 5 1 34 3 11 6 4 9 3 5 5 11 12 3 33 0.09 18 
170 311 494 70 50 10 18 43 47 48 15 19 19 55 27 11 15 41 36 46 13 15 51 56 39 15 20 26 32 41 27 27 49 62 33 15 18 39 78 37 24 19 43 72 36 19 25 37 46 31 27 10 31 57 36 15 22 45 43 29 15 14 32 30 105 0.06 12 
171 482 331 228 34 69 142 81 38 41 75 131 64 40 35 66 111 57 31 26 72 122 71 39 39 81 138 99 32 35 67 109 79 41 28 63 128 98 34 41 62 118 64 43 42 88 149 88 32 39 64 132 83 39 39 80 119 67 34 45 63 101 80 44 304 0.02 4 
172 436 42 252 79 36 45 78 132 92 34 44 92 152 100 45 35 70 137 92 35 33 83 156 87 46 33 110 141 56 44 52 88 170 91 39 42 92 130 106 39 35 90 114 73 50 48 80 136 92 37 40 85 169 81 50 49 68 122 77 42 36 105 137 336 0.08 16 
173 362 321 33 51 40 12 18 33 28 34 17 8 27 63 43 15 13 23 76 44 9 14 25 59 42 15 18 27 67 28 20 14 37 63 38 8 14 36 45 37 16 14 28 46 16 16 17 42 57 39 21 15 23 39 16 13 15 38 50 42 13 11 40 66 0.07 14 
174 256 157 87 84 38 39 97 122 65 40 34 104 140 85 47 47 100 174 92 42 42 72 161 99 43 38 81 128 86 47 43 84 128 66 57 50 88 128 78 53 46 98 145 96 40 53 103 162 89 40 37 72 176 85 53 39 97 132 75 38 39 75 121 174 0.05 10 
175 203 75 194 152 91 52 53 95 129 88 60 54 81 191 105 45 41 102 191 80 43 44 97 164 94 47 40 88 198 109 58 51 80 175 94 52 40 107 209 78 46 58 89 155 121 39 57 94 179 116 37 46 99 183 79 50 50 128 155 90 56 44 94 291 0.03 6 
176 343 91 246 101 39 50 95 162 86 40 45 85 139 85 36 38 79 175 66 34 42 87 145 87 35 46 81 131 60 44 43 76 135 100 40 38 88 135 71 31 35 72 147 67 36 40 72 159 66 49 33 68 168 86 52 40 77 124 82 39 42 87 136 328 0.09 18 
177 487 228 60 32 66 148 53 23 29 44 90 38 22 29 42 88 38 38 30 62 104 73 27 22 66 107 67 17 26 41 120 52 30 38 44 99 67 36 39 49 127 93 28 49 61 69 43 29 24 65 65 64 31 25 50 67 67 30 20 67 69 48 21 120 0.04 8 
178 123 324 60 16 7 6 22 31 18 11 9 23 27 20 5 12 18 38 20 11 9 15 23 25 8 8 17 42 16 6 8 20 39 15 9 14 12 35 32 14 8 18 29 22 9 8 17 41 21 13 8 25 27 9 11 9 14 21 14 11 11 20 35 80 0.03 6 
179 329 191 60 25 34 64 116 59 32 31 55 109 60 35 35 65 109 57 34 37 63 119 71 31 31 51 110 63 25 26 60 124 53 27 29 58 116 53 29 24 69 106 48 33 26 64 90 54 40 36 62 111 58 26 34 49 87 63 37 24 52 96 59 120 0.07 14 
180 412 45 98 97 142 102 51 49 120 212 109 35 57 79 173 88 40 38 80 166 91 39 50 98 192 91 46 44 133 164 99 54 43 71 183 66 56 62 80 146 98 38 44 103 201 64 45 56 78 173 86 53 52 115 129 126 46 53 79 183 98 43 38 196 0.06 12 
181 490 97 114 90 56 29 31 53 120 50 31 25 52 92 43 26 33 71 77 49 26 26 67 110 54 25 21 49 109 47 29 19 44 119 41 28 29 70 86 61 27 26 39 92 41 18 22 67 66 52 32 29 53 91 52 31 22 62 93 54 28 26 50 171 0.07 14 
182 276 78 228 37 45 74 125 64 41 40 88 149 94 37 37 63 106 63 38 39 71 116 66 35 40 79 128 84 33 44 85 135 97 44 32 69 146 77 35 32 86 139 97 40 29 79 116 73 40 36 69 124 78 29 36 80 129 71 37 38 98 135 86 304 0.07 14 
183 222 349 16 20 58 6 4 3 9 14 24 5 0 15 9 7 8 7 23 59 3 0 10 8 33 15 3 0 21 58 5 12 5 26 29 11 6 5 24 43 21 17 2 19 7 16 6 15 22 33 18 15 7 19 39 22 4 10 25 61 11 15 7 32 0.02 4 
184 189 308 270 101 43 57 76 186 76 39 50 63 172 77 51 50 101 138 101 46 45 90 183 85 51 47 88 120 105 48 51 117 163 104 41 40 92 162 83 40 43 104 185 93 44 53 95 140 111 49 49 87 116 76 43 48 80 108 95 44 45 111 155 360 0.02 4 
185 64 450 52 31 22 53 93 65 28 28 58 108 48 28 21 41 113 34 21 20 54 97 49 24 22 45 97 56 30 25 42 124 31 17 30 47 67 48 23 23 51 73 53 23 32 63 108 59 30 22 50 100 76 28 30 51 66 51 34 26 42 111 25 104 0.04 8 
186 81 364 184 88 46 42 76 151 103 47 42 106 147 89 33 41 72 157 76 47 46 110 143 77 40 40 73 191 99 35 55 110 174 107 50 42 103 154 86 48 56 123 152 72 45 45 81 161 79 50 38 75 152 80 49 51 85 179 78 52 62 78 165 276 0.06 12 
187 339 488 93 52 24 12 15 22 49 28 16 17 25 53 31 14 16 24 45 23 15 13 28 79 31 12 13 30 47 35 14 17 24 40 26 16 15 25 65 23 12 14 34 60 30 13 16 28 60 33 12 15 25 50 34 15 19 27 57 27 15 12 31 124 0.08 16 
188 392 422 174 89 156 105 28 48 78 189 87 40 35 98 127 93 43 46 57 171 79 38 43 93 152 95 55 30 90 154 83 35 48 88 135 93 55 39 70 148 73 42 43 80 158 91 45 50 75 145 80 50 45 67 135 86 53 46 72 128 72 48 34 261 0.03 6 
189 149 40 276 130 80 49 43 100 168 93 54 52 87 136 75 42 46 102 177 89 45 54 98 165 102 38 55 80 166 97 56 40 79 136 112 41 53 86 133 88 44 52 98 136 94 45 57 71 132 100 48 52 86 142 75 39 51 89 183 108 48 51 101 368 0.03 6 
190 328 364 132 57 24 21 47 64 39 22 18 46 88 40 15 22 37 78 48 21 20 39 75 47 18 22 40 58 50 24 25 50 94 29 30 29 47 76 50 21 17 37 79 52 14 16 56 36 47 28 22 51 70 51 25 26 61 58 44 27 14 30 48 176 0.04 8 
191 218 248 56 11 11 27 44 23 15 17 19 47 27 17 13 33 52 34 12 10 28 53 20 14 13 20 45 30 16 11 32 46 27 12 13 28 61 33 11 16 22 38 26 14 14 30 41 27 11 14 25 55 25 15 11 28 51 26 14 16 24 47 28 84 0.02 4 
192 487 355 194 113 141 111 51 50 87 171 126 50 45 72 196 82 60 58 94 132 90 41 51 98 137 96 54 43 111 180 87 55 57 108 139 80 49 54 111 177 113 41 48 83 175 99 38 44 80 170 83 51 46 102 161 96 46 49 89 186 98 46 55 291 0.08 16 
193 159 365 66 75 41 32 60 105 79 29 38 69 148 71 29 34 57 137 58 37 33 64 103 73 32 30 69 134 73 31 38 89 92 42 35 31 67 104 64 40 20 47 136 46 36 30 42 113 75 38 29 55 116 75 30 45 65 99 63 27 30 60 118 132 0.05 10 
194 321 34 180 51 111 46 35 35 54 85 43 38 27 61 116 55 29 27 53 108 63 31 21 55 100 63 35 30 55 95 55 41 24 74 108 52 29 24 66 101 52 34 28 49 92 63 27 35 62 112 50 23 26 70 87 67 23 25 72 113 44 24 29 240 0.03 6 
195 57 499 11 11 16 9 7 5 11 14 13 6 5 9 17 9 7 6 13 20 9 7 5 15 19 9 4 6 9 16 13 6 4 9 25 12 4 5 13 16 14 4 6 11 21 13 6 5 10 25 10 5 4 10 14 9 5 5 8 13 9 5 5 22 0.04 8 
196 69 57 35 45 12 21 30 65 49 17 15 39 69 36 17 14 35 61 39 20 16 46 57 25 16 19 29 65 42 12 17 36 63 32 17 19 25 55 32 13 18 33 60 45 16 13 17 59 40 14 18 29 57 27 12 17 34 60 35 18 14 53 45 70 0.07 14 
197 366 61 182 89 154 85 48 51 108 130 86 49 50 79 132 72 45 37 90 142 84 40 46 96 136 84 44 38 85 175 86 51 53 98 157 80 44 46 101 156 81 54 39 81 132 99 42 39 88 144 75 38 42 90 173 83 40 44 86 177 101 49 44 273 0.08 16 
198 371 200 56 11 29 50 22 20 19 28 33 30 13 7 22 34 33 19 19 29 45 27 10 17 32 49 16 16 10 28 75 14 12 9 17 58 17 17 23 23 32 32 6 17 22 38 21 14 16 41 44 37 13 10 12 55 29 12 13 19 51 31 3 84 0.06 12 
199 194 476 297 117 52 48 94 180 91 55 41 84 179 119 51 52 91 152 80 40 47 102 143 94 41 49 87 192 111 42 44 105 155 110 46 47 89 181 100 57 42 85 165 104 59 40 109 158 80 40 44 90 186 125 40 55 107 154 91 40 46 99 176 396 0.03 6 
200 421 111 76 35 34 59 131 77 39 35 80 111 90 45 34 73 132 89 33 41 86 118 70 45 33 85 109 70 32 37 90 133 83 37 44 84 114 61 41 30 67 109 63 39 44 78 140 70 42 36 72 118 88 47 40 65 133 87 36 39 89 151 89 152 0.06 12 
