125 5 10402
0 106 317 20899 14119 14121 14129 14137 14122 0.01
1 304 88 141 38 85 45 21 17 44 74 48 19 21 48 58 47 24 28 52 67 44 25 18 55 82 46 26 22 46 63 46 18 19 39 73 45 23 23 60 69 46 22 19 55 57 41 27 23 61 69 50 20 19 51 92 40 29 20 188 0.02 4 
2 275 85 154 62 35 36 86 124 102 34 37 88 106 73 36 40 79 140 87 37 46 50 126 82 37 44 41 160 86 32 41 84 140 75 45 42 69 133 90 31 42 82 107 69 39 38 88 115 78 41 37 99 105 62 44 36 74 127 231 0.06 12 
3 323 152 60 30 18 7 21 64 24 22 11 48 79 20 14 17 41 59 27 19 9 23 55 28 7 12 20 31 26 18 7 51 35 34 17 20 36 52 33 14 27 32 56 32 15 20 23 36 25 15 13 25 55 31 21 25 19 34 90 0.03 6 
4 119 112 152 35 34 77 138 72 37 39 85 106 86 33 41 77 115 65 31 31 63 140 88 33 34 63 135 64 34 36 60 134 84 42 35 72 128 78 32 41 67 130 79 34 30 61 124 89 33 33 79 100 83 44 42 76 140 74 228 0.05 10 
5 20 498 100 23 24 39 76 63 24 24 59 73 56 23 24 44 82 58 30 19 51 93 51 28 19 41 88 48 22 23 57 76 56 27 21 58 97 57 30 25 48 72 61 25 21 55 76 44 27 24 46 93 43 24 21 44 96 38 150 0.05 10 
6 190 60 279 190 97 46 34 76 169 78 50 44 92 188 110 47 45 98 154 79 43 51 97 151 82 43 65 77 135 103 45 52 69 192 101 55 35 90 208 93 40 47 99 154 109 56 37 106 138 93 56 47 89 164 104 47 41 83 372 0.04 8 
7 498 82 66 68 120 76 29 36 58 123 78 34 31 64 116 66 28 29 62 122 58 30 29 77 92 71 32 32 54 122 55 29 33 78 103 77 32 27 52 117 50 34 37 56 102 69 29 38 63 130 71 33 33 73 97 55 35 29 132 0.05 10 
8 429 395 36 19 7 29 84 22 22 18 23 42 23 16 7 25 56 39 18 11 44 82 42 25 12 38 97 37 27 27 58 46 44 19 3 25 77 40 14 11 62 42 4 10 25 34 88 5 14 13 34 69 28 19 23 33 44 62 72 0.05 10 
9 57 344 176 48 95 134 91 40 48 90 156 111 46 47 90 147 100 35 53 90 135 82 48 50 73 165 86 39 46 88 169 99 46 48 97 170 83 43 48 86 160 90 43 54 74 181 99 50 49 90 176 79 38 41 83 150 68 41 264 0.02 4 
10 207 489 120 19 34 89 51 24 18 47 94 46 19 23 26 56 53 14 24 33 92 51 16 18 43 89 35 17 25 51 51 42 14 20 45 48 41 20 24 44 56 29 18 24 35 77 28 14 22 47 66 37 21 24 36 87 40 18 160 0.02 4 
11 79 278 96 82 181 113 54 50 80 180 100 40 45 98 135 91 56 50 97 151 97 41 58 91 144 115 50 55 111 193 109 51 47 73 160 79 56 39 86 217 94 59 54 84 220 102 39 40 101 143 59 50 49 83 108 104 52 49 192 0.05 10 
12 85 485 81 89 129 80 43 43 91 111 69 41 34 92 164 66 38 31 88 140 78 42 44 64 144 90 34 47 77 143 76 42 43 91 124 74 44 44 71 148 88 33 32 78 130 81 47 41 75 122 75 37 46 70 150 78 37 35 162 0.09 18 
13 316 330 168 42 76 76 34 27 43 97 59 34 27 50 86 42 31 27 49 78 45 32 23 52 100 40 24 32 54 75 49 35 26 57 146 60 26 24 69 68 61 26 41 58 123 66 20 18 53 104 49 28 25 39 63 53 25 38 224 0.04 8 
14 470 57 162 81 33 34 83 151 78 46 46 67 157 95 36 40 63 139 87 39 44 91 125 75 40 42 104 181 85 40 39 80 131 67 48 48 78 156 85 41 38 81 132 85 38 34 64 136 92 49 35 75 119 67 36 43 85 146 243 0.02 4 
15 177 467 94 24 26 42 78 52 19 27 53 82 44 22 23 55 94 43 25 17 53 90 53 24 20 61 77 43 27 23 37 87 56 18 20 50 88 59 21 23 41 75 46 25 20 37 66 51 26 30 36 86 45 20 26 51 80 41 141 0.08 16 
16 315 83 201 39 78 114 67 40 26 42 115 66 39 33 68 97 79 25 33 49 129 71 37 23 59 123 61 38 41 83 115 66 27 41 46 116 59 33 46 80 104 51 25 37 69 147 60 37 35 80 133 62 25 27 77 110 62 31 268 0.08 16 
17 78 131 82 146 76 30 40 84 116 107 48 36 94 145 67 44 45 89 175 76 49 34 103 157 80 45 48 83 128 92 46 47 81 146 94 48 43 69 133 77 41 41 93 146 96 39 38 87 111 68 46 40 78 135 68 48 40 58 164 0.09 18 
18 24 100 87 150 93 45 33 100 131 98 51 34 88 144 106 43 37 71 121 84 40 47 84 144 90 38 44 97 134 75 48 54 63 156 105 43 48 90 141 99 39 40 88 153 127 31 45 100 177 100 51 36 106 121 85 42 56 95 174 0.04 8 
19 106 69 99 20 35 49 33 17 12 28 40 41 13 11 38 42 13 18 13 28 48 44 20 19 34 75 24 16 12 33 52 34 17 20 30 34 32 15 27 52 83 35 26 24 24 49 33 20 21 11 35 27 14 16 28 71 14 16 132 0.09 18 
20 125 68 168 27 58 115 59 32 33 61 75 60 35 31 55 100 53 26 29 43 95 51 29 25 47 88 63 29 31 58 93 57 23 28 58 86 56 33 22 54 75 55 28 24 65 114 46 26 22 51 85 48 28 27 38 104 52 28 224 0.08 16 
21 181 212 150 43 29 79 91 63 31 51 65 115 89 28 36 54 125 63 31 52 83 103 60 40 47 94 140 95 28 33 52 109 81 52 33 58 168 44 43 26 60 94 79 35 41 77 111 71 49 41 90 120 98 45 48 79 115 73 225 0.09 18 
22 476 438 159 60 81 51 29 23 44 88 62 29 26 49 97 52 21 22 63 80 57 23 23 51 103 52 25 19 61 83 69 27 25 47 94 60 24 21 59 87 50 22 28 63 98 45 23 24 47 67 57 23 26 60 85 56 26 26 212 0.07 14 
23 322 184 24 13 6 4 17 6 16 7 3 9 36 10 5 13 18 26 2 14 3 0 14 9 4 13 5 50 8 4 1 13 6 16 5 10 7 24 18 2 8 6 37 12 9 0 10 11 7 9 10 4 35 12 0 6 8 15 36 0.09 18 
24 129 470 20 9 14 24 11 10 10 21 59 24 17 4 20 35 25 7 6 12 42 18 3 12 24 34 22 7 10 15 33 18 5 8 20 39 10 10 9 23 26 14 9 13 15 13 15 6 5 6 26 17 7 4 22 41 19 10 40 0.05 10 
25 258 117 80 49 16 21 39 61 47 16 19 61 68 39 29 22 53 55 33 20 23 29 37 63 23 28 28 104 49 26 28 40 54 53 27 14 48 66 42 22 18 49 70 39 12 21 38 52 70 24 17 22 101 34 21 20 58 67 120 0.05 10 
26 6 494 213 46 33 76 146 59 30 35 88 93 63 31 33 51 93 72 34 30 90 107 64 37 33 63 131 75 36 41 86 144 97 34 37 62 100 58 33 37 59 121 73 26 37 71 123 76 46 28 85 143 64 34 33 65 164 57 284 0.05 10 
27 445 412 78 34 45 79 157 91 34 36 73 109 95 38 35 89 114 66 37 40 58 129 99 41 40 91 119 59 45 32 101 133 90 46 39 81 118 76 41 39 70 111 86 42 39 78 137 72 33 49 103 147 78 42 39 73 105 92 156 0.09 18 
28 163 133 64 66 89 69 40 27 71 139 56 29 29 57 117 47 46 33 47 124 78 31 29 73 141 57 35 33 92 116 54 26 31 50 119 71 27 28 49 97 73 28 33 49 93 80 35 38 46 107 61 31 27 63 107 63 37 28 128 0.07 14 
29 430 389 36 14 13 5 5 9 19 12 4 5 10 24 8 6 5 12 20 9 7 4 13 18 10 7 5 14 15 9 5 5 16 27 9 4 7 11 22 12 6 6 11 26 12 5 5 8 24 10 7 6 12 18 8 5 6 10 48 0.05 10 
30 327 308 82 49 76 53 22 25 40 44 40 17 18 38 68 34 27 17 54 77 29 17 14 41 63 47 13 20 47 74 31 16 19 34 63 23 17 26 42 57 37 24 22 37 62 40 22 23 35 82 31 20 17 39 60 38 18 19 123 0.02 4 
31 317 436 288 91 47 45 110 187 88 51 51 101 144 113 54 47 88 138 111 43 43 112 155 108 37 38 98 168 95 51 55 77 185 93 47 45 94 176 98 55 46 111 164 87 50 41 85 183 92 39 45 83 173 99 44 52 114 147 384 0.04 8 
32 302 299 126 58 40 16 28 41 69 45 21 18 42 58 35 19 21 35 71 33 20 24 45 76 42 13 20 45 73 30 18 19 44 69 37 22 21 40 93 42 20 22 45 68 39 24 18 32 77 45 19 23 48 85 31 17 20 50 168 0.02 4 
33 390 408 16 18 8 8 23 30 23 7 8 16 30 13 7 7 19 38 23 9 9 13 24 20 6 11 13 31 11 7 5 16 37 12 8 6 15 29 20 7 7 14 32 22 9 9 16 28 16 7 11 10 32 18 6 9 14 22 32 0.07 14 
34 475 471 98 25 31 56 44 44 22 17 52 93 61 32 32 46 71 42 22 26 51 112 45 21 25 44 60 48 23 30 31 71 51 26 25 51 63 41 20 13 59 80 49 22 24 47 84 48 18 30 54 73 52 32 19 46 108 37 147 0.03 6 
35 86 65 59 115 75 27 26 51 88 52 23 26 46 82 53 25 26 55 89 64 30 29 68 82 67 23 27 53 103 66 29 19 68 115 75 26 25 50 106 51 28 25 59 103 67 29 28 57 92 68 27 23 57 79 71 24 24 65 118 0.03 6 
36 498 234 69 13 14 44 26 8 10 25 41 31 11 13 26 50 17 13 10 26 36 28 12 13 15 31 26 7 9 22 47 22 12 11 19 36 26 12 9 22 34 25 16 8 26 37 23 8 12 20 32 17 11 12 19 42 22 8 92 0.03 6 
37 299 121 120 87 62 46 31 44 91 55 33 30 61 99 48 21 33 49 126 66 46 32 32 132 63 25 34 43 115 71 23 29 76 91 87 41 22 54 95 60 33 31 78 109 67 34 32 61 107 53 31 26 48 120 76 28 23 68 180 0.02 4 
38 454 207 146 32 42 60 123 62 34 31 65 148 84 28 31 57 148 81 28 37 95 123 84 32 42 73 118 78 31 35 93 126 59 34 42 56 151 62 36 23 74 150 67 32 31 63 125 76 40 30 88 136 66 35 31 78 130 76 219 0.02 4 
39 445 415 30 4 0 20 31 16 10 9 9 33 16 5 12 7 37 16 8 11 19 40 4 10 11 2 46 17 11 7 8 27 19 10 12 16 28 16 5 0 18 11 8 0 2 13 22 24 6 2 2 24 9 5 16 25 30 11 45 0.05 10 
40 5 385 39 32 55 55 20 18 28 54 38 19 16 33 108 33 20 16 30 67 43 20 26 43 89 48 25 23 42 70 39 21 15 46 44 28 19 22 58 59 54 15 19 33 57 34 16 16 35 57 37 18 19 37 101 38 23 14 78 0.03 6 
41 95 117 16 12 25 19 12 7 15 9 22 6 2 13 4 27 12 8 22 23 23 8 10 7 23 16 9 10 17 29 20 6 9 15 15 11 6 0 20 13 11 5 8 20 34 9 4 7 3 34 22 8 13 15 17 18 6 0 32 0.09 18 
42 479 491 141 31 53 68 38 24 19 54 74 42 24 23 63 77 56 25 20 51 84 49 16 27 72 93 43 21 18 48 83 47 19 21 38 100 38 25 33 47 67 40 15 17 48 75 54 26 25 46 78 43 19 21 32 77 43 28 188 0.07 14 
43 184 91 22 8 23 37 16 11 8 17 39 16 12 9 26 37 23 12 13 17 33 22 8 12 17 33 27 8 9 15 28 18 12 6 25 48 26 11 10 17 55 23 9 13 23 40 31 14 11 22 43 24 11 10 20 60 18 6 44 0.02 4 
44 184 82 58 50 21 16 15 28 48 25 13 13 30 41 26 14 10 21 47 33 9 12 26 51 27 14 15 24 42 23 17 18 26 64 27 16 15 25 49 24 17 10 19 51 28 14 20 18 46 21 13 16 29 35 24 12 15 26 87 0.04 8 
45 281 299 73 134 92 33 26 59 130 90 42 34 102 153 73 27 44 67 146 62 41 25 66 105 79 34 34 59 140 59 45 36 81 152 60 39 35 75 125 75 39 27 72 116 66 34 28 85 96 82 35 39 76 127 87 51 47 85 146 0.09 18 
46 237 152 154 78 36 31 66 152 69 37 44 85 116 70 44 31 79 111 67 32 38 65 115 76 31 42 69 129 76 40 38 84 118 95 36 37 80 133 80 43 38 87 113 91 42 33 65 136 83 35 41 81 128 62 43 43 77 145 231 0.07 14 
47 378 64 99 45 47 94 176 89 55 37 112 141 115 39 51 94 168 117 36 43 123 189 99 48 55 91 157 115 56 44 122 189 99 33 62 117 136 75 48 49 89 158 87 48 40 89 162 110 51 37 105 141 108 48 57 89 169 92 198 0.08 16 
48 114 156 158 92 41 45 77 179 85 42 37 72 149 71 43 42 61 131 62 41 36 88 142 54 46 24 66 153 79 40 44 69 97 75 28 40 66 124 57 41 55 90 120 57 59 42 72 126 63 28 53 73 130 70 32 44 73 152 237 0.06 12 
49 70 53 189 113 66 31 37 61 103 75 29 36 75 112 68 33 29 58 103 59 36 31 55 114 57 30 36 67 129 61 35 33 62 100 54 32 30 69 100 74 34 27 69 130 75 25 25 56 103 60 32 34 64 135 53 32 33 64 252 0.05 10 
50 53 16 182 44 38 95 167 79 49 35 85 152 97 34 41 109 127 106 51 50 93 139 98 38 51 102 151 108 40 41 75 132 98 48 54 103 143 79 42 52 82 156 79 45 40 84 161 87 39 53 104 141 106 50 38 80 169 85 273 0.09 18 
51 43 274 114 33 22 15 40 73 39 18 17 38 59 31 16 21 45 54 36 21 20 37 55 39 19 22 42 73 42 18 21 33 59 43 18 16 32 77 31 14 18 36 76 30 22 20 48 74 31 20 18 39 64 35 15 17 34 64 152 0.08 16 
52 463 397 146 71 101 74 49 28 82 126 82 35 45 77 137 52 29 37 59 107 80 46 40 102 114 66 42 51 70 114 69 25 41 74 106 67 31 32 76 108 106 40 35 53 142 43 34 24 69 118 66 44 46 74 159 79 35 43 219 0.02 4 
53 394 24 25 14 14 25 36 20 12 11 22 43 31 15 8 20 36 23 11 17 23 41 27 11 15 23 29 26 10 12 26 35 22 14 15 25 53 14 12 12 21 54 37 11 11 20 53 19 13 14 29 40 25 12 14 29 44 16 50 0.03 6 
54 382 227 40 19 39 86 36 21 18 37 82 30 18 18 49 60 43 15 21 43 65 53 18 16 37 68 40 17 14 43 58 47 14 24 35 56 49 20 16 42 64 40 28 26 39 61 48 11 22 24 58 30 14 18 38 73 55 24 80 0.04 8 
55 7 39 192 69 28 38 65 98 53 31 17 79 141 67 27 25 50 109 49 36 27 62 75 72 26 34 43 91 61 32 27 72 91 68 48 39 63 132 62 37 29 59 126 52 33 29 70 97 66 36 27 64 112 31 38 37 48 112 256 0.05 10 
56 111 458 111 31 13 20 24 55 24 18 16 29 50 18 8 13 36 68 36 18 18 27 61 48 8 21 31 63 38 21 17 26 96 34 15 22 33 66 28 22 30 41 51 37 20 20 33 45 42 8 10 44 47 42 24 16 39 60 148 0.09 18 
57 125 50 168 121 92 41 53 90 166 82 41 45 74 136 76 49 62 69 166 84 31 46 100 121 76 53 38 78 132 94 47 34 72 145 79 39 40 75 121 85 36 47 63 185 80 35 49 88 144 73 43 49 81 166 77 47 43 97 252 0.04 8 
58 318 184 34 30 61 30 16 14 40 75 32 16 20 47 57 37 19 18 31 59 29 16 15 41 46 31 15 12 34 62 35 13 17 43 54 32 17 14 25 58 41 17 18 38 56 32 17 13 44 59 35 19 15 39 62 29 15 20 68 0.05 10 
59 190 270 15 25 4 7 8 20 19 8 8 13 14 5 2 9 18 17 16 4 6 18 12 0 12 4 23 19 7 10 8 13 15 13 8 3 13 2 10 2 6 10 25 23 8 4 5 48 11 3 9 6 10 12 6 6 10 37 30 0.07 14 
60 192 147 102 19 47 86 52 18 15 29 46 31 20 20 30 28 31 23 20 36 66 41 16 18 43 59 30 22 24 24 76 34 12 13 43 52 29 12 14 41 64 48 23 17 27 64 35 13 26 37 45 32 19 18 30 37 29 19 136 0.03 6 
61 246 366 37 63 35 27 16 43 64 36 20 23 42 75 46 15 17 39 55 41 19 17 36 65 26 17 18 40 50 25 14 26 18 55 36 22 21 27 44 42 19 17 40 76 31 16 20 37 58 38 12 20 31 43 30 14 18 36 74 0.02 4 
62 218 179 178 147 73 45 38 103 165 74 46 43 76 138 77 36 53 76 143 95 47 46 103 141 107 44 51 80 156 94 41 38 84 146 81 41 40 88 134 93 41 45 102 166 79 41 49 86 145 95 50 43 75 160 92 44 37 80 267 0.03 6 
63 258 363 57 25 58 116 52 26 34 63 113 55 24 26 64 112 66 22 22 64 110 61 30 27 52 92 46 27 27 64 81 54 24 31 57 89 60 27 30 49 107 52 31 21 51 103 45 25 26 62 104 56 34 27 56 82 52 33 114 0.07 14 
64 32 497 34 3 17 11 31 7 5 16 6 10 8 9 11 41 15 7 4 12 25 12 13 6 18 33 17 8 4 22 26 17 9 8 20 42 17 3 10 13 32 19 7 9 20 24 13 7 5 12 16 15 9 7 11 35 12 10 51 0.09 18 
65 249 365 52 10 3 48 37 36 7 6 35 26 14 15 12 48 55 12 20 18 19 23 18 14 14 15 24 17 12 10 38 34 32 12 13 21 33 26 6 16 41 30 22 14 12 21 48 8 22 18 17 31 18 11 17 37 44 37 78 0.08 16 
66 297 383 72 35 46 26 15 11 31 69 42 12 18 38 33 34 17 18 51 93 54 20 11 61 44 29 14 12 41 51 59 18 15 40 70 37 22 19 39 72 20 12 16 38 74 36 9 9 45 59 54 20 21 33 87 46 24 15 108 0.08 16 
67 417 54 237 59 30 33 68 145 72 32 31 62 120 79 31 37 68 115 74 40 41 89 156 75 34 39 99 140 80 44 41 78 142 82 33 43 80 131 74 37 45 74 135 84 50 33 81 152 89 37 39 86 108 86 40 33 73 143 316 0.04 8 
68 213 195 64 35 70 117 72 35 32 74 117 70 36 24 76 125 60 35 33 61 95 58 30 32 53 106 62 29 27 59 98 60 35 32 73 121 69 27 29 85 104 63 32 36 58 114 65 34 27 64 95 60 34 27 75 97 58 28 128 0.07 14 
69 367 293 74 84 34 30 77 110 99 45 42 64 110 56 26 29 62 125 76 39 48 59 143 64 38 34 61 168 70 49 35 62 131 81 32 33 89 133 85 36 27 91 127 69 47 46 67 127 81 29 31 52 145 89 36 30 75 84 148 0.05 10 
70 433 499 165 33 46 83 66 33 22 45 96 51 28 28 56 74 56 27 28 51 98 41 25 31 58 89 56 27 31 48 89 59 21 26 47 103 64 27 29 45 85 62 31 24 43 91 49 30 24 59 95 53 23 26 54 95 63 28 220 0.07 14 
71 214 260 89 129 97 51 49 99 135 85 48 43 77 142 71 50 46 97 142 90 54 43 77 155 95 46 57 80 116 74 44 36 106 120 106 40 39 94 166 82 38 41 79 151 73 46 35 89 175 82 45 36 117 144 94 46 44 75 178 0.03 6 
72 466 73 116 29 27 61 103 60 25 27 61 98 62 28 37 51 97 53 26 28 45 126 50 22 22 57 112 65 27 34 48 116 45 32 25 53 88 50 25 29 73 86 56 24 22 66 118 43 35 32 42 85 73 29 30 49 96 49 174 0.05 10 
73 183 8 13 21 9 6 11 14 11 1 2 10 4 17 2 5 8 35 9 9 4 9 16 15 9 6 13 20 14 1 3 14 26 12 3 6 13 26 20 9 6 20 24 24 10 6 17 15 12 5 9 21 6 6 8 10 13 18 26 0.02 4 
74 316 418 112 28 50 103 65 31 31 56 86 50 23 23 62 88 48 23 29 61 86 64 30 25 46 101 47 33 28 60 107 49 22 25 62 101 66 21 21 53 86 68 27 24 62 120 61 25 33 54 102 62 31 26 71 109 51 27 168 0.07 14 
75 154 18 104 25 23 64 74 45 20 29 60 94 52 21 20 50 85 56 25 29 45 80 55 25 27 42 105 45 23 21 37 97 65 28 24 49 76 51 23 27 52 99 42 22 28 60 90 60 23 28 42 99 66 23 30 64 88 44 156 0.02 4 
76 81 406 22 21 7 5 5 14 18 16 7 5 14 26 8 6 4 14 16 11 7 2 15 22 7 5 2 11 13 3 6 4 13 12 8 4 3 4 21 10 5 9 14 15 10 3 9 10 16 12 5 5 6 19 10 5 4 12 33 0.02 4 
77 19 9 21 39 23 10 12 9 42 14 9 10 27 34 23 10 7 30 44 25 4 15 16 26 19 11 17 15 56 25 19 8 17 38 16 0 5 28 39 26 13 7 27 13 36 10 17 23 44 24 10 10 14 33 17 16 16 6 42 0.04 8 
78 319 478 110 33 62 120 70 32 24 44 132 60 24 24 49 97 62 32 30 50 97 40 32 26 63 79 47 30 27 53 104 50 25 14 54 72 60 27 29 41 98 46 25 29 64 91 47 27 27 49 112 33 21 25 73 76 35 33 165 0.05 10 
79 244 390 184 85 38 51 96 158 84 45 44 108 159 96 47 48 91 171 99 44 50 95 160 105 36 53 75 155 100 41 46 80 172 100 40 50 103 169 100 48 51 99 152 108 52 36 104 156 94 39 45 90 153 89 44 44 90 141 276 0.04 8 
80 388 10 291 145 96 54 44 79 151 97 50 43 112 163 108 39 46 93 170 107 53 41 105 152 96 48 44 81 139 107 55 55 86 148 106 42 41 105 171 107 47 42 93 188 81 40 40 103 143 111 43 44 83 172 110 53 58 101 388 0.07 14 
81 469 254 90 61 75 39 17 29 46 58 43 22 23 47 55 51 16 26 57 74 45 21 24 55 59 39 24 16 35 74 37 27 17 30 97 37 24 25 50 69 39 21 23 52 83 49 18 25 49 96 42 20 20 47 114 49 16 24 135 0.04 8 
82 339 488 59 35 34 56 76 78 22 31 46 102 58 24 31 53 94 65 25 27 50 110 71 31 35 53 103 63 33 31 66 115 55 27 35 51 81 55 32 30 50 97 46 27 27 48 77 53 28 22 74 116 68 36 23 68 99 56 118 0.08 16 
83 406 167 38 39 12 5 18 41 5 11 17 5 51 0 14 10 18 6 25 5 0 8 13 40 10 12 4 75 10 7 3 0 65 21 10 4 26 78 0 10 12 18 21 16 18 10 18 100 44 9 13 0 14 10 2 16 10 37 57 0.07 14 
84 129 285 13 5 7 18 13 7 6 12 32 16 8 5 18 19 10 2 7 8 19 12 7 7 16 27 15 7 7 14 25 8 5 4 14 16 10 6 7 8 22 17 8 9 16 11 10 3 4 16 15 13 7 6 10 22 11 4 26 0.07 14 
85 466 133 264 123 79 40 38 109 121 75 36 43 87 145 75 39 33 99 132 101 50 40 99 164 64 46 45 93 168 78 54 43 101 175 76 39 47 96 164 95 42 52 105 186 86 53 42 74 120 67 40 45 85 150 106 42 53 113 352 0.04 8 
86 197 11 46 52 46 22 26 39 67 52 23 30 51 104 45 15 27 42 84 52 23 21 39 47 56 20 29 40 73 38 26 24 47 38 39 33 25 60 74 49 24 19 54 81 63 26 28 46 87 37 22 14 48 55 43 24 18 60 92 0.03 6 
87 21 130 47 28 46 72 44 20 27 37 82 37 26 25 42 95 52 19 24 52 75 46 20 25 43 84 42 24 24 53 86 51 24 21 47 87 56 27 24 49 83 42 22 26 41 97 43 25 23 44 96 39 22 19 47 70 48 25 94 0.08 16 
88 303 9 39 22 44 66 36 19 19 38 63 42 19 16 33 54 36 17 21 33 77 44 15 21 33 69 46 21 16 41 65 35 16 22 43 69 33 22 20 38 78 39 18 15 33 64 32 19 16 35 63 45 23 23 46 67 37 16 78 0.05 10 
89 66 195 180 164 92 39 44 78 118 80 43 51 100 169 83 44 47 89 131 100 37 55 96 161 81 40 36 87 146 98 41 45 84 174 90 43 38 82 155 89 46 46 97 139 98 47 47 107 181 100 47 49 87 126 96 51 39 88 270 0.07 14 
90 272 410 196 179 106 52 50 106 180 89 45 43 106 144 84 55 40 101 171 98 54 45 93 175 97 47 54 88 146 106 45 45 119 145 95 61 41 110 196 97 43 43 102 169 121 53 43 74 166 88 45 51 86 163 91 51 62 117 294 0.05 10 
91 2 269 165 30 65 81 58 26 32 45 84 51 27 27 49 80 52 33 26 42 99 68 28 25 60 98 49 32 26 68 98 63 28 22 62 88 44 28 31 49 89 53 33 29 43 104 51 31 26 51 94 61 33 33 62 88 55 29 220 0.07 14 
92 317 245 291 56 37 96 162 95 54 40 101 167 103 47 53 86 159 94 43 47 97 171 86 56 52 71 174 106 46 39 77 146 84 57 58 110 145 90 42 42 96 162 86 49 50 91 174 86 44 44 108 147 86 54 53 108 168 88 388 0.09 18 
93 128 453 204 30 67 119 53 27 27 87 131 62 31 34 66 124 63 31 40 54 126 56 38 29 58 120 65 32 34 86 131 69 30 35 81 120 85 23 38 62 120 71 30 37 54 115 73 31 32 61 132 79 32 34 85 121 58 32 272 0.06 12 
94 385 273 261 36 40 93 137 79 43 55 96 192 96 31 28 79 137 79 48 47 86 117 70 40 37 93 147 100 45 36 102 131 88 50 43 67 148 91 50 37 70 121 84 43 46 80 141 86 47 39 72 178 76 41 37 85 120 83 348 0.07 14 
95 30 199 53 27 55 80 58 24 26 48 99 55 28 29 56 99 60 20 31 60 84 43 24 23 50 83 50 24 25 62 81 42 26 25 49 93 55 23 30 47 96 53 23 30 57 98 59 23 22 52 101 45 23 32 64 83 49 26 106 0.02 4 
96 38 483 44 23 30 18 40 40 13 18 53 63 63 24 15 31 69 60 20 19 42 81 60 17 28 46 104 42 20 14 55 68 18 19 21 39 56 45 21 22 34 98 42 26 21 45 62 36 22 27 49 81 48 24 15 41 56 61 88 0.02 4 
97 118 261 258 40 69 137 84 58 45 84 142 111 40 45 85 145 66 41 37 105 168 108 44 31 111 164 74 38 44 55 125 80 55 48 96 133 85 33 38 74 194 88 38 45 86 131 107 42 45 97 162 87 41 50 93 170 86 42 344 0.04 8 
98 484 277 120 26 27 59 96 72 31 23 67 119 65 33 22 66 113 65 29 23 50 110 64 36 31 62 114 70 32 29 68 114 66 39 29 59 91 60 30 30 62 98 63 30 24 67 98 53 22 26 66 100 49 23 35 53 110 68 180 0.02 4 
99 364 80 285 75 211 104 41 43 109 217 121 54 55 74 162 83 43 43 94 143 79 39 50 84 188 96 37 57 113 181 108 40 55 87 137 94 40 47 102 180 116 38 42 89 122 93 57 52 102 176 74 46 47 89 153 118 47 58 380 0.05 10 
100 269 163 118 47 93 53 33 29 56 110 59 27 32 53 101 57 27 24 52 83 55 24 24 62 78 64 28 24 63 112 64 33 31 66 107 70 25 30 61 81 60 26 26 62 83 55 35 34 51 86 73 29 33 58 113 58 26 29 177 0.06 12 
101 15 499 65 108 62 35 31 48 109 62 29 34 56 86 53 28 27 51 94 52 30 38 82 155 57 28 31 55 98 63 32 26 77 110 62 32 34 65 103 63 24 28 68 112 59 34 36 68 107 73 35 27 71 117 59 42 32 59 130 0.05 10 
102 47 393 64 12 9 40 73 40 12 13 24 38 35 15 21 30 41 32 21 14 47 54 23 14 13 44 57 30 16 14 36 74 31 10 15 32 62 47 16 18 32 65 17 14 15 38 44 31 13 16 39 48 39 20 12 30 46 28 96 0.08 16 
103 7 182 24 9 4 20 9 16 0 2 5 24 11 0 4 16 34 9 7 1 0 0 7 1 1 19 35 0 6 7 4 21 8 8 10 8 9 4 9 4 16 29 14 7 1 9 15 28 6 0 20 8 13 3 0 37 27 20 36 0.09 18 
104 489 2 264 170 104 52 42 95 137 86 55 45 100 147 110 43 35 102 125 82 49 34 89 144 83 58 52 80 167 100 50 41 85 131 97 46 49 96 131 89 41 45 87 154 82 35 44 76 150 102 38 38 83 142 77 39 38 100 352 0.05 10 
105 405 175 54 4 9 6 32 48 4 6 6 11 47 0 6 4 29 54 12 6 3 16 36 25 8 18 25 0 9 8 4 15 39 24 1 14 12 17 0 19 7 13 37 19 1 8 2 7 12 0 12 34 26 14 12 11 21 38 72 0.09 18 
106 80 151 297 163 112 46 57 90 155 85 37 41 80 142 81 56 60 105 183 104 47 45 93 187 89 46 53 104 170 99 47 49 101 170 89 41 52 123 163 99 48 48 103 139 108 44 41 80 153 106 50 54 87 196 112 56 49 107 396 0.09 18 
107 364 436 14 8 4 19 27 13 5 7 18 24 19 7 8 19 28 14 9 6 19 11 15 8 9 8 23 13 9 6 13 21 9 6 6 13 29 17 6 7 15 27 16 7 4 16 19 12 6 6 7 27 21 9 6 14 29 12 28 0.02 4 
108 24 123 76 16 16 32 51 36 19 24 43 66 37 21 21 44 58 35 17 22 36 64 34 15 20 35 70 40 17 17 35 67 42 25 18 33 55 40 17 22 36 58 42 15 18 38 63 34 14 19 43 56 35 21 19 37 68 30 114 0.03 6 
109 387 346 82 34 41 76 108 79 46 43 79 171 84 47 49 75 118 96 40 51 87 118 64 36 46 77 127 81 40 36 89 130 96 40 41 66 109 75 50 35 69 169 72 42 42 79 154 92 48 34 98 172 84 30 51 75 121 86 164 0.06 12 
110 179 260 94 62 80 45 18 26 43 76 58 24 15 61 57 40 19 16 41 81 32 17 13 46 28 51 29 14 57 72 53 24 25 53 100 27 27 23 40 102 44 35 17 40 93 41 30 22 51 75 46 24 17 32 79 49 28 28 141 0.09 18 
111 358 144 194 81 191 103 50 42 86 173 86 41 35 114 175 103 47 61 124 176 120 42 46 68 141 95 47 58 105 139 111 63 47 114 153 109 46 34 81 181 74 58 49 81 155 106 56 42 95 154 117 38 41 88 197 83 51 51 291 0.05 10 
112 226 48 98 23 31 52 77 65 22 21 49 82 42 20 23 44 73 57 20 27 54 64 49 23 22 38 77 45 29 25 47 85 47 22 27 53 75 52 20 26 56 79 39 25 28 40 81 55 28 17 50 82 53 23 15 63 76 56 147 0.07 14 
113 313 459 16 16 10 9 14 45 17 8 3 1 46 18 7 10 22 12 7 18 7 0 26 19 6 7 0 12 0 11 14 7 0 17 12 11 20 39 0 3 9 25 33 0 12 0 19 41 14 15 3 10 39 26 11 11 23 18 32 0.04 8 
114 484 246 60 28 21 5 9 10 24 13 13 13 21 41 20 11 14 25 45 30 14 13 26 40 18 7 9 22 30 27 11 7 26 42 30 11 5 10 42 17 5 8 23 30 30 13 5 22 17 18 9 2 32 40 29 7 7 31 80 0.07 14 
115 181 291 74 141 73 42 36 78 107 73 46 33 84 134 70 31 27 61 153 68 29 34 78 110 64 36 44 62 101 57 35 34 67 111 67 41 37 92 104 93 34 44 74 133 66 39 46 75 112 70 38 31 80 105 58 38 40 64 148 0.06 12 
116 110 339 35 27 49 29 8 22 26 65 43 18 14 21 46 27 15 23 25 61 26 19 21 36 72 39 26 18 34 88 40 14 14 50 56 40 19 33 57 42 38 15 6 33 55 52 9 27 34 51 38 18 15 43 61 33 20 17 70 0.06 12 
117 29 74 162 28 32 45 100 58 24 23 52 100 55 30 32 41 102 55 29 26 47 111 57 30 18 50 84 47 22 25 67 87 63 31 30 57 96 58 26 29 47 82 61 25 21 60 88 53 26 23 55 76 45 32 29 58 81 53 216 0.08 16 
118 239 13 225 32 77 122 71 38 41 86 109 85 32 41 90 139 80 30 37 65 141 73 39 47 77 98 93 41 37 86 130 84 39 40 75 124 75 41 38 93 135 62 39 33 77 114 64 31 29 87 112 76 30 41 84 136 66 43 300 0.03 6 
119 2 133 84 38 68 47 26 16 51 89 38 28 30 54 76 31 27 22 28 64 42 22 23 72 95 34 21 22 43 54 40 11 26 36 46 27 20 19 67 49 45 16 15 38 55 48 12 25 47 56 33 24 17 61 73 40 31 19 126 0.07 14 
120 13 146 194 86 139 97 42 56 93 156 112 57 47 115 183 92 58 43 89 159 103 38 39 84 173 92 47 48 114 141 95 48 42 107 185 100 39 48 83 142 99 56 44 73 144 106 47 43 81 164 89 44 49 85 180 88 55 54 291 0.02 4 
121 127 377 43 65 39 26 25 47 67 33 16 19 37 58 40 21 21 45 89 37 26 22 54 60 36 13 23 53 99 50 14 21 67 80 36 18 18 46 70 39 18 20 39 47 50 21 22 43 75 28 17 25 46 92 48 23 21 49 86 0.07 14 
122 465 167 111 45 66 24 22 15 28 65 37 19 18 28 102 51 16 20 36 73 44 19 17 46 63 32 16 16 28 64 23 14 15 50 66 39 15 16 29 49 24 17 12 30 63 33 23 15 44 54 46 22 19 28 48 27 24 18 148 0.06 12 
123 200 496 99 50 99 180 100 46 44 83 177 90 53 50 106 177 91 48 52 99 179 102 44 50 108 185 92 45 49 86 143 98 58 44 117 195 102 55 53 84 196 106 62 53 97 185 101 59 44 116 156 91 54 47 109 164 116 46 198 0.05 10 
124 157 472 168 21 27 61 86 66 26 24 33 104 86 25 27 43 87 75 14 28 51 134 67 25 20 47 117 61 21 24 93 92 43 35 22 64 96 71 28 29 55 140 53 44 32 48 104 62 35 30 39 119 50 26 16 60 119 73 224 0.09 18 
125 253 429 106 29 28 49 90 55 29 28 48 83 48 27 30 44 101 57 33 31 46 90 46 30 27 57 102 46 26 24 48 106 47 32 25 46 88 60 27 30 57 96 43 28 28 59 84 58 29 24 51 89 50 24 24 52 93 57 159 0.05 10 
