125 10 10446
0 232 251 21072 15249 15251 15251 15252 15249 15247 15254 15249 15252 15249 0.01
1 318 68 50 27 44 88 34 26 20 41 83 58 24 19 45 74 54 27 15 52 96 73 30 31 42 86 39 26 25 76 67 77 23 23 43 69 47 26 21 51 91 46 21 24 40 91 58 17 30 67 95 38 27 24 62 81 46 23 26 33 54 50 30 100 0.08 16 
2 329 321 165 26 54 85 52 30 29 53 76 52 27 26 60 86 59 31 32 48 92 61 30 24 51 100 61 25 24 58 90 64 30 24 46 96 63 29 23 51 99 61 32 33 49 87 46 29 32 51 88 54 23 26 67 80 47 32 28 48 92 44 31 220 0.02 4 
3 200 77 60 9 13 40 23 4 9 29 25 23 9 7 19 24 13 12 8 16 37 11 8 11 19 41 15 12 11 18 37 16 9 7 15 18 23 10 10 23 25 14 11 9 19 27 25 12 11 19 37 19 7 9 35 25 15 13 9 21 46 21 9 80 0.06 12 
4 356 29 144 23 36 86 43 21 21 55 61 44 27 16 51 81 36 19 31 35 80 44 22 25 47 75 57 22 18 46 65 41 20 28 62 99 47 21 18 55 74 53 20 36 34 83 52 21 21 42 69 44 25 29 40 70 44 22 29 54 99 48 22 192 0.07 14 
5 362 55 78 32 66 115 72 36 45 79 152 66 28 33 64 118 81 34 46 90 115 91 35 48 68 135 68 25 35 61 107 63 32 43 77 126 95 34 45 69 123 92 38 42 78 124 77 42 42 91 128 90 46 40 79 136 69 31 46 68 138 65 43 156 0.07 14 
6 437 170 111 16 42 66 48 17 20 38 69 39 13 12 31 89 28 10 12 30 62 24 12 17 22 51 53 11 17 43 49 42 26 17 37 80 42 23 16 36 89 32 22 19 34 71 30 19 13 41 80 37 16 25 52 63 47 22 17 40 36 35 20 148 0.02 4 
7 330 456 94 22 42 80 51 22 28 53 73 39 23 19 54 91 43 23 15 53 84 48 23 18 52 74 37 23 26 53 86 40 25 20 51 68 48 28 24 47 80 45 25 28 35 65 39 22 19 47 82 58 27 24 52 77 49 22 20 52 75 42 24 141 0.04 8 
8 138 378 114 16 35 53 36 23 13 38 28 42 20 22 33 94 50 19 21 16 62 30 17 18 30 60 25 19 13 34 70 52 22 22 24 56 27 20 17 41 58 44 16 15 18 73 33 21 23 53 38 36 16 23 24 68 41 25 16 23 68 30 21 152 0.04 8 
9 155 366 93 19 32 53 38 13 9 35 40 32 17 24 16 43 35 23 21 25 74 45 12 10 23 39 30 18 20 33 70 33 5 13 22 46 32 15 12 25 66 21 13 12 18 66 17 18 21 36 47 25 15 17 18 34 18 14 23 37 31 34 24 124 0.07 14 
10 363 457 194 44 97 191 84 57 40 111 188 106 53 49 98 169 110 52 45 110 158 83 57 54 76 148 92 50 48 88 154 86 48 38 81 139 78 58 43 82 143 87 40 55 95 150 88 43 39 112 187 108 40 50 115 142 85 52 57 97 150 109 59 291 0.06 12 
11 207 305 176 55 83 128 95 40 50 61 184 76 38 31 75 115 99 39 42 101 205 71 43 41 81 163 85 47 42 91 116 73 52 53 91 150 75 42 51 99 134 75 43 63 99 141 110 40 41 78 197 110 40 39 99 145 93 51 49 79 149 79 36 264 0.02 4 
12 399 128 43 18 39 65 46 16 20 35 76 33 18 17 53 69 43 19 14 34 68 51 32 19 41 78 54 15 20 39 92 39 24 15 47 84 39 17 18 44 91 32 20 18 45 58 50 17 23 47 64 68 18 26 35 86 48 16 19 26 65 44 15 86 0.05 10 
13 154 351 288 31 58 154 114 52 55 108 149 116 42 57 105 172 107 52 56 109 185 106 46 46 110 129 105 40 52 106 122 109 47 46 82 135 96 53 39 79 186 91 58 40 84 170 64 59 62 94 195 104 29 50 117 167 94 46 52 104 166 124 56 384 0.05 10 
14 91 234 198 40 74 134 65 26 30 69 111 53 42 28 59 108 58 32 33 49 123 69 27 35 71 146 66 33 31 74 142 68 28 25 59 88 58 30 24 46 129 65 33 33 52 133 67 28 33 65 143 64 32 28 87 100 74 29 44 73 99 58 26 264 0.05 10 
15 248 347 279 47 76 146 86 47 59 78 131 112 37 46 93 163 87 37 45 115 147 79 49 50 119 176 93 41 37 84 146 83 37 49 110 147 86 36 43 88 146 97 46 46 87 172 99 47 46 103 157 119 41 64 92 184 96 36 38 93 167 101 39 372 0.07 14 
16 384 313 20 11 19 24 15 9 8 21 42 27 10 12 27 39 17 11 9 19 26 20 12 11 23 30 17 11 10 19 37 18 10 12 13 30 25 7 10 25 44 20 10 7 20 32 17 8 11 19 23 12 8 7 27 41 18 6 8 24 42 20 7 40 0.02 4 
17 82 59 73 47 71 138 66 29 31 80 135 85 34 26 85 108 68 35 32 59 142 68 40 36 57 104 72 45 36 62 124 92 39 30 76 117 73 45 32 87 101 66 37 37 64 146 82 44 38 69 106 79 28 23 86 126 53 45 44 66 155 63 28 146 0.06 12 
18 95 290 88 25 38 70 46 23 15 53 73 42 21 29 38 76 71 29 22 50 59 38 28 15 38 85 42 23 24 57 79 51 32 18 34 75 45 29 18 41 82 59 19 23 29 54 35 22 26 27 74 40 23 26 41 83 52 19 29 34 86 56 21 132 0.03 6 
19 328 302 57 14 19 34 32 11 10 16 21 27 9 9 21 36 9 8 8 24 37 24 7 7 16 36 23 11 9 13 35 31 13 13 27 23 24 10 10 28 29 23 12 10 19 32 23 8 9 26 37 14 10 6 27 53 20 9 6 28 36 24 7 76 0.05 10 
20 183 139 159 25 42 105 68 26 23 54 110 57 25 27 52 76 59 19 29 58 88 67 20 32 42 71 49 27 28 55 79 60 22 22 50 107 40 25 27 65 106 54 24 25 68 78 50 28 19 48 89 58 34 31 48 120 55 31 30 40 102 53 30 212 0.06 12 
21 344 330 99 51 107 167 87 43 55 91 191 92 39 47 97 188 93 48 48 104 185 104 47 55 83 165 109 57 50 96 194 88 58 47 113 194 107 51 56 114 158 110 48 54 98 168 116 42 47 85 157 86 42 48 90 192 109 48 46 112 199 85 48 198 0.08 16 
22 266 481 99 54 85 146 115 48 45 99 165 97 50 53 97 148 106 54 43 84 129 109 54 51 94 181 87 49 48 104 138 92 58 55 117 155 82 59 52 82 138 94 43 50 110 146 99 49 48 95 180 85 57 55 101 170 120 44 42 95 189 116 53 198 0.02 4 
23 221 418 153 23 52 76 52 26 29 59 105 53 20 25 58 79 56 25 26 49 83 45 19 25 39 86 45 20 24 43 64 42 31 25 42 72 60 28 20 54 79 39 20 29 60 100 53 22 23 44 79 39 25 21 66 95 50 24 28 42 95 60 24 204 0.05 10 
24 233 249 198 48 77 159 94 54 45 82 196 101 64 46 119 155 118 50 55 112 138 90 41 45 111 170 102 60 47 90 184 87 48 43 101 141 93 49 49 111 150 108 56 50 109 211 116 38 39 90 172 106 57 55 101 140 106 37 56 102 193 108 45 297 0.03 6 
25 497 164 48 11 36 19 40 14 13 18 18 37 6 16 35 55 44 17 6 16 22 16 7 9 20 40 34 8 11 40 31 12 12 6 19 49 29 8 11 43 14 23 20 12 20 64 31 13 15 26 57 25 14 11 22 41 21 15 7 34 48 23 14 72 0.09 18 
26 430 361 94 48 91 171 105 47 44 128 154 104 51 37 90 165 119 41 55 89 182 84 41 37 74 149 72 40 36 89 166 108 51 42 77 177 114 44 51 97 150 86 49 52 90 170 80 45 41 96 164 101 56 38 84 168 98 42 47 88 175 96 41 188 0.09 18 
27 363 61 160 41 85 116 77 25 34 83 147 67 37 35 66 153 96 28 28 92 158 85 36 36 82 168 73 56 39 63 121 80 37 40 77 129 59 40 43 98 102 99 49 62 86 124 96 30 42 89 181 87 40 44 62 159 85 48 39 95 107 80 52 240 0.03 6 
28 75 7 98 49 80 180 106 67 39 121 107 118 57 42 106 158 81 56 54 90 192 86 57 45 108 148 101 43 51 94 144 101 46 42 94 164 88 49 54 84 141 121 51 46 108 198 89 44 60 77 132 77 56 48 118 171 83 53 55 112 167 97 45 196 0.08 16 
29 301 124 100 22 45 103 52 23 22 47 87 50 16 28 44 68 43 20 29 53 92 78 28 30 54 91 41 21 21 61 83 62 27 35 54 71 50 24 23 28 73 60 23 33 35 76 45 25 18 46 77 74 35 22 60 41 55 24 14 46 116 45 21 150 0.02 4 
30 318 228 150 29 46 68 42 25 28 45 93 44 19 26 46 91 53 24 26 63 110 47 19 18 37 77 53 24 22 44 87 48 31 21 48 94 56 27 26 56 89 46 22 24 50 91 56 27 28 54 77 61 17 19 48 74 58 28 21 41 80 57 29 200 0.07 14 
31 429 152 123 18 31 78 39 16 13 17 74 64 27 19 31 77 32 23 22 49 76 38 20 28 29 63 33 25 20 32 53 50 22 19 36 66 45 20 17 40 58 47 16 14 35 80 28 16 20 35 84 32 15 20 46 81 35 25 14 37 48 18 25 164 0.02 4 
32 74 325 56 24 50 95 55 27 25 65 99 59 25 29 53 73 57 27 33 54 88 42 29 30 47 84 52 28 27 56 103 60 28 28 51 82 57 33 33 56 120 64 28 23 52 99 47 23 30 67 111 50 33 36 53 97 68 32 26 43 92 57 24 112 0.05 10 
33 97 380 207 31 72 130 80 31 28 63 98 60 35 41 65 123 71 32 34 58 158 56 42 31 72 108 50 36 35 74 115 62 32 36 59 130 65 27 26 75 119 71 42 36 84 167 72 42 40 63 80 79 32 31 52 118 67 34 30 73 142 58 26 276 0.06 12 
34 393 106 37 17 35 60 34 16 22 40 57 35 20 15 48 56 30 19 22 30 81 34 20 20 31 67 31 18 15 32 50 45 20 18 43 57 42 17 16 27 68 41 15 12 38 66 33 19 20 33 61 43 18 18 30 51 34 19 21 42 78 38 20 74 0.04 8 
35 63 337 104 25 49 70 58 26 26 58 79 51 26 22 48 69 46 26 27 44 82 54 26 22 56 107 54 31 29 57 71 36 22 23 42 105 45 28 25 58 76 54 25 18 49 80 49 26 22 53 85 63 26 28 48 88 45 22 26 46 99 50 28 156 0.09 18 
36 292 175 288 40 76 130 104 42 50 100 182 89 40 47 111 170 77 40 55 112 158 94 49 40 98 173 109 40 48 81 201 83 56 36 111 189 93 53 46 100 170 85 46 44 75 153 114 54 53 118 160 103 55 58 111 166 79 53 43 93 172 99 40 384 0.06 12 
37 402 31 95 43 122 152 92 40 45 78 165 95 57 45 81 185 90 43 59 109 123 88 49 45 96 179 79 50 43 106 145 103 40 58 77 139 99 44 41 110 181 71 57 49 138 170 77 42 40 95 167 89 44 40 100 203 122 48 44 89 179 101 43 190 0.06 12 
38 82 478 91 47 85 152 106 41 45 86 134 99 46 55 65 193 97 42 50 87 153 96 59 37 79 185 88 51 41 85 165 97 45 40 108 132 90 36 47 74 122 107 48 43 121 149 78 37 56 107 144 88 52 40 88 137 72 45 49 96 144 119 39 182 0.09 18 
39 13 385 164 50 95 134 82 41 40 75 159 98 44 42 78 134 77 40 45 69 124 61 41 32 95 151 72 40 49 70 131 86 32 44 84 155 76 45 50 79 151 91 43 32 67 152 81 46 42 89 160 102 39 41 92 118 97 55 49 79 142 81 36 246 0.09 18 
40 100 348 50 30 45 110 57 24 26 62 85 54 28 28 35 104 48 24 18 42 92 59 27 20 44 77 51 21 24 34 94 46 22 22 58 80 45 30 21 48 87 35 19 33 51 81 47 33 22 59 91 55 19 30 45 80 41 30 25 58 58 32 24 100 0.04 8 
41 311 171 243 38 71 130 72 37 41 57 130 90 40 38 115 144 98 35 54 98 146 85 44 37 71 149 76 31 39 106 113 84 40 32 92 124 66 36 41 68 115 88 51 45 86 108 78 35 42 66 114 75 36 41 78 142 93 39 27 80 149 58 53 324 0.06 12 
42 302 246 26 19 34 25 11 17 18 27 66 15 11 16 44 31 30 13 11 29 28 30 13 14 33 7 52 5 17 15 11 20 16 12 45 44 36 10 9 27 34 35 13 12 28 53 17 17 17 17 51 14 19 13 16 60 37 15 14 46 35 38 3 52 0.09 18 
43 436 370 216 31 74 147 81 38 43 60 114 81 45 33 54 103 95 22 20 60 123 58 36 32 91 123 74 45 48 75 104 65 49 31 68 119 81 41 39 100 110 62 37 46 83 114 89 39 35 85 119 70 28 28 63 109 61 49 38 62 149 70 32 288 0.07 14 
44 494 69 43 25 45 69 42 24 22 36 67 49 19 18 35 71 36 22 20 46 65 43 23 22 43 71 33 23 22 42 67 39 23 24 50 62 51 23 23 55 89 38 17 21 49 75 40 23 18 39 67 52 20 23 46 85 34 23 17 36 85 49 19 86 0.03 6 
45 165 37 61 23 64 96 49 35 29 61 121 51 30 25 70 117 73 33 30 55 119 51 31 25 50 117 55 29 31 51 105 62 36 28 56 113 49 32 36 73 113 69 25 35 57 109 58 36 32 72 121 62 33 31 52 98 72 30 30 71 80 79 34 122 0.08 16 
46 364 388 152 34 69 148 64 37 37 67 101 71 41 43 72 118 74 41 29 97 126 70 28 39 68 148 91 41 45 72 117 108 32 45 88 170 82 40 39 68 90 83 27 47 95 157 74 35 39 52 124 59 31 36 83 121 79 31 34 92 143 83 52 228 0.04 8 
47 438 360 59 29 54 96 70 20 32 52 132 55 26 24 71 112 46 19 28 58 126 45 34 38 71 91 54 30 32 66 104 59 34 25 46 76 60 32 31 62 120 64 20 23 65 84 50 24 27 76 96 65 31 31 58 117 64 34 31 60 88 59 28 118 0.07 14 
48 469 192 76 48 93 94 99 38 39 65 143 70 37 41 99 132 63 39 38 66 114 102 37 44 67 123 82 37 42 71 113 68 40 40 85 138 90 30 42 76 152 59 41 38 69 136 88 37 35 71 117 79 32 44 84 151 73 38 32 88 149 80 26 152 0.08 16 
49 41 482 31 18 22 52 31 17 13 31 35 27 13 14 27 43 33 16 12 29 38 32 10 13 30 73 34 20 21 28 65 37 22 19 44 46 33 15 14 31 45 24 13 16 46 44 27 15 14 29 54 25 17 13 36 54 25 21 10 39 48 23 11 62 0.02 4 
50 213 396 102 13 42 68 36 22 22 28 62 46 17 20 54 82 26 15 14 47 71 43 15 21 30 81 35 19 25 25 75 40 19 22 30 53 27 19 16 41 56 17 15 12 29 27 30 21 17 31 71 30 19 12 36 59 34 15 18 50 54 23 9 136 0.09 18 
51 476 188 84 27 40 65 46 15 28 37 84 61 22 27 32 70 25 27 19 45 85 55 17 24 35 57 52 18 15 54 78 34 16 19 32 54 37 22 18 40 56 51 19 16 59 79 33 17 29 49 45 50 16 20 39 61 51 19 19 41 89 41 17 126 0.03 6 
52 398 287 178 44 111 149 86 38 45 70 144 79 52 34 85 175 81 48 52 97 140 64 45 44 102 134 113 41 50 104 133 65 52 40 105 118 109 43 44 97 145 93 56 38 109 144 100 49 41 89 104 99 54 47 69 164 80 43 42 95 121 86 33 267 0.02 4 
53 83 80 140 32 75 101 58 35 35 82 106 75 27 27 78 117 60 29 43 83 104 68 37 30 68 99 78 34 28 79 104 70 37 34 70 132 74 38 36 68 117 66 40 29 69 100 72 33 30 59 129 54 30 36 75 102 55 34 37 74 114 70 32 210 0.05 10 
54 465 27 36 7 12 30 10 9 4 12 45 9 11 12 30 29 17 8 0 22 22 25 3 10 13 34 20 13 15 11 15 3 3 3 17 15 11 8 6 18 45 14 10 7 12 34 9 3 6 14 32 13 7 10 23 33 34 11 0 19 46 12 12 54 0.09 18 
55 364 458 78 13 23 48 23 13 14 26 35 22 16 11 40 41 21 14 14 34 53 19 11 17 32 48 16 14 14 26 42 21 13 13 26 40 22 11 12 19 26 18 12 11 21 38 23 13 11 26 46 32 9 11 17 58 19 12 16 17 36 21 10 104 0.06 12 
56 171 209 74 11 36 55 47 18 13 44 88 36 23 19 54 57 40 16 13 33 53 46 23 14 33 41 29 17 15 32 81 39 16 18 35 78 48 18 20 31 47 40 18 16 41 57 24 19 19 29 71 31 12 18 22 49 33 11 24 29 51 37 15 111 0.08 16 
57 130 367 255 44 101 172 66 34 32 81 150 82 45 52 62 171 81 43 31 67 160 104 52 34 90 172 79 44 36 83 107 90 46 53 68 120 62 49 41 80 144 69 39 38 98 144 88 35 43 104 163 100 48 42 79 160 79 49 44 78 137 84 36 340 0.07 14 
58 65 106 95 45 94 149 105 54 48 117 125 96 53 50 113 203 86 46 43 72 144 83 53 45 119 185 86 40 40 78 173 91 38 54 116 182 83 43 49 109 138 101 49 36 86 157 99 56 46 100 176 103 35 44 91 134 108 56 40 95 158 119 42 190 0.06 12 
59 236 10 196 48 98 162 101 52 54 106 171 117 49 57 91 166 78 52 44 108 142 107 47 43 84 150 78 56 51 98 190 111 42 57 106 165 104 51 45 98 206 103 52 52 87 164 76 45 48 110 191 84 39 57 111 178 71 55 43 89 160 88 53 294 0.08 16 
60 406 214 51 23 58 87 55 21 24 48 75 48 18 28 43 74 50 24 26 46 107 52 28 27 41 72 43 26 30 55 82 45 25 23 58 96 47 25 26 43 75 58 28 22 44 82 48 28 24 44 103 45 30 24 58 78 39 22 23 54 95 59 26 102 0.09 18 
61 173 360 90 22 56 75 54 22 23 69 77 47 22 20 45 59 43 24 17 32 75 51 34 18 45 91 39 25 17 53 62 52 23 17 46 88 38 25 25 39 56 55 32 20 34 62 44 24 24 44 83 31 27 20 39 68 41 19 28 37 73 36 24 135 0.08 16 
62 236 270 159 29 54 97 51 31 30 59 87 47 29 23 52 86 57 25 20 66 95 59 32 25 57 82 52 23 30 50 94 60 26 19 44 101 45 27 27 56 86 56 25 21 46 84 62 32 29 49 96 58 20 33 48 93 43 25 25 56 75 52 24 212 0.09 18 
63 41 461 61 29 50 123 72 30 27 74 126 59 33 19 58 103 66 34 42 67 80 60 31 27 42 83 76 25 32 59 95 68 26 30 64 82 60 31 30 72 94 48 29 31 67 79 82 33 25 69 85 68 35 33 62 95 52 24 29 58 116 76 26 122 0.08 16 
64 247 28 30 17 30 56 35 14 15 31 50 34 15 15 27 50 29 18 13 25 49 27 17 17 30 42 24 15 17 33 54 35 14 17 26 48 27 14 13 29 53 28 16 15 28 58 28 13 19 28 58 28 13 14 28 57 41 19 17 25 57 30 16 60 0.06 12 
65 404 446 99 55 97 162 102 40 55 73 189 112 54 40 92 152 118 48 43 100 196 117 48 50 102 193 104 50 44 102 194 99 48 52 109 138 85 54 44 80 171 88 51 44 121 179 107 44 56 103 193 104 52 55 75 163 84 44 46 107 133 113 51 198 0.03 6 
66 226 20 174 35 60 104 76 32 31 44 94 65 28 22 58 106 54 29 19 61 86 69 31 22 46 98 61 30 34 68 84 71 36 26 70 98 49 29 33 74 100 54 23 25 49 122 58 26 26 53 88 53 28 25 45 80 41 26 25 58 85 59 30 232 0.02 4 
67 131 286 28 9 15 23 20 6 7 0 36 15 3 9 8 31 23 7 8 16 9 5 0 8 1 13 26 7 9 18 21 33 3 5 9 20 20 16 6 38 45 3 1 9 5 21 26 6 2 6 9 16 1 6 13 18 8 10 3 19 32 7 6 42 0.07 14 
68 49 432 35 16 32 62 32 14 23 31 69 36 18 21 34 51 32 19 17 38 70 42 14 15 31 73 31 15 23 33 58 38 18 15 31 60 29 16 20 28 58 44 19 18 32 68 25 15 21 38 74 36 18 18 32 61 38 13 14 33 59 45 19 70 0.09 18 
69 6 407 123 16 40 67 32 21 15 42 42 30 18 24 43 63 43 21 23 40 50 33 18 19 68 74 44 18 15 57 62 38 16 18 28 41 56 18 21 39 80 49 18 23 38 53 43 15 17 32 54 38 21 17 52 73 45 23 22 39 69 53 24 164 0.09 18 
70 123 208 141 30 49 51 48 23 20 51 68 54 18 26 51 93 53 25 19 42 86 54 18 20 52 63 40 27 24 49 65 48 22 27 48 72 48 28 18 38 70 52 21 25 48 70 42 22 24 42 66 53 26 20 42 65 59 21 26 60 62 37 25 188 0.08 16 
71 56 415 204 40 79 118 65 30 41 57 122 62 37 42 84 120 74 39 28 58 126 81 31 26 60 116 60 36 34 71 131 76 32 35 52 133 58 37 25 82 139 64 45 30 62 124 70 29 37 71 109 76 35 40 80 99 58 27 21 71 115 61 32 272 0.07 14 
72 134 343 10 6 11 13 12 2 7 1 9 15 2 7 11 2 12 6 0 9 23 4 2 2 6 23 15 4 2 8 20 13 3 4 9 17 13 2 1 9 19 6 0 4 2 10 13 3 4 7 11 9 3 4 17 33 13 3 3 7 22 9 4 20 0.05 10 
73 390 226 26 6 16 19 14 5 5 9 23 12 4 5 18 15 10 7 6 12 20 13 9 7 13 18 13 5 5 13 20 16 6 7 10 20 11 5 7 10 26 14 5 5 10 24 11 7 5 14 21 12 5 5 10 21 13 6 6 14 30 13 5 39 0.05 10 
74 471 492 105 20 21 65 35 19 3 25 41 35 23 18 39 82 26 8 9 36 80 24 13 15 41 65 71 24 14 23 65 39 28 22 21 83 43 10 23 43 53 39 15 29 24 99 34 19 19 30 77 53 18 21 29 41 35 12 20 38 68 33 14 140 0.09 18 
75 129 11 186 54 79 192 62 39 40 113 141 101 51 37 102 144 70 47 46 101 150 90 49 46 93 171 98 36 48 93 159 126 49 40 105 178 100 40 54 67 122 101 41 44 113 181 109 44 47 59 204 81 46 68 72 182 101 46 60 101 116 105 60 279 0.04 8 
76 496 77 126 28 59 99 48 24 30 73 74 79 23 29 62 132 69 27 38 70 101 65 33 38 65 99 69 33 27 61 122 71 33 28 79 101 50 35 31 86 96 70 37 25 58 112 69 30 28 76 90 56 26 27 50 91 74 30 36 71 106 65 32 189 0.03 6 
77 400 465 174 32 88 163 87 36 34 96 152 69 52 48 96 137 64 55 49 97 157 78 41 38 78 129 80 43 33 66 159 80 49 34 67 162 108 44 33 80 127 127 51 37 111 127 91 39 54 89 159 102 43 49 116 152 78 38 57 102 153 80 35 261 0.02 4 
78 87 457 37 15 39 68 41 17 21 32 81 35 17 22 31 57 41 16 16 27 54 40 19 15 37 65 34 18 19 32 72 39 18 19 39 53 54 19 26 41 67 46 19 18 33 80 43 24 21 34 74 37 24 16 38 66 25 24 25 44 62 37 14 74 0.02 4 
79 161 144 91 43 111 149 106 51 46 89 143 89 49 54 91 156 82 40 38 104 147 100 42 45 93 155 70 50 37 88 161 101 49 52 80 146 104 44 41 105 142 100 44 35 113 159 85 37 48 69 160 103 39 49 76 155 110 37 48 111 149 66 45 182 0.05 10 
80 216 255 112 29 55 93 45 25 25 55 83 81 31 32 58 98 62 23 26 71 115 69 32 32 42 74 48 31 27 47 112 47 28 29 51 103 57 41 27 69 102 55 33 35 55 100 50 27 27 43 80 53 29 24 68 86 70 36 22 75 76 42 24 168 0.03 6 
81 229 470 60 24 49 35 41 17 16 23 48 36 21 19 37 37 17 17 8 27 48 27 17 19 22 33 26 17 20 55 49 35 18 15 28 59 17 9 10 40 66 60 11 14 27 59 41 7 10 43 53 36 11 6 7 44 15 17 30 21 26 18 10 90 0.02 4 
82 408 278 26 8 8 26 10 7 5 14 23 9 9 7 16 22 12 6 8 15 35 9 7 3 14 21 11 6 4 12 25 15 4 7 8 19 13 6 6 14 23 12 5 5 14 8 10 7 4 11 19 13 4 8 13 21 12 8 5 12 31 13 10 39 0.09 18 
83 407 206 72 16 38 43 30 17 20 34 53 34 11 19 42 23 34 16 21 38 53 33 16 10 28 67 36 27 25 42 48 26 16 20 49 63 33 20 15 23 64 52 25 15 44 58 24 19 14 30 39 39 20 16 36 84 21 16 17 48 75 25 22 108 0.04 8 
84 183 436 87 15 33 33 24 16 16 26 46 29 18 11 28 54 34 11 11 28 52 20 13 14 27 39 27 14 11 31 53 33 16 15 34 52 31 16 13 23 45 31 15 14 26 61 29 14 13 23 55 22 13 13 38 56 27 13 15 25 46 23 13 116 0.06 12 
85 178 241 152 35 67 93 75 34 39 85 140 59 37 32 79 154 93 39 45 80 143 67 46 44 73 162 81 41 30 73 146 64 34 44 88 118 76 34 41 76 129 73 40 47 80 105 81 36 43 87 105 83 31 32 66 142 67 39 42 63 105 66 33 228 0.03 6 
86 68 315 186 27 66 98 53 35 30 75 86 59 36 23 65 84 65 33 31 59 91 60 25 34 65 98 61 27 32 73 108 65 31 29 51 98 77 29 24 66 85 68 26 29 63 132 70 31 32 51 86 61 33 27 70 124 60 25 35 60 117 64 33 248 0.03 6 
87 38 378 82 39 59 155 77 38 39 78 106 66 39 45 89 159 101 39 38 91 166 80 38 41 109 175 71 40 40 84 122 86 34 54 72 144 64 44 28 65 144 86 34 40 97 115 83 36 31 67 121 92 36 34 72 142 76 46 49 85 143 59 32 164 0.09 18 
88 452 41 192 29 60 103 55 36 25 68 115 52 28 32 54 109 57 34 32 63 105 71 27 33 73 126 76 37 31 51 115 53 31 31 75 96 54 36 29 52 118 52 35 32 70 110 57 37 25 59 90 69 28 30 59 117 67 35 27 66 118 77 34 256 0.04 8 
89 419 223 162 30 55 99 62 19 20 62 94 57 31 22 61 106 40 26 29 58 65 56 24 24 57 99 49 25 23 66 84 46 23 23 44 83 64 24 25 47 78 39 29 24 47 74 49 23 20 53 86 44 33 29 53 94 41 24 32 50 72 46 27 216 0.09 18 
90 155 84 252 37 88 143 82 45 36 76 151 108 33 52 85 168 86 30 37 68 127 79 36 41 83 161 88 42 42 72 133 94 49 41 86 114 92 36 46 94 156 94 33 48 100 160 71 35 37 71 155 65 40 38 76 122 104 39 36 89 170 76 40 336 0.06 12 
91 145 128 162 18 59 82 56 35 25 60 91 61 34 29 52 72 37 38 26 67 103 63 17 36 48 107 49 37 21 69 85 49 31 19 43 83 56 25 33 58 57 56 21 35 45 79 45 27 39 35 93 58 23 21 49 114 60 18 35 62 119 55 17 216 0.07 14 
92 408 44 104 25 88 124 54 26 16 41 85 58 28 26 45 112 44 21 31 55 76 38 22 26 57 88 67 22 28 37 88 32 18 31 38 101 62 39 31 60 80 64 29 29 62 70 65 31 21 57 50 36 30 26 58 74 40 16 17 51 94 49 32 156 0.03 6 
93 353 140 26 10 22 9 11 6 5 0 33 11 8 9 10 11 0 0 7 12 0 0 6 5 17 30 15 3 6 14 25 5 6 8 3 21 14 6 11 31 40 12 0 6 0 13 16 11 2 11 18 18 1 6 5 0 6 7 12 16 31 4 2 39 0.09 18 
94 313 405 28 11 8 10 18 5 4 25 46 14 11 14 31 5 6 12 7 7 16 11 3 5 16 22 19 6 4 26 0 20 6 6 7 7 0 10 3 42 22 9 10 4 6 42 13 9 3 22 26 13 8 8 18 10 17 17 8 18 1 22 12 42 0.03 6 
95 126 27 105 15 25 65 32 12 18 38 53 41 17 15 30 56 45 15 19 31 58 33 14 14 27 54 29 13 18 31 46 22 15 12 24 51 26 17 18 32 64 41 21 16 35 67 30 13 19 36 67 26 26 13 40 51 28 17 19 39 78 25 18 140 0.05 10 
96 196 38 108 19 36 58 37 26 12 40 76 41 13 23 35 52 28 20 21 28 68 38 17 22 38 79 56 18 16 60 38 40 25 18 20 54 31 24 25 44 58 47 20 24 44 53 34 21 20 45 66 31 16 30 46 75 39 18 21 50 31 40 17 144 0.06 12 
97 319 106 71 35 72 104 62 50 33 83 139 68 42 33 63 117 97 36 32 72 89 79 38 32 58 104 64 32 36 61 111 73 43 34 82 138 55 38 27 63 145 55 34 44 58 151 80 26 51 83 129 78 39 32 73 123 58 44 34 88 95 85 39 142 0.07 14 
98 47 309 44 13 27 31 21 11 11 31 38 20 10 11 26 33 26 10 9 19 48 22 9 10 23 44 28 9 10 20 44 24 10 10 22 35 14 13 9 13 42 21 9 12 20 35 19 12 9 22 45 20 10 8 23 37 16 9 11 24 43 17 12 66 0.04 8 
99 383 124 50 7 18 64 31 16 12 20 40 32 12 15 33 42 27 14 11 29 20 25 12 13 29 50 12 14 11 12 25 11 12 10 20 44 11 10 9 27 53 36 15 11 25 37 26 9 10 39 33 37 11 12 19 17 31 11 17 27 28 21 12 75 0.02 4 
100 380 433 16 6 18 30 7 8 0 17 26 15 7 7 19 22 20 2 9 13 39 9 11 6 17 36 18 9 8 15 28 17 5 5 16 26 23 12 3 9 45 8 4 5 26 13 15 9 7 28 33 23 8 8 8 40 14 18 5 19 4 25 4 32 0.06 12 
101 196 433 20 3 0 31 22 1 6 11 23 0 4 3 18 10 0 0 4 2 28 17 7 5 18 23 9 6 3 6 15 7 7 0 20 0 1 1 6 0 14 16 0 7 17 12 26 6 0 17 0 21 0 2 20 30 15 1 5 8 13 3 4 30 0.03 6 
102 43 455 54 13 26 53 30 12 13 31 56 22 16 14 26 41 29 13 16 24 42 23 13 16 26 30 24 13 11 22 50 30 12 12 22 43 34 13 14 24 36 24 14 15 24 45 28 13 13 20 54 27 15 11 29 47 31 9 13 26 52 24 13 81 0.07 14 
103 168 99 106 40 48 68 54 20 20 51 65 53 27 25 46 75 42 36 32 55 100 57 33 32 51 85 42 28 31 49 101 50 30 15 31 81 34 29 23 64 134 35 23 22 44 87 47 20 26 55 96 46 30 24 35 77 58 22 27 53 82 60 18 159 0.07 14 
104 340 196 180 35 60 87 53 26 30 52 92 64 28 29 53 93 59 32 34 74 94 56 25 25 65 88 59 35 32 51 99 63 35 27 57 88 66 31 34 69 119 63 32 24 61 115 66 28 26 54 100 54 34 28 66 102 49 30 28 57 84 57 25 240 0.05 10 
105 381 95 96 44 81 193 67 59 66 62 145 99 61 51 92 197 124 47 54 104 165 107 41 57 115 187 94 47 54 93 138 95 42 45 67 162 81 49 56 117 211 79 57 37 78 170 107 41 47 111 176 101 51 43 84 202 87 64 47 91 142 103 60 192 0.05 10 
106 215 329 150 27 50 65 55 20 31 59 81 48 33 22 38 84 66 19 32 48 112 63 24 28 73 108 73 14 31 38 80 59 29 20 48 102 62 20 21 62 76 49 23 18 47 104 63 25 27 41 101 61 24 27 47 112 66 18 22 37 78 52 23 200 0.07 14 
107 53 4 231 39 94 139 74 38 37 63 152 68 39 34 68 133 82 35 32 76 115 74 33 31 73 142 87 39 43 72 125 75 32 30 71 138 84 34 39 73 129 64 41 36 71 157 84 31 42 65 123 75 30 34 92 129 70 36 37 73 127 76 44 308 0.03 6 
108 450 470 264 48 103 159 74 45 44 80 157 87 42 47 91 158 97 37 36 100 137 69 52 42 96 143 102 47 47 94 171 77 41 47 75 137 86 35 34 77 146 110 35 43 98 168 103 38 37 95 178 95 40 37 101 133 102 51 36 80 174 78 39 352 0.06 12 
109 203 493 99 43 120 176 99 50 50 114 174 94 54 48 86 189 71 45 53 98 228 121 56 49 121 186 106 44 56 79 166 102 61 38 89 190 121 56 45 114 165 96 65 38 67 180 101 48 52 69 176 93 50 57 78 194 71 40 46 126 135 95 48 198 0.08 16 
110 2 133 111 15 34 59 37 17 16 33 76 46 17 20 27 49 37 14 19 43 65 30 16 19 44 53 33 15 17 37 50 34 16 23 39 57 42 15 16 41 52 30 17 20 49 63 39 20 23 38 58 26 20 15 40 70 42 14 15 36 47 36 21 148 0.04 8 
111 95 165 30 0 13 25 10 10 0 11 7 1 4 0 27 41 20 4 3 10 0 7 6 0 0 2 8 0 3 20 20 16 12 2 11 0 7 0 0 3 28 17 4 11 10 24 14 3 8 8 28 4 4 3 0 31 10 6 10 26 5 16 5 40 0.06 12 
112 439 116 136 32 63 110 56 38 28 64 120 59 31 26 67 94 57 37 37 54 123 69 27 29 77 132 63 36 32 64 125 68 32 36 67 105 70 33 38 78 105 70 39 37 69 130 53 37 38 76 123 74 39 35 76 105 58 33 33 76 125 59 38 204 0.04 8 
113 249 120 158 30 99 123 72 48 45 80 141 67 42 47 77 144 82 40 38 73 164 74 32 35 65 153 72 34 46 66 138 91 32 38 65 133 79 49 42 82 135 64 39 45 85 115 68 47 39 84 123 70 45 43 89 155 88 40 35 75 126 85 35 237 0.08 16 
114 180 345 70 30 63 128 66 42 34 72 134 67 42 42 82 112 69 41 36 81 113 69 30 38 66 127 62 28 33 59 143 67 32 29 64 146 63 36 33 54 80 77 44 37 64 157 75 31 35 74 91 69 28 26 62 104 61 46 25 91 110 62 33 140 0.08 16 
115 61 56 58 29 68 93 46 28 23 59 85 59 33 23 63 115 48 25 23 65 91 57 31 31 58 96 49 30 30 55 117 45 31 35 44 79 54 30 33 48 105 58 35 38 54 79 47 26 36 60 123 58 28 31 54 73 59 28 25 61 90 66 30 116 0.06 12 
116 143 388 78 14 22 28 19 10 11 28 44 27 7 13 27 39 23 16 20 32 22 22 17 10 25 42 19 11 15 21 62 20 10 10 33 32 23 18 9 42 40 28 14 9 33 20 27 8 7 20 61 16 11 8 21 42 14 9 10 22 50 27 13 104 0.07 14 
117 397 104 36 0 30 26 16 4 8 14 27 25 9 4 31 33 28 11 10 13 35 19 9 4 7 13 23 9 18 15 30 17 7 5 12 41 13 3 11 40 12 12 5 8 15 36 10 10 13 31 24 19 11 6 16 63 20 10 5 16 27 18 4 54 0.09 18 
118 46 108 99 15 31 43 34 16 12 28 48 42 19 16 38 54 27 12 21 30 55 29 17 17 34 37 31 14 19 28 56 37 15 13 34 59 39 17 16 37 53 23 18 14 32 50 29 22 18 32 67 31 14 16 36 56 35 13 13 36 57 33 15 132 0.03 6 
119 41 440 33 13 27 77 25 10 15 27 46 50 15 16 22 56 53 20 13 34 69 26 13 15 25 95 45 14 27 33 34 38 7 13 27 58 38 17 17 47 36 36 20 12 21 42 31 8 18 31 44 25 0 16 34 68 37 17 11 28 54 44 25 66 0.05 10 
120 34 312 291 53 93 138 95 49 43 118 212 97 36 37 86 179 112 44 50 89 159 103 49 55 93 177 92 49 54 96 186 81 48 45 95 177 85 56 61 98 163 80 48 61 112 168 101 54 53 108 129 86 57 40 98 103 100 42 40 94 141 91 43 388 0.09 18 
121 364 114 288 55 90 117 111 47 47 96 153 119 44 41 83 142 94 38 38 109 169 76 44 44 92 174 99 45 60 97 212 111 51 45 104 211 102 43 51 98 175 101 51 43 87 190 83 44 58 89 188 123 38 46 92 201 82 62 49 114 226 87 50 384 0.09 18 
122 99 373 147 18 51 82 44 26 24 41 75 50 32 26 52 100 64 23 26 39 105 52 19 21 50 62 59 26 18 43 105 49 21 22 46 95 49 22 22 48 92 49 22 18 62 81 38 21 25 48 80 70 23 31 53 91 57 27 24 62 81 58 27 196 0.07 14 
123 256 201 58 28 54 97 72 21 26 51 93 60 35 33 51 93 46 24 31 63 98 64 28 33 68 77 53 26 33 72 131 52 26 32 69 129 51 20 18 39 95 63 33 34 44 98 52 35 23 63 93 59 27 29 44 98 56 20 23 47 99 63 24 116 0.08 16 
124 435 409 21 7 13 34 35 10 10 23 35 13 17 14 20 29 15 5 8 8 32 22 7 4 26 51 28 13 9 38 53 17 8 8 22 28 23 14 9 28 50 12 15 9 15 29 12 13 10 20 31 22 6 12 11 25 20 4 8 20 37 21 13 42 0.05 10 
125 360 278 204 39 63 85 68 23 33 68 109 56 36 33 61 98 55 31 33 65 118 85 28 30 51 108 78 32 39 57 107 66 29 34 80 137 66 35 43 76 114 94 31 41 72 142 67 25 28 51 136 63 31 41 61 97 78 40 39 43 106 74 38 272 0.06 12 
