150 5 12256
0 121 157 23852 19196 19200 19203 19198 19195 0.01
1 479 230 297 46 96 192 90 46 50 114 195 102 51 42 83 199 94 40 58 109 144 89 44 54 120 199 116 43 58 99 175 93 49 41 107 184 104 40 50 113 184 82 58 56 107 136 114 46 48 100 154 88 49 49 93 141 105 50 396 0.06 12 
2 336 290 87 16 36 52 28 11 15 29 44 30 17 10 25 55 29 19 17 22 46 29 17 13 21 46 27 12 14 29 54 30 12 14 32 47 32 16 14 24 46 24 18 11 35 55 24 13 13 24 44 26 12 13 29 48 33 13 116 0.03 6 
3 376 456 178 44 72 129 92 44 44 93 154 81 41 45 87 124 84 41 34 96 146 95 41 48 74 128 103 51 41 72 175 91 36 46 107 146 107 44 43 78 160 87 43 49 71 123 100 40 43 80 135 76 42 45 78 181 83 47 267 0.04 8 
4 102 430 106 29 62 97 50 33 23 41 90 55 30 24 47 84 63 24 24 52 106 40 31 28 59 75 59 30 30 40 80 51 30 23 56 96 53 28 26 65 97 50 26 26 56 103 57 24 28 55 114 50 25 24 58 73 60 31 159 0.07 14 
5 100 276 64 33 53 128 65 29 32 52 102 73 33 33 55 104 63 31 33 56 91 67 32 34 68 91 55 31 32 59 128 65 36 37 75 108 56 31 30 68 121 68 35 27 65 89 55 28 30 76 125 78 33 23 53 121 75 32 128 0.04 8 
6 145 358 225 35 70 107 73 41 39 84 120 70 44 41 69 125 70 31 40 79 143 89 33 35 72 141 85 39 41 73 104 79 37 30 94 141 71 42 36 71 109 64 44 34 72 143 64 42 39 67 132 75 44 36 83 137 84 36 300 0.02 4 
7 362 331 90 15 29 52 27 17 16 34 49 27 14 12 28 46 26 13 15 26 71 37 16 13 38 55 31 18 17 30 49 25 17 11 27 43 30 17 16 36 42 26 13 15 33 52 24 17 16 33 41 31 15 14 35 49 30 11 120 0.02 4 
8 309 481 36 10 49 39 48 18 15 52 40 30 16 18 44 41 46 11 12 17 76 33 15 10 33 30 14 18 25 31 60 48 20 20 31 64 42 19 18 26 68 39 19 25 29 33 31 18 19 39 57 35 21 17 36 80 61 15 72 0.06 12 
9 193 203 28 15 36 47 26 15 14 26 55 29 12 13 30 35 24 10 11 23 50 28 14 14 27 40 32 17 15 36 56 36 13 12 28 39 24 15 14 27 55 26 14 15 25 43 21 11 14 27 52 25 12 15 33 39 32 13 56 0.09 18 
10 146 474 20 4 14 31 20 1 6 5 38 9 4 4 11 12 10 6 6 1 17 16 4 9 7 7 9 2 5 5 0 6 6 2 14 2 9 0 3 12 36 0 5 3 6 25 16 3 4 5 11 11 5 5 7 27 7 6 30 0.03 6 
11 363 37 78 32 68 137 77 30 50 82 172 90 38 40 71 122 76 35 45 70 131 67 41 30 101 140 76 35 40 72 128 96 44 39 62 131 67 41 45 64 114 92 35 35 76 178 70 26 41 59 123 77 35 31 70 146 67 37 156 0.03 6 
12 421 417 27 15 29 60 28 17 16 27 34 29 14 11 34 44 23 11 15 28 35 27 15 13 22 39 27 15 11 33 45 23 11 9 32 36 32 17 13 29 41 29 14 14 30 43 16 14 10 35 38 26 11 12 23 45 27 15 54 0.05 10 
13 274 105 180 27 63 138 65 19 23 62 103 55 29 33 52 124 55 36 37 81 118 67 31 33 57 102 54 28 26 72 110 59 24 32 41 97 56 32 34 43 104 43 35 36 51 111 62 33 32 67 79 71 33 32 60 89 41 36 240 0.02 4 
14 94 344 31 19 40 37 9 29 12 37 73 13 7 17 24 37 27 19 24 38 16 33 13 19 16 43 43 10 23 21 66 58 15 15 30 24 25 5 24 39 58 15 28 11 20 88 39 25 18 42 51 17 17 17 22 63 31 18 62 0.03 6 
15 261 413 67 29 76 107 74 35 37 67 112 68 33 31 60 96 60 31 39 52 102 57 33 35 68 146 81 31 34 77 116 74 29 33 57 119 78 33 38 64 113 64 36 32 75 93 63 39 33 64 99 78 29 32 67 106 62 34 134 0.07 14 
16 304 444 69 30 65 94 68 30 33 59 92 71 25 31 96 128 54 35 33 68 104 71 28 31 69 88 67 30 32 43 73 65 36 37 64 99 66 47 27 70 85 66 34 25 58 97 66 30 20 67 92 91 48 27 92 142 52 28 138 0.02 4 
17 254 338 147 20 55 91 49 18 22 40 84 39 20 24 53 86 42 18 24 61 81 35 35 28 52 79 46 23 27 59 89 47 28 30 46 80 40 29 28 47 64 43 28 22 34 80 44 29 20 52 85 49 24 19 43 91 40 22 196 0.07 14 
18 88 290 29 17 33 53 26 9 15 32 52 33 11 12 27 40 30 14 14 17 33 25 19 15 25 54 30 12 13 17 41 31 19 11 32 50 29 15 17 21 59 24 12 10 27 57 25 14 13 24 55 25 13 13 31 48 29 16 58 0.06 12 
19 277 410 174 24 42 83 50 29 30 43 92 52 23 28 57 121 56 39 31 63 65 79 28 39 69 129 52 35 30 51 96 52 30 28 56 84 54 20 23 35 132 69 20 29 61 97 26 30 35 42 76 45 29 35 85 111 88 21 232 0.05 10 
20 276 71 48 22 41 95 36 34 23 38 63 30 21 23 68 62 35 21 31 47 102 45 19 26 37 76 39 21 17 19 79 30 28 26 36 62 65 20 24 29 85 60 18 20 49 56 41 15 28 53 96 38 24 21 71 100 75 19 96 0.06 12 
21 286 297 72 22 32 40 51 23 18 39 63 34 8 18 41 48 42 12 15 42 17 43 14 21 21 81 19 14 28 26 64 46 18 9 43 62 35 15 30 47 68 32 19 16 30 30 33 18 8 36 91 43 8 14 54 67 34 14 108 0.07 14 
22 193 119 11 10 23 0 4 1 6 20 0 14 4 10 14 15 10 8 5 6 15 0 2 1 14 33 0 7 0 8 12 18 15 3 10 8 16 3 3 2 51 17 6 2 13 52 4 6 9 0 30 3 0 6 5 22 34 6 22 0.05 10 
23 489 372 57 30 62 106 52 28 25 66 89 60 25 29 48 92 56 28 32 72 141 57 22 26 58 94 48 32 29 48 105 57 38 24 59 71 31 32 32 41 92 54 25 23 73 94 76 22 27 51 86 67 31 26 48 83 64 30 114 0.07 14 
24 43 365 249 46 99 136 91 46 50 104 118 77 47 48 82 137 69 38 49 84 127 74 37 37 75 120 75 44 36 61 150 72 38 32 80 140 83 32 41 84 159 64 45 41 82 118 73 48 40 81 151 92 33 33 95 162 83 35 332 0.07 14 
25 113 498 30 17 38 43 32 18 14 31 52 23 12 13 26 60 27 12 17 29 44 25 17 19 30 49 24 15 19 37 59 30 12 12 34 52 34 13 14 25 41 40 13 14 28 53 29 21 18 31 52 24 16 12 32 46 27 16 60 0.07 14 
26 137 164 96 56 98 189 119 38 44 100 150 76 56 49 116 208 90 52 38 91 151 117 56 47 89 172 84 51 55 82 178 99 47 45 81 154 102 46 45 111 145 84 42 54 81 193 100 49 52 87 173 76 44 54 97 194 91 44 192 0.07 14 
27 240 33 76 23 35 64 34 16 15 33 64 38 18 12 38 74 30 16 17 43 56 27 20 23 50 57 44 29 19 47 54 28 22 20 36 44 38 16 16 34 76 31 17 22 29 69 42 17 15 36 67 43 19 23 44 62 33 20 114 0.04 8 
28 124 140 39 22 30 68 29 21 30 39 69 25 30 14 32 57 57 19 9 39 73 39 16 14 31 53 41 22 25 30 78 33 17 7 38 62 36 16 21 42 76 16 17 22 30 57 51 11 24 21 65 37 13 11 42 66 46 25 78 0.02 4 
29 169 414 150 23 56 90 46 27 29 46 71 47 30 22 52 93 38 29 21 47 90 57 24 26 47 83 44 27 22 59 90 52 23 24 47 78 49 22 21 50 82 48 21 21 53 77 51 20 22 58 92 53 21 24 46 90 41 20 200 0.09 18 
30 414 388 84 24 42 57 53 16 14 43 75 48 19 21 40 79 43 16 26 33 69 40 17 21 35 63 51 19 16 39 75 47 21 20 43 65 44 20 17 52 58 45 21 21 42 78 28 21 20 32 67 40 22 19 37 67 37 16 126 0.09 18 
31 402 30 42 10 21 33 29 7 9 12 33 35 10 10 16 37 20 15 10 21 33 18 10 11 12 38 26 8 17 23 27 26 12 15 30 36 19 14 8 14 41 18 17 13 27 44 21 8 6 15 38 18 8 15 23 24 21 13 63 0.02 4 
32 183 250 76 20 34 60 45 22 26 36 57 45 20 20 41 52 45 14 14 32 61 40 17 16 35 81 45 22 17 37 66 44 19 20 28 58 39 18 24 38 57 33 16 18 42 59 44 15 17 31 58 36 16 20 40 59 34 18 114 0.07 14 
33 471 241 29 11 15 49 39 16 21 36 56 24 9 19 46 35 51 13 13 29 41 18 8 4 34 42 48 13 16 31 63 27 13 11 26 74 15 13 16 38 90 44 15 18 26 13 19 8 12 15 58 36 25 9 31 38 46 22 58 0.05 10 
34 64 402 138 40 72 131 83 34 37 82 93 66 34 33 66 108 68 29 37 70 103 74 35 32 72 130 81 36 38 55 132 54 28 30 85 103 76 34 30 64 95 63 36 36 67 105 63 31 37 57 99 54 36 41 78 115 66 40 207 0.02 4 
35 488 367 84 53 110 191 88 51 37 86 141 84 35 42 74 105 85 55 45 90 127 80 50 46 78 136 70 37 46 81 166 103 46 40 88 120 86 40 44 69 178 76 46 40 105 145 81 37 47 79 161 79 41 39 85 134 68 46 168 0.05 10 
36 449 200 72 14 28 27 29 16 9 21 43 20 13 11 19 40 21 15 15 22 51 23 11 10 24 41 30 11 13 19 48 14 7 12 29 38 14 10 11 27 39 20 14 10 26 29 27 11 16 22 45 29 12 11 21 31 21 11 96 0.02 4 
37 124 429 89 46 73 165 63 47 56 86 126 82 42 34 72 140 94 40 33 81 133 82 48 49 95 154 78 37 43 85 135 94 37 38 88 157 114 39 53 95 152 86 35 40 93 157 74 62 38 79 134 89 52 45 80 140 107 48 178 0.04 8 
38 287 413 34 2 28 20 17 5 1 11 40 18 7 1 16 25 14 4 8 25 29 13 8 10 18 24 4 0 0 2 29 4 5 0 10 40 6 15 12 18 57 28 7 14 14 0 17 7 5 12 33 5 3 13 16 13 37 11 51 0.07 14 
39 112 283 76 15 32 66 32 18 22 42 62 41 16 17 45 61 42 20 18 43 81 43 24 18 36 76 38 16 18 29 62 39 21 17 47 65 36 20 18 35 64 32 16 14 32 53 42 20 17 34 61 36 18 14 35 64 38 17 114 0.03 6 
40 138 227 200 42 123 158 94 62 45 89 136 105 51 46 114 178 114 48 55 99 214 88 35 50 103 153 103 42 40 94 173 99 50 56 114 161 87 50 48 110 161 98 40 58 135 143 121 52 51 98 154 84 69 54 84 204 88 46 300 0.02 4 
41 94 117 183 39 57 71 52 37 28 62 97 63 34 33 62 120 46 29 36 57 93 46 38 26 60 125 62 26 38 58 97 53 27 33 47 99 42 39 24 70 143 46 31 25 59 86 73 26 36 81 104 42 29 40 54 81 56 33 244 0.06 12 
42 475 30 70 38 57 125 70 39 36 62 125 72 31 36 68 142 63 35 30 78 145 61 38 37 78 120 66 28 35 57 120 71 39 32 67 113 63 29 33 73 122 58 39 39 74 132 67 33 39 68 114 58 38 31 68 97 60 36 140 0.09 18 
43 192 382 240 41 80 153 68 35 46 93 107 95 41 37 73 120 79 46 42 75 108 92 34 42 73 112 68 47 40 95 126 62 35 41 74 111 81 38 36 90 113 83 46 35 79 114 73 41 40 94 128 61 34 34 74 121 76 45 320 0.08 16 
44 361 467 178 45 79 149 83 48 47 110 180 94 59 56 68 146 85 44 33 64 107 86 50 49 105 122 91 35 36 100 157 76 37 46 85 153 111 42 43 88 140 79 53 52 98 125 95 49 37 65 122 89 53 35 89 194 87 37 267 0.07 14 
45 24 4 84 21 48 81 35 25 21 30 58 39 17 22 62 74 37 20 17 40 65 29 25 24 34 69 33 20 16 44 61 44 18 20 51 39 32 28 15 45 67 33 23 13 33 72 50 19 16 51 64 38 25 19 41 60 27 20 126 0.06 12 
46 392 194 54 25 43 94 53 26 25 68 88 43 37 21 41 101 53 29 24 55 98 47 32 31 64 96 54 28 23 57 105 62 32 35 42 97 35 30 27 58 85 45 26 26 52 92 52 21 19 52 110 53 26 25 80 115 62 27 108 0.04 8 
47 73 109 219 38 59 146 70 35 28 54 161 69 34 32 65 111 78 44 36 91 136 70 38 37 77 135 70 44 41 87 124 59 41 41 68 161 64 38 32 60 120 85 40 47 81 150 71 34 35 62 137 66 31 38 50 124 81 39 292 0.06 12 
48 113 110 60 30 53 109 70 33 24 67 110 65 28 20 54 103 53 33 34 63 103 47 33 28 69 109 68 29 34 66 94 63 25 30 53 96 47 25 33 66 80 52 29 29 68 100 65 30 23 62 121 53 28 33 67 96 68 31 120 0.08 16 
49 382 469 297 52 80 192 105 52 48 105 177 110 42 53 87 127 122 44 44 89 198 86 57 40 98 183 76 42 45 99 196 96 42 39 72 180 101 56 62 119 154 97 49 43 94 153 91 58 41 101 149 88 42 40 81 197 85 51 396 0.07 14 
50 332 459 39 8 0 32 16 6 8 7 0 14 2 4 9 18 0 8 8 11 17 5 9 6 3 20 19 4 11 14 21 15 8 6 26 6 17 11 12 13 0 4 2 11 26 24 5 9 4 17 30 5 7 16 18 33 7 9 52 0.03 6 
51 42 399 30 9 23 12 17 5 5 11 22 17 4 11 10 8 8 8 5 25 8 11 9 7 15 11 15 11 8 24 30 15 8 5 9 25 20 6 3 19 33 15 13 9 22 23 15 7 3 10 7 20 4 7 16 48 16 5 45 0.03 6 
52 40 400 160 32 81 124 79 48 35 82 138 87 37 41 92 145 71 41 34 68 150 92 42 36 98 140 74 41 38 71 121 86 44 33 82 140 87 32 43 74 118 69 33 35 85 155 92 50 33 81 182 66 50 38 87 130 78 40 240 0.09 18 
53 348 64 92 54 99 125 114 36 35 102 172 99 41 51 110 146 96 53 36 91 146 79 38 46 104 134 92 60 50 95 154 102 57 49 82 134 92 41 49 74 133 113 53 45 95 144 91 53 46 75 149 72 49 48 103 175 100 54 184 0.03 6 
54 360 227 68 16 36 61 25 25 14 29 59 31 24 15 33 70 24 22 14 43 101 29 14 16 35 65 38 15 20 32 66 32 19 13 44 49 34 8 21 33 69 33 10 14 25 94 31 23 22 28 61 42 12 16 48 85 31 15 102 0.06 12 
55 500 182 44 17 36 59 38 16 20 37 82 32 23 20 46 94 29 18 17 56 76 46 18 33 52 75 36 25 20 33 81 29 18 23 39 61 47 19 15 41 70 43 27 24 38 49 42 21 24 41 65 62 12 14 45 53 26 27 88 0.04 8 
56 317 383 60 11 24 53 31 13 16 27 50 25 16 18 33 53 33 14 13 31 51 39 12 18 27 54 29 14 14 31 49 36 13 17 32 47 32 16 13 31 52 26 16 12 26 59 32 11 18 29 44 24 13 16 30 40 29 15 90 0.07 14 
57 408 496 86 47 95 129 100 41 51 92 162 103 49 42 85 115 102 47 37 98 163 78 54 42 91 152 76 38 42 97 149 95 39 51 70 134 83 41 42 87 145 87 35 35 98 127 70 40 33 100 166 84 37 37 73 186 86 42 172 0.03 6 
58 257 345 16 5 22 25 14 1 12 20 29 7 0 9 4 3 14 10 8 13 25 17 7 0 15 20 21 8 5 14 44 12 5 6 13 31 14 4 7 15 43 4 2 10 20 34 13 1 6 13 26 5 9 1 14 38 17 10 32 0.09 18 
59 393 365 198 31 67 100 91 28 34 99 106 80 23 26 69 99 67 30 26 56 149 67 30 32 49 91 57 30 32 74 100 60 28 38 67 111 49 41 37 74 130 65 32 30 51 157 75 37 39 69 111 57 31 27 71 109 87 29 264 0.04 8 
60 52 350 88 51 99 184 112 47 45 90 121 108 43 46 72 169 103 39 43 95 185 83 34 55 88 139 78 41 52 94 153 75 44 47 66 162 100 39 39 75 161 105 36 48 58 153 92 36 43 100 148 100 34 39 103 122 74 38 176 0.02 4 
61 141 330 237 39 67 115 87 29 33 66 134 85 42 34 70 114 85 38 49 66 123 93 52 36 91 122 68 44 43 83 149 80 30 40 71 132 80 43 42 61 119 84 31 34 108 103 101 41 36 55 137 93 30 48 93 136 67 42 316 0.03 6 
62 415 101 79 33 79 155 66 44 41 71 139 91 44 45 82 117 95 44 41 73 108 78 43 45 61 108 94 39 38 66 161 76 29 40 83 131 67 42 33 95 164 75 41 47 73 133 71 38 36 67 160 104 42 45 64 106 77 35 158 0.03 6 
63 462 120 81 10 25 36 21 21 13 30 31 27 14 16 23 53 21 12 14 24 31 18 8 13 29 45 21 15 12 21 44 28 8 10 21 44 21 11 9 26 59 31 11 17 29 59 32 10 12 25 51 21 16 18 31 50 23 9 108 0.07 14 
64 90 402 32 14 29 65 32 12 15 23 63 33 17 18 39 47 25 16 15 33 49 37 16 14 37 55 33 16 14 28 55 35 13 21 30 60 24 17 16 32 61 31 14 18 28 45 29 13 16 30 47 27 16 14 34 58 34 17 64 0.03 6 
65 216 49 76 36 66 103 78 33 39 84 113 88 41 32 79 114 91 32 29 82 121 81 44 33 66 134 93 38 36 66 123 95 41 35 61 122 81 44 37 68 129 81 38 33 66 136 63 38 45 69 133 87 31 44 69 141 87 30 152 0.03 6 
66 388 371 24 6 24 15 7 7 1 26 0 10 3 5 11 10 18 6 6 2 12 24 8 4 3 35 1 5 5 7 19 0 8 8 25 20 14 3 0 0 23 11 5 2 22 32 8 2 9 1 24 10 7 13 23 26 8 3 36 0.02 4 
67 110 416 76 16 38 86 47 19 15 37 52 47 19 17 28 69 30 24 16 41 63 20 24 14 43 67 34 16 11 34 78 54 19 21 51 56 55 16 18 48 59 38 23 22 55 58 40 16 19 42 60 49 17 20 40 75 44 15 114 0.08 16 
68 132 436 62 16 35 57 17 9 11 26 39 26 12 12 35 66 32 15 12 16 50 30 13 16 23 66 18 21 15 27 31 28 12 10 29 39 31 13 23 31 31 17 17 14 22 54 21 14 20 22 72 26 15 14 38 75 43 13 93 0.09 18 
69 133 121 192 45 90 146 111 44 51 93 166 91 50 54 79 160 85 57 42 97 137 110 41 44 79 164 91 51 42 79 163 105 58 56 93 180 86 54 49 100 186 111 51 46 96 178 96 47 49 105 165 106 39 47 88 176 111 36 288 0.05 10 
70 246 233 141 18 49 85 54 29 21 57 82 51 22 25 54 77 41 21 24 43 67 47 20 20 52 97 58 23 28 54 71 43 20 23 55 70 55 27 25 39 72 55 20 19 41 87 56 22 23 52 74 50 20 20 38 84 55 17 188 0.02 4 
71 88 199 49 22 52 81 47 24 27 45 90 51 23 27 42 91 52 20 17 53 102 41 19 27 49 73 46 23 21 39 84 53 28 23 55 95 41 21 22 57 99 52 21 27 54 88 50 29 29 50 75 53 24 27 46 89 42 22 98 0.07 14 
72 201 192 45 10 23 22 20 4 12 6 67 13 12 2 32 30 4 11 10 4 44 12 1 3 13 12 19 10 6 5 12 15 0 7 21 18 0 9 8 13 24 19 10 8 21 14 1 9 14 0 23 4 7 9 16 23 8 2 60 0.06 12 
73 280 167 114 36 57 103 56 33 26 51 82 56 31 27 70 81 63 25 22 41 115 53 27 21 60 87 45 21 26 61 92 64 30 22 53 96 53 30 32 48 93 66 26 32 54 95 56 34 31 49 74 47 25 26 46 93 52 25 171 0.03 6 
74 296 187 204 35 82 123 61 31 51 67 92 70 42 45 84 89 63 25 38 67 114 81 44 38 73 107 67 30 36 55 91 64 31 27 67 112 65 30 31 68 132 71 39 42 68 74 69 41 33 67 106 56 26 31 45 80 85 45 272 0.03 6 
75 301 247 164 32 98 138 85 43 44 92 126 90 39 33 95 133 92 46 45 73 152 74 45 39 82 118 67 40 42 72 158 80 35 34 89 127 66 42 33 86 120 73 44 57 59 140 97 37 48 91 142 76 45 39 92 113 80 50 246 0.02 4 
76 416 309 130 33 44 85 68 33 26 66 75 73 32 32 61 109 79 43 35 77 103 61 33 38 65 93 69 40 36 59 143 55 29 24 64 111 68 40 23 55 105 70 24 35 48 152 46 28 24 61 93 54 31 22 80 129 74 36 195 0.03 6 
77 338 253 180 31 61 94 59 33 25 64 89 55 34 26 53 104 64 22 31 58 116 66 31 30 44 96 79 33 30 58 109 50 33 24 68 100 68 30 29 63 110 52 30 27 66 97 66 31 32 60 89 56 29 32 56 85 46 30 240 0.03 6 
78 161 253 20 8 5 37 23 7 9 14 45 18 14 12 5 52 10 11 17 16 46 15 9 11 28 17 24 15 7 23 52 18 7 10 25 36 18 9 6 37 20 24 10 13 13 34 20 11 7 16 52 23 11 10 26 25 20 11 40 0.07 14 
79 44 357 66 13 35 55 49 15 11 32 55 39 11 17 43 52 31 16 17 33 46 34 12 17 31 62 33 17 16 26 41 33 15 16 33 59 29 18 15 31 70 31 16 22 39 62 27 17 15 30 59 33 16 15 36 60 23 15 99 0.09 18 
80 459 131 58 34 49 107 66 30 26 61 120 67 31 33 56 109 47 20 44 53 89 57 34 24 69 115 40 30 34 52 107 54 31 22 60 90 63 23 29 60 89 50 34 24 64 89 52 29 30 50 80 64 31 30 61 102 49 23 116 0.05 10 
81 84 210 56 13 22 50 41 11 11 28 48 17 9 19 28 48 31 19 11 22 53 20 14 8 34 57 20 14 12 29 48 31 17 16 23 42 32 11 6 38 64 27 13 20 39 49 30 8 15 29 69 30 9 13 26 41 29 12 84 0.07 14 
82 168 324 14 12 8 32 10 10 3 0 6 3 8 3 8 36 19 11 6 21 0 16 4 6 4 34 9 8 1 32 40 15 0 9 26 30 21 8 3 20 14 0 3 4 15 24 5 10 0 12 9 14 9 9 28 36 16 12 28 0.04 8 
83 7 48 96 27 56 66 48 21 20 50 82 41 17 24 38 68 42 23 27 49 71 48 23 23 48 95 48 23 22 38 77 41 24 24 45 67 57 27 26 48 89 39 23 22 50 64 54 20 25 54 73 47 28 27 41 89 46 20 144 0.07 14 
84 128 411 60 7 19 32 29 6 9 15 31 18 9 12 22 41 26 11 9 22 35 17 13 6 16 37 23 9 10 17 41 18 9 12 14 35 26 11 8 24 35 23 9 11 22 33 21 10 10 16 25 15 11 9 19 31 21 13 80 0.08 16 
85 231 152 134 28 79 147 66 36 27 80 126 49 34 32 81 141 67 32 37 82 98 48 40 34 58 104 65 43 39 75 108 63 30 34 51 117 74 39 39 76 108 77 23 32 53 112 69 37 31 58 125 65 32 29 91 137 69 42 201 0.08 16 
86 355 205 59 23 56 109 61 28 31 67 85 65 28 32 59 107 67 32 34 55 98 60 25 29 67 95 65 37 27 57 110 56 34 31 61 86 52 30 32 51 88 65 28 35 58 99 63 25 31 51 91 62 23 30 55 94 48 26 118 0.02 4 
87 41 105 46 23 49 82 32 21 19 35 99 46 20 22 50 62 34 25 25 45 78 41 25 19 44 101 49 18 20 49 77 29 28 24 48 53 53 22 24 56 101 28 21 20 41 73 57 21 16 49 73 45 24 17 67 74 40 24 92 0.03 6 
88 469 445 37 18 41 43 34 21 19 33 60 48 19 21 44 65 26 20 22 48 53 41 28 14 33 78 37 17 16 34 40 37 16 12 21 45 45 20 14 25 74 25 16 24 59 62 23 20 8 32 71 38 11 19 56 59 20 18 74 0.06 12 
89 329 223 83 46 100 124 80 48 51 97 139 73 36 41 94 118 90 42 39 83 126 91 38 45 104 150 62 32 46 67 125 71 39 34 69 137 95 35 52 61 116 74 44 38 88 132 79 33 48 77 161 84 45 45 90 165 85 32 166 0.03 6 
90 76 345 162 53 94 175 89 43 43 89 162 63 35 43 102 143 105 47 42 73 140 72 50 38 84 159 89 31 41 79 131 93 45 34 66 118 75 44 40 69 132 76 39 43 56 117 99 41 34 70 118 89 34 54 82 134 73 38 243 0.08 16 
91 51 273 152 35 68 123 87 33 36 64 111 80 32 34 60 135 75 42 32 70 137 81 39 42 87 130 84 30 47 69 146 67 44 38 80 114 70 41 37 85 102 81 35 33 75 135 78 46 34 96 127 64 32 32 61 136 84 36 228 0.02 4 
92 255 422 180 29 63 89 63 30 33 67 118 66 28 30 54 93 59 34 29 69 99 53 27 34 56 90 67 32 27 56 122 63 25 27 50 115 65 24 32 48 90 50 33 26 57 88 64 28 32 59 107 60 24 28 60 101 60 35 240 0.04 8 
93 220 392 146 35 72 116 64 38 42 70 140 82 29 43 59 141 74 27 28 87 160 63 50 32 61 116 73 40 37 72 125 51 39 32 89 97 63 48 35 87 94 64 38 43 75 121 68 43 29 74 98 73 40 50 75 157 66 43 219 0.08 16 
94 8 348 78 11 23 26 22 12 9 32 51 24 13 13 26 46 31 13 12 28 45 20 10 14 23 39 29 14 10 19 40 35 15 14 22 37 24 11 14 34 55 28 9 14 24 35 31 12 14 20 42 23 9 12 24 49 30 13 104 0.07 14 
95 248 28 28 4 17 13 12 8 4 5 19 5 14 4 14 3 21 12 4 18 5 5 7 3 0 3 12 6 12 27 33 21 0 5 0 34 16 8 5 16 44 17 8 6 0 27 0 3 12 24 11 14 5 8 9 22 8 9 42 0.04 8 
96 278 426 91 39 84 135 74 51 45 87 125 78 43 42 100 126 77 45 56 92 134 77 51 39 77 147 73 48 35 70 184 115 52 54 86 148 84 43 50 76 158 118 47 40 96 150 75 51 52 91 125 73 44 45 97 125 81 55 182 0.07 14 
97 296 233 237 31 78 138 73 27 39 89 133 58 30 40 70 144 94 30 34 82 116 94 45 45 83 129 52 38 36 52 147 60 48 36 83 114 65 29 46 79 167 85 29 34 74 129 96 32 29 106 165 61 49 36 78 138 70 46 316 0.08 16 
98 464 203 291 50 103 165 102 47 40 116 174 88 59 50 77 173 113 49 47 118 132 84 53 55 92 170 77 50 46 93 155 101 47 48 102 165 97 45 58 114 196 81 58 43 90 175 76 41 52 103 158 115 56 54 79 147 78 39 388 0.02 4 
99 377 252 68 15 36 46 35 22 20 43 72 21 17 11 28 69 39 17 10 37 69 24 16 20 41 65 38 11 20 34 57 12 11 15 34 76 31 15 19 25 59 42 18 14 36 69 44 18 11 41 73 32 16 16 32 78 43 14 102 0.08 16 
100 364 278 90 19 46 91 36 30 20 54 78 40 18 25 38 91 45 27 26 35 74 52 30 21 39 77 44 16 21 53 66 49 28 20 31 70 50 21 21 35 70 34 21 22 45 77 50 14 20 32 77 56 21 17 59 113 39 22 135 0.08 16 
101 222 409 111 20 27 39 46 19 9 40 67 32 8 18 44 51 34 20 17 42 79 35 12 26 44 69 26 18 20 37 51 41 16 18 32 57 40 18 9 31 70 38 20 17 45 64 31 20 16 41 34 45 17 18 20 26 42 13 148 0.03 6 
102 26 338 75 31 73 111 77 34 40 84 113 100 29 40 43 156 79 43 41 82 113 76 32 40 87 111 102 37 35 60 151 91 41 43 61 148 63 38 39 68 102 99 31 48 79 105 100 35 35 58 121 63 37 43 67 149 64 34 150 0.07 14 
103 276 280 252 39 98 149 71 39 39 93 144 75 35 40 97 125 98 40 42 97 163 63 43 47 91 180 79 29 37 91 159 87 35 36 66 159 53 45 37 93 118 66 38 50 88 124 104 32 36 96 142 76 44 31 89 109 80 30 336 0.05 10 
104 62 77 36 9 18 19 34 10 6 33 17 20 8 14 18 37 22 8 9 11 41 17 6 5 23 32 23 5 6 13 28 25 11 11 25 37 0 6 3 21 19 9 4 0 23 42 16 6 12 19 51 10 6 11 21 30 15 5 54 0.04 8 
105 310 117 57 30 68 84 44 32 29 50 86 64 24 26 61 99 47 27 22 51 92 60 30 25 49 95 58 32 30 63 80 49 26 25 59 118 53 29 30 69 82 46 27 33 56 115 49 29 27 55 105 45 28 33 61 84 53 34 114 0.08 16 
106 109 267 94 16 48 64 55 22 23 49 65 45 24 35 59 62 51 18 32 35 83 48 28 19 53 63 44 21 22 61 87 35 23 23 28 79 48 21 28 58 79 42 25 28 43 61 29 26 23 29 86 45 23 21 39 74 44 24 141 0.04 8 
107 234 176 87 12 25 31 26 17 11 26 57 22 17 9 33 55 29 14 24 26 33 27 12 23 26 65 26 5 16 62 43 32 21 20 10 60 7 16 10 21 39 34 12 11 20 36 37 13 11 33 33 24 19 20 37 59 29 8 116 0.09 18 
108 418 131 60 10 24 29 46 16 22 22 26 43 16 8 13 55 0 8 15 21 41 12 3 9 24 67 16 6 10 27 24 29 6 14 17 32 25 15 12 9 58 17 22 6 4 44 2 15 9 33 8 8 2 8 27 8 20 9 80 0.09 18 
109 395 374 99 54 81 149 110 52 32 98 155 122 57 48 135 147 81 42 43 88 170 116 56 53 97 131 92 47 57 86 173 116 40 52 112 197 85 47 37 97 162 113 40 56 125 166 94 69 46 103 185 116 43 55 75 223 123 49 198 0.05 10 
110 474 257 100 26 62 95 54 25 17 48 84 62 27 15 56 78 53 25 25 57 86 64 25 16 62 103 64 16 23 40 64 63 30 18 37 72 43 23 28 44 72 58 41 25 52 88 38 28 20 55 67 45 31 21 47 111 49 23 150 0.07 14 
111 67 449 150 18 52 85 49 20 21 59 88 46 30 25 47 79 53 30 25 60 96 45 26 30 44 71 51 26 26 57 86 56 29 19 47 76 64 18 28 48 85 64 27 25 53 72 46 26 21 44 93 44 29 26 53 72 48 29 200 0.09 18 
112 412 53 154 30 73 85 71 49 35 62 135 80 48 48 50 117 84 38 45 44 161 68 33 35 63 168 89 43 41 78 131 72 46 32 66 115 56 46 45 97 73 94 40 43 73 103 71 21 47 86 163 66 29 33 66 107 68 39 231 0.07 14 
113 261 406 95 59 88 178 74 46 46 94 177 88 52 45 76 175 110 54 51 109 149 84 56 52 107 162 77 38 47 77 191 79 44 46 96 129 108 44 49 115 173 106 53 47 85 131 88 59 57 130 195 113 41 36 116 144 117 53 190 0.04 8 
114 76 121 104 27 46 54 43 23 21 49 76 56 20 33 71 122 61 20 32 58 77 50 22 27 60 68 54 29 22 52 102 76 22 29 37 96 46 17 23 39 91 85 41 27 71 71 56 30 17 57 76 59 20 35 48 72 66 27 156 0.07 14 
115 39 34 96 19 54 96 40 29 18 55 70 50 23 21 60 75 60 24 20 32 66 44 19 25 38 74 55 25 31 66 75 39 14 30 60 63 41 17 33 50 85 59 23 18 63 92 41 27 16 46 90 37 31 27 66 88 49 21 144 0.06 12 
116 169 47 102 16 25 58 29 13 14 34 54 21 18 19 31 60 33 16 19 34 57 30 17 16 23 45 38 18 19 37 57 27 12 15 33 50 26 14 18 36 51 28 18 18 30 59 27 14 19 42 59 45 18 17 26 61 29 14 136 0.03 6 
117 457 272 165 24 54 87 52 24 23 63 92 62 23 25 55 95 52 28 23 49 88 49 27 25 50 89 52 25 28 56 108 59 27 29 57 83 49 31 28 45 93 57 29 28 50 81 47 23 28 58 103 49 25 27 60 91 62 24 220 0.06 12 
118 163 141 30 16 30 50 27 8 15 30 54 26 13 18 30 34 28 13 14 32 47 34 17 18 24 45 34 14 22 22 34 33 12 13 24 59 30 16 13 26 54 39 15 15 33 39 42 14 19 21 49 26 14 12 30 38 28 15 60 0.04 8 
119 73 34 164 43 94 145 80 44 51 73 118 82 41 33 57 124 71 34 36 67 103 96 33 43 73 148 78 40 40 67 179 92 44 38 71 110 88 44 44 81 156 69 33 49 93 148 82 34 44 86 148 68 48 38 83 124 81 44 246 0.08 16 
120 348 262 136 41 62 141 73 39 29 73 161 81 34 33 55 125 63 43 22 72 101 60 31 36 77 86 66 36 29 68 126 78 41 44 63 94 55 32 28 92 79 69 33 31 63 104 68 27 28 43 109 58 28 29 83 139 79 33 204 0.02 4 
121 107 414 83 47 85 161 84 31 40 68 119 64 41 38 97 134 103 42 53 89 133 60 33 43 79 107 66 51 45 93 142 93 38 40 83 166 68 36 42 110 122 92 41 52 91 147 97 29 39 98 122 74 29 38 94 129 60 42 166 0.05 10 
122 457 215 44 20 37 103 39 24 19 43 53 50 17 22 44 81 62 24 23 29 55 43 17 22 41 64 33 23 19 38 76 44 14 19 39 67 40 21 28 33 73 29 22 22 41 60 52 25 23 50 58 35 25 23 53 70 33 26 88 0.06 12 
123 344 430 100 24 43 70 47 12 27 45 99 44 24 24 40 111 60 31 17 56 88 33 29 19 48 92 62 20 27 43 91 51 27 22 37 109 50 17 23 47 112 41 20 27 46 121 52 20 23 76 82 71 23 15 32 50 36 30 150 0.09 18 
124 240 53 46 20 29 42 22 7 12 29 40 18 11 10 23 45 23 10 17 23 24 19 8 8 10 56 13 8 12 23 48 24 11 18 28 16 29 7 5 27 18 24 11 15 22 51 24 19 7 34 33 38 9 13 20 18 20 12 69 0.04 8 
125 79 271 207 49 61 152 64 26 23 75 89 54 45 39 71 109 76 33 37 74 141 92 36 31 83 102 55 27 21 104 111 65 38 33 80 113 65 31 33 89 158 80 38 35 62 103 96 33 38 60 174 85 40 37 68 125 54 32 276 0.05 10 
126 189 17 120 27 68 106 53 28 32 66 99 49 27 26 52 106 47 35 32 69 113 59 25 31 62 131 60 26 28 57 105 58 25 33 61 87 50 23 29 67 88 61 33 25 57 94 50 27 30 52 112 56 30 34 60 107 75 24 180 0.08 16 
127 396 9 285 52 71 174 78 48 57 99 158 90 47 53 111 144 92 56 55 72 141 101 44 42 84 129 127 44 53 116 205 105 40 56 95 155 87 42 51 99 167 88 41 36 99 154 76 51 52 79 152 70 38 47 94 164 99 50 380 0.06 12 
128 126 371 66 30 64 124 69 32 35 79 96 67 31 28 53 118 68 30 34 70 87 53 28 29 77 116 64 36 30 72 110 77 41 35 78 107 57 34 27 60 128 65 26 35 73 107 56 28 29 53 113 60 41 40 67 128 69 36 132 0.03 6 
129 171 366 132 23 67 120 60 31 35 56 139 63 26 31 54 131 45 31 32 53 134 63 29 25 64 115 76 36 29 69 141 66 38 22 55 134 74 39 31 54 106 60 35 31 72 93 79 40 29 79 96 66 30 28 75 117 65 35 198 0.08 16 
130 220 382 123 17 37 72 38 17 17 34 65 32 21 19 48 80 42 15 16 42 57 40 21 19 36 71 36 22 18 43 77 49 22 22 40 66 46 23 18 38 64 35 17 24 41 84 34 23 21 33 79 46 20 22 44 76 35 20 164 0.06 12 
131 322 350 108 27 55 83 65 22 29 58 99 58 21 24 44 81 48 29 28 63 93 48 28 20 48 72 52 27 29 59 87 53 24 29 62 109 55 29 29 49 97 54 22 23 52 109 66 28 32 61 90 46 32 30 54 106 56 29 162 0.05 10 
132 402 234 51 9 21 20 16 7 8 16 30 15 5 8 19 36 21 5 8 15 28 14 9 10 17 33 15 7 10 15 24 22 7 12 15 24 19 7 9 18 32 21 6 8 13 30 20 9 6 22 33 17 7 10 14 30 19 10 68 0.06 12 
133 218 51 54 14 29 34 29 15 12 24 50 23 10 13 14 52 29 15 12 33 29 29 12 19 27 52 23 13 8 34 58 17 14 9 17 46 26 7 13 27 40 13 15 6 25 60 33 11 13 21 48 24 18 13 34 45 22 12 81 0.09 18 
134 9 90 45 19 64 107 46 31 19 42 62 66 24 13 55 78 30 18 17 33 55 51 19 16 45 96 40 29 27 48 98 63 30 20 47 70 43 22 20 47 88 60 16 16 54 80 50 21 19 58 66 38 36 15 45 89 38 15 90 0.08 16 
135 100 247 172 46 73 141 79 45 49 75 151 80 37 51 85 148 89 41 47 96 145 74 50 47 106 148 80 47 43 100 158 106 39 53 77 134 92 41 41 102 149 77 44 51 88 138 73 48 38 88 178 100 51 36 97 178 81 41 258 0.03 6 
136 406 219 60 19 31 45 25 14 14 30 49 33 14 14 27 54 27 19 11 34 43 30 14 8 29 44 21 16 18 23 44 30 12 21 25 51 37 14 11 33 50 28 12 13 26 54 40 10 13 33 35 30 11 13 30 48 29 12 90 0.09 18 
137 89 375 267 48 94 118 84 46 59 66 118 81 31 39 114 199 88 52 48 85 174 105 42 48 70 189 105 51 52 123 132 94 40 31 84 142 63 55 39 86 134 99 53 41 94 147 111 51 56 92 118 73 44 40 75 178 88 48 356 0.04 8 
138 314 148 171 30 64 81 60 33 22 67 88 67 21 30 48 120 53 30 33 60 92 56 24 29 35 67 59 34 33 54 89 75 23 20 53 76 56 31 26 67 86 37 35 20 37 116 54 23 14 55 113 66 26 39 52 77 52 29 228 0.08 16 
139 51 372 195 25 77 89 54 33 35 57 124 70 26 30 72 105 71 38 37 45 99 68 34 31 64 103 58 27 31 51 105 70 32 33 64 135 53 25 26 54 80 63 32 44 52 86 95 26 29 77 116 45 40 28 68 128 79 34 260 0.05 10 
140 308 173 74 45 65 126 61 33 43 84 115 79 35 44 72 86 108 38 36 63 97 90 37 29 68 140 71 32 23 88 140 73 37 42 91 163 55 29 34 72 168 91 26 48 59 100 80 36 33 63 123 92 33 45 66 127 77 39 148 0.08 16 
141 146 50 102 23 52 88 59 16 24 69 64 40 27 19 58 61 53 27 25 61 91 32 21 24 54 92 54 29 19 48 83 57 31 27 42 74 45 25 24 35 89 39 19 26 37 76 84 21 25 41 70 51 24 35 47 72 51 20 153 0.04 8 
142 85 182 55 30 54 106 48 33 28 57 90 45 29 32 54 113 56 25 25 54 110 47 25 30 43 87 52 28 29 46 75 59 31 30 44 113 43 25 26 53 69 52 26 25 58 96 58 31 26 46 106 57 31 23 59 105 65 31 110 0.09 18 
143 36 257 36 4 2 21 0 7 2 0 10 7 9 3 10 23 2 6 8 20 37 25 7 9 0 0 11 6 9 22 28 2 4 7 1 21 18 6 0 20 17 29 16 12 25 62 29 7 6 4 34 8 10 7 12 35 17 3 48 0.03 6 
144 184 472 43 26 44 55 37 25 27 36 61 41 15 21 37 59 40 22 25 53 80 48 21 18 41 80 33 20 22 45 66 37 18 18 38 66 43 26 17 50 63 33 17 17 48 68 41 24 21 41 81 41 20 22 33 70 42 21 86 0.09 18 
145 183 120 65 36 50 82 71 40 31 80 96 85 41 26 72 75 54 43 40 44 133 79 24 23 58 115 53 34 36 55 94 60 31 38 42 86 65 27 25 70 131 51 33 29 52 89 54 33 34 57 112 60 24 33 71 69 71 30 130 0.04 8 
146 244 38 99 44 86 137 92 58 46 108 168 82 49 51 95 164 79 47 45 93 198 89 40 44 99 155 100 39 45 99 142 102 56 42 112 153 114 46 60 107 183 96 51 45 99 178 119 52 56 88 165 88 46 45 89 198 100 44 198 0.09 18 
147 154 85 71 42 91 121 78 39 42 88 129 62 35 46 72 98 74 30 35 76 117 72 34 44 91 137 74 47 37 68 107 83 31 33 56 142 61 36 37 77 133 71 43 29 60 92 61 39 30 76 116 66 31 31 77 115 59 39 142 0.08 16 
148 82 327 171 26 53 84 45 24 27 46 77 64 23 32 64 105 54 29 30 48 102 46 27 28 48 110 44 20 27 58 89 59 29 27 47 116 58 32 27 65 104 56 29 32 67 88 66 30 25 60 94 62 33 27 55 85 51 25 228 0.07 14 
149 375 218 176 43 104 163 88 48 47 71 131 75 44 37 81 162 78 49 43 95 167 79 47 41 76 168 93 39 40 89 179 105 48 53 83 158 95 48 40 100 119 96 38 44 89 160 77 47 42 89 146 92 46 53 101 157 93 44 264 0.09 18 
150 106 454 204 33 74 122 75 36 31 52 113 57 37 44 80 102 72 33 40 75 145 69 33 26 67 142 76 34 33 77 113 57 36 29 57 124 55 38 41 65 121 82 41 37 72 136 51 31 35 82 128 67 42 32 73 90 70 34 272 0.08 16 
