150 5 12817
0 492 404 25800 19787 19793 19809 19808 19799 0.01
1 107 397 80 50 77 135 82 36 48 85 149 66 39 34 86 144 82 44 38 70 157 68 45 33 82 106 84 39 33 75 147 93 36 49 84 135 79 35 35 62 114 77 46 41 72 122 94 35 46 92 113 72 42 42 86 145 83 35 160 0.03 6 
2 483 185 94 48 133 162 77 45 39 100 142 94 49 36 78 162 100 43 51 110 203 134 49 48 89 155 82 56 41 98 179 98 47 44 84 173 62 51 48 86 150 79 54 47 81 166 77 51 46 118 164 92 55 48 95 131 86 42 188 0.02 4 
3 35 61 44 14 22 44 13 12 10 11 34 12 10 11 47 48 28 11 13 11 46 9 6 7 30 54 21 7 21 18 25 22 6 10 7 56 31 11 18 24 11 7 12 14 17 25 19 18 5 26 27 57 4 5 0 23 23 15 66 0.09 18 
4 71 30 164 36 84 167 74 35 34 74 169 78 34 36 72 117 76 46 38 101 140 64 45 42 99 128 83 38 51 85 153 74 43 44 89 137 94 39 41 97 125 73 39 40 96 122 78 47 35 90 117 72 46 35 82 146 75 48 246 0.08 16 
5 157 253 36 20 29 67 28 16 19 40 70 28 14 16 28 53 30 15 16 36 63 37 21 14 47 60 42 16 17 38 60 40 18 19 31 49 32 18 19 35 66 45 17 18 43 52 38 19 22 40 72 32 20 17 31 57 27 19 72 0.03 6 
6 108 52 32 17 36 63 27 16 13 47 47 35 19 18 40 38 36 16 18 29 61 23 20 14 22 48 24 13 17 29 70 32 13 19 33 57 42 17 14 25 50 35 22 20 36 51 25 15 18 24 52 37 16 17 23 43 35 15 64 0.07 14 
7 131 374 176 40 97 152 99 49 53 94 127 104 50 45 101 143 79 41 45 76 145 104 50 52 87 141 70 42 50 71 167 92 38 37 69 159 87 45 52 79 163 75 38 46 92 157 102 48 35 105 175 70 40 38 72 162 78 49 264 0.03 6 
8 96 498 22 7 12 19 14 5 4 9 21 8 5 5 12 19 8 4 4 13 15 12 3 6 10 22 12 5 6 6 20 9 6 6 9 17 8 6 4 11 18 12 4 6 8 14 12 6 8 11 20 10 6 6 5 17 13 4 33 0.07 14 
9 46 432 48 17 27 45 13 15 12 17 48 40 15 6 13 16 32 11 9 23 44 9 8 20 3 34 32 9 22 15 35 39 13 16 19 44 15 14 15 5 28 35 6 4 33 16 38 8 6 29 26 38 16 9 44 45 28 6 72 0.05 10 
10 303 203 106 25 40 91 48 29 24 36 83 52 27 35 50 94 39 31 22 54 83 46 22 32 47 75 60 33 22 53 90 53 25 25 61 71 56 19 24 50 87 46 32 24 40 98 51 23 26 57 78 54 24 21 63 73 65 25 159 0.09 18 
11 353 227 89 41 100 171 116 50 42 94 167 95 43 45 111 134 84 42 41 86 141 101 43 40 101 141 97 40 42 72 148 67 52 45 82 129 81 51 41 90 154 94 41 51 86 142 87 48 44 73 137 66 44 37 79 186 88 46 178 0.03 6 
12 333 256 85 42 82 111 67 37 43 82 145 84 46 34 68 173 93 38 38 75 98 71 41 40 70 153 106 36 34 81 183 129 34 58 64 172 89 42 40 83 169 119 32 42 95 154 87 51 46 83 167 74 36 44 84 153 106 30 170 0.07 14 
13 0 181 174 47 82 154 89 45 52 97 151 79 35 38 90 154 86 53 41 73 195 93 42 47 70 137 86 35 37 82 171 80 48 42 85 153 97 46 40 93 121 89 44 47 69 149 85 34 43 72 153 103 47 44 80 188 98 49 261 0.09 18 
14 493 89 59 31 67 88 53 29 30 50 100 63 26 28 52 98 53 24 29 59 115 63 35 26 54 112 53 27 30 73 88 53 25 31 56 86 51 29 26 50 109 48 29 25 67 114 49 26 31 48 107 53 23 35 67 101 71 24 118 0.07 14 
15 131 372 94 53 119 209 88 45 41 92 182 99 36 49 81 188 102 47 48 78 172 75 49 42 96 179 120 45 36 94 181 81 64 40 84 175 93 48 57 90 159 88 53 42 94 167 104 34 41 90 148 118 54 41 67 135 86 36 188 0.07 14 
16 443 426 165 26 47 97 49 23 31 61 105 51 26 28 57 81 50 26 27 63 87 58 21 34 60 95 59 29 24 62 108 56 24 23 60 81 51 23 26 65 100 45 23 29 64 94 64 23 29 64 79 48 27 24 58 92 57 24 220 0.04 8 
17 8 25 75 15 25 38 19 12 13 25 32 11 15 17 28 13 26 13 22 19 38 21 16 18 25 44 32 14 9 23 55 31 11 14 26 56 25 11 21 10 52 18 10 10 13 36 28 11 14 21 63 36 15 11 34 17 14 11 100 0.03 6 
18 374 332 66 17 36 58 40 20 20 25 46 34 18 13 37 59 35 21 11 27 52 35 23 16 36 59 38 17 19 28 61 50 13 17 33 45 30 16 17 26 57 33 13 16 21 54 32 17 21 30 51 31 17 16 31 46 14 17 99 0.04 8 
19 418 229 190 53 108 181 87 47 46 82 142 113 44 51 110 163 91 65 44 87 187 83 37 42 95 173 80 52 42 84 151 106 47 43 85 130 104 34 44 99 162 105 61 36 87 158 75 54 47 99 144 86 54 44 105 153 95 46 285 0.04 8 
20 108 93 231 45 83 154 64 34 48 70 138 76 46 31 87 114 81 38 37 74 123 75 35 30 82 144 90 43 37 90 122 64 45 33 79 134 69 37 44 68 132 71 45 43 92 130 75 31 31 80 135 87 38 42 68 118 88 30 308 0.02 4 
21 263 218 279 51 87 176 88 50 50 89 127 94 46 49 95 181 91 51 46 103 176 80 58 50 106 143 105 35 43 73 178 104 46 42 82 170 82 45 54 84 146 73 50 45 109 151 105 44 47 82 170 88 43 55 79 142 80 47 372 0.08 16 
22 385 154 12 5 8 22 0 10 9 15 24 0 0 8 11 17 18 3 5 0 10 21 12 0 17 16 0 4 0 6 38 22 4 6 3 16 18 6 6 0 19 9 7 6 9 20 5 6 3 15 25 13 8 0 3 21 9 10 24 0.07 14 
23 74 435 69 10 30 35 39 11 13 17 57 20 11 9 7 61 16 10 12 22 42 28 14 10 20 41 16 6 9 15 46 35 6 12 15 36 32 11 13 26 52 21 14 11 16 31 19 13 6 28 25 14 18 13 14 37 21 6 92 0.08 16 
24 212 472 27 14 32 42 34 15 18 14 25 32 9 16 20 31 35 11 13 23 56 33 11 8 26 62 26 17 11 21 46 26 12 10 37 42 30 12 11 18 45 24 10 17 27 49 27 16 13 24 44 21 11 13 32 35 23 11 54 0.08 16 
25 374 52 194 44 111 163 79 57 56 109 156 95 39 53 81 157 106 46 57 107 149 95 50 38 103 149 102 50 49 102 175 100 45 37 116 186 95 55 43 93 168 100 50 58 85 157 98 46 51 97 186 92 48 41 99 178 117 43 291 0.08 16 
26 40 138 70 36 82 143 57 42 34 72 128 77 32 38 68 142 99 28 41 68 107 90 40 34 65 136 70 41 49 71 99 61 45 42 56 102 62 44 40 77 133 65 39 29 68 111 56 43 44 44 126 64 28 41 92 109 45 38 140 0.06 12 
27 303 67 270 39 81 131 100 49 41 100 165 90 38 42 100 126 93 38 41 80 144 92 43 40 110 125 82 35 57 81 151 82 52 40 125 113 102 58 46 109 178 86 41 43 95 181 104 49 46 110 172 74 37 49 85 188 90 50 360 0.03 6 
28 161 305 105 12 24 76 33 26 18 46 64 33 10 13 18 72 45 10 16 30 66 32 21 13 43 63 22 22 27 39 10 19 14 16 39 43 24 19 17 18 55 33 13 14 62 66 43 14 23 25 47 39 20 18 39 77 38 17 140 0.03 6 
29 350 476 52 32 53 96 48 25 30 53 95 50 23 20 54 77 45 24 32 59 87 52 26 23 54 78 46 26 25 45 94 50 26 27 46 91 46 22 30 58 92 42 27 23 43 87 57 24 30 52 63 61 24 28 48 78 46 24 104 0.02 4 
30 400 404 189 30 56 136 65 37 31 65 111 54 31 27 64 118 58 28 38 61 123 56 26 27 73 113 60 30 38 62 136 68 29 27 73 124 70 37 38 74 119 69 31 23 76 125 56 33 36 66 96 54 35 39 75 112 54 33 252 0.08 16 
31 393 462 93 15 39 64 44 17 18 31 57 35 17 14 31 37 38 20 15 27 55 30 16 15 19 38 35 12 17 35 55 33 14 16 40 44 24 11 15 36 30 34 14 18 32 58 25 13 17 19 70 28 14 17 28 45 30 20 124 0.03 6 
32 131 97 261 48 119 167 84 41 44 86 129 106 44 51 94 162 73 38 41 69 120 83 36 40 86 136 80 42 42 71 158 73 30 39 93 111 85 55 48 78 141 79 51 52 90 137 86 42 35 85 157 83 37 44 94 136 78 50 348 0.04 8 
33 369 440 64 15 16 37 46 11 13 40 42 19 2 10 40 81 32 10 25 15 41 47 18 15 41 24 33 15 17 27 68 18 14 14 22 74 27 16 13 25 60 30 12 13 38 59 21 12 17 41 64 27 23 12 29 36 23 19 96 0.02 4 
34 415 276 75 9 25 39 26 14 12 29 55 31 10 13 32 54 24 13 14 26 48 22 11 11 24 47 29 10 9 25 53 25 13 8 33 36 27 11 16 22 39 32 14 11 32 37 20 12 13 27 39 29 15 10 21 42 26 11 100 0.05 10 
35 159 164 243 39 63 144 62 45 40 75 135 87 46 40 90 100 81 50 36 96 116 68 30 39 64 130 75 42 31 79 137 60 37 36 80 134 60 40 50 68 122 65 41 31 73 116 86 42 30 81 118 74 45 35 78 128 69 42 324 0.03 6 
36 348 148 255 46 91 143 100 42 45 78 125 80 34 44 108 124 114 43 43 101 138 104 45 33 88 123 80 52 49 75 150 115 37 46 84 164 68 36 46 71 168 61 34 40 97 123 77 55 41 77 142 73 42 42 79 120 64 41 340 0.07 14 
37 344 128 219 38 77 133 85 30 35 65 154 91 37 35 81 121 89 37 30 83 140 68 32 36 84 142 76 40 29 56 142 77 28 26 63 120 80 34 29 67 89 92 33 39 70 83 73 41 49 57 114 91 32 29 59 139 67 36 292 0.06 12 
38 90 82 118 37 62 86 66 22 24 64 116 49 27 34 65 119 53 28 34 49 109 53 26 24 65 111 60 29 26 62 87 50 25 30 62 95 73 32 32 61 106 54 32 29 65 101 65 25 26 65 100 47 29 28 54 84 64 27 177 0.02 4 
39 243 365 159 25 49 117 60 32 36 55 86 54 28 34 49 87 59 21 21 67 86 50 22 21 49 77 56 22 24 65 94 53 22 27 50 82 42 22 21 60 81 43 27 24 69 90 49 36 25 54 83 57 27 30 66 87 35 22 212 0.06 12 
40 175 404 78 42 74 150 77 43 52 57 127 88 34 34 80 159 61 37 37 76 126 75 31 41 69 151 69 40 42 78 146 84 47 35 62 138 89 47 26 69 171 82 31 52 104 138 89 23 42 94 114 94 41 35 74 138 84 30 156 0.03 6 
41 147 384 180 47 105 156 87 46 49 85 123 91 43 41 87 170 117 44 39 91 156 107 38 40 132 149 86 47 58 106 150 86 48 45 90 174 90 52 48 72 184 110 57 37 98 120 100 54 40 79 162 96 62 39 60 137 106 42 270 0.04 8 
42 393 423 48 14 20 36 14 10 12 23 29 17 9 12 29 40 21 13 14 14 49 31 14 12 20 29 21 6 12 31 41 28 13 8 31 47 24 11 10 34 38 18 9 14 13 44 23 10 3 25 49 27 10 13 30 42 21 11 72 0.07 14 
43 253 203 17 10 22 26 12 4 5 24 37 11 3 9 19 35 20 6 9 11 50 10 11 4 8 25 10 9 17 10 26 19 8 13 24 27 17 12 13 19 30 21 7 8 10 26 14 11 10 23 43 11 8 12 12 55 6 5 34 0.04 8 
44 401 133 36 13 14 46 8 6 0 20 49 12 7 16 10 12 19 4 4 8 20 14 7 13 22 70 31 13 5 6 51 29 9 10 11 35 11 11 13 14 12 41 11 10 4 34 16 6 4 6 29 22 11 18 12 37 23 9 54 0.08 16 
45 175 81 62 13 33 62 36 13 15 26 54 33 14 18 26 53 33 18 17 29 55 33 15 16 34 46 29 16 13 37 57 29 15 14 31 50 30 14 14 39 47 37 16 13 28 49 26 14 17 35 51 25 12 19 32 51 38 13 93 0.07 14 
46 127 274 11 9 15 14 23 3 5 13 0 10 9 9 10 17 8 4 0 5 28 13 5 9 6 4 22 11 1 0 11 16 3 2 16 41 14 5 4 4 9 24 5 4 15 6 10 0 4 19 3 8 0 4 14 7 6 5 22 0.06 12 
47 62 338 32 14 38 48 46 13 11 29 59 27 17 16 38 48 24 13 17 37 33 34 13 14 30 51 36 18 15 36 55 35 20 19 24 53 31 21 16 34 70 33 13 11 21 55 22 14 15 31 56 29 16 11 36 58 25 8 64 0.02 4 
48 469 356 189 26 64 112 59 24 33 61 95 51 35 26 61 86 67 29 27 72 104 75 39 28 57 108 53 29 36 53 107 53 38 37 69 108 55 34 37 54 92 68 32 24 66 116 73 35 32 63 119 58 37 28 72 107 68 29 252 0.09 18 
49 304 188 114 27 47 87 46 29 29 36 99 46 25 29 77 75 71 24 35 63 131 43 29 34 56 113 46 29 30 75 115 56 17 40 66 89 50 34 36 39 115 54 26 28 55 106 62 27 24 42 110 64 24 37 76 121 45 33 171 0.05 10 
50 462 301 82 40 64 118 87 39 43 85 129 73 35 34 68 160 85 41 34 68 164 75 37 44 78 148 71 48 41 83 115 74 33 38 84 144 68 40 35 72 146 76 39 45 73 145 78 45 31 97 174 96 36 33 91 123 95 44 164 0.06 12 
51 149 335 122 39 70 97 57 34 33 65 107 71 25 35 72 117 70 27 36 47 90 67 23 37 61 113 61 31 36 71 111 55 30 24 61 86 57 25 28 75 113 48 25 22 56 111 56 30 31 73 88 66 30 30 60 96 79 27 183 0.04 8 
52 494 355 216 27 71 136 53 42 28 79 113 59 26 30 57 137 76 35 31 66 133 57 34 44 52 144 65 34 32 81 95 76 44 39 86 131 69 41 36 73 144 61 42 34 61 127 75 34 34 63 140 79 32 39 82 91 83 31 288 0.04 8 
53 162 264 58 19 27 50 26 14 15 22 41 41 14 17 33 40 24 11 17 35 58 25 13 14 35 52 20 11 15 21 31 29 12 18 32 48 23 18 14 30 65 28 17 12 31 39 25 11 9 34 39 33 12 14 23 35 34 10 87 0.03 6 
54 209 105 95 54 96 128 116 54 38 113 153 97 40 50 89 190 101 39 42 79 162 120 42 53 103 174 71 42 51 111 133 115 49 40 88 178 107 49 47 116 154 73 39 44 84 138 76 46 55 98 151 109 57 54 97 174 109 43 190 0.05 10 
55 109 444 177 39 55 104 75 30 36 63 92 56 28 23 81 137 52 35 36 58 86 59 28 24 52 97 41 27 25 71 107 76 28 21 43 90 55 34 28 49 112 52 30 23 40 91 59 26 28 48 102 76 24 23 77 128 55 25 236 0.03 6 
56 436 485 234 41 92 138 75 40 32 85 133 65 31 35 83 159 81 33 33 81 135 67 39 31 74 115 82 35 30 64 133 84 48 45 80 112 89 41 47 80 143 87 47 43 69 119 82 40 38 92 118 71 37 33 72 112 84 35 312 0.03 6 
57 329 176 96 20 13 59 27 17 16 22 15 26 19 5 38 86 36 13 16 26 41 29 15 7 33 50 12 14 18 53 66 23 1 18 23 45 26 22 15 7 50 47 22 21 24 39 27 11 17 52 43 51 21 19 42 77 34 19 128 0.06 12 
58 58 18 29 14 24 43 36 13 18 24 56 24 12 13 26 45 23 12 17 26 57 33 15 14 31 51 24 15 13 24 47 34 14 12 30 45 25 13 12 32 51 32 12 13 26 54 37 16 12 27 44 27 15 15 27 50 27 12 58 0.07 14 
59 287 235 30 12 17 5 16 3 15 12 26 2 7 0 14 0 5 7 10 13 13 23 16 11 5 22 6 5 7 11 27 2 0 0 8 6 19 14 3 12 12 3 2 0 31 0 1 9 0 4 48 20 2 0 15 0 27 9 40 0.05 10 
60 347 393 44 4 20 17 39 18 16 20 21 23 12 7 15 27 28 13 6 5 40 21 11 8 39 3 17 4 13 35 20 13 15 7 8 38 24 9 8 8 51 13 14 4 20 32 16 10 14 38 35 25 12 12 17 36 55 11 66 0.05 10 
61 487 347 144 28 39 103 44 28 24 46 71 34 23 21 47 89 47 20 20 60 76 46 26 23 51 91 54 19 29 56 85 43 25 27 51 98 36 22 22 55 86 47 17 22 55 75 58 28 29 51 81 48 20 23 35 72 33 20 192 0.03 6 
62 409 405 91 49 98 135 74 51 45 82 156 99 54 39 92 151 108 42 45 74 159 95 38 54 85 151 108 40 39 109 158 103 39 40 106 147 97 41 52 86 166 72 40 39 104 168 87 47 49 99 147 82 46 42 86 178 82 51 182 0.07 14 
63 464 226 156 42 74 131 64 35 40 100 145 84 31 45 76 109 66 45 41 76 95 92 42 35 91 95 70 35 40 68 172 64 39 29 91 168 83 37 38 70 95 61 36 40 85 155 81 37 39 85 124 57 41 38 88 118 54 54 234 0.04 8 
64 300 178 213 38 85 123 61 35 39 74 102 84 31 28 55 107 55 27 31 84 130 82 34 37 79 113 59 29 30 61 131 80 27 43 85 111 78 39 42 70 133 68 33 27 75 120 79 29 39 78 119 70 39 29 82 145 72 28 284 0.02 4 
65 165 238 136 31 70 131 66 33 40 90 110 58 36 33 54 98 68 33 29 62 99 59 48 32 56 104 56 31 35 83 77 53 27 30 90 143 77 36 41 66 92 67 38 34 91 122 69 29 27 64 97 65 27 31 64 106 69 35 204 0.06 12 
66 56 414 219 37 68 134 68 36 40 76 129 83 35 40 58 118 94 37 38 55 132 65 32 32 86 131 63 38 41 88 107 73 31 38 75 103 89 33 41 73 101 94 35 44 77 127 71 34 37 89 146 74 41 27 71 146 70 32 292 0.03 6 
67 157 422 88 46 67 137 99 40 50 77 143 83 49 38 93 149 76 40 44 96 171 85 38 40 75 130 96 39 53 101 156 94 49 52 89 170 102 51 51 89 125 75 43 47 83 170 101 36 37 101 131 77 37 43 95 130 85 43 176 0.07 14 
68 317 96 35 20 32 61 27 14 17 42 48 44 18 15 33 40 41 15 15 35 52 30 25 15 31 43 29 17 17 44 59 34 18 20 31 71 27 18 24 34 61 25 20 19 38 50 38 16 15 33 70 27 15 20 28 46 44 21 70 0.05 10 
69 189 396 84 23 33 68 38 26 24 37 58 36 16 23 38 70 48 17 23 33 76 37 21 26 38 65 46 23 15 43 63 34 19 24 44 76 37 19 20 41 73 40 22 26 37 68 37 20 25 44 76 40 19 20 39 73 33 18 126 0.08 16 
70 378 124 128 34 59 93 53 35 35 51 92 50 29 28 81 111 79 30 24 62 124 56 32 30 66 133 58 29 40 80 110 68 40 28 64 91 70 18 37 80 129 51 34 27 48 106 92 35 27 56 107 53 31 37 43 75 48 39 192 0.05 10 
71 189 118 261 37 84 159 94 47 44 108 135 102 37 43 86 146 77 46 44 94 135 94 41 45 111 120 100 49 48 98 148 75 43 34 103 142 99 49 40 82 123 91 47 44 101 150 71 48 33 96 135 85 45 39 79 134 69 43 348 0.03 6 
72 439 249 108 20 29 56 30 20 26 29 28 37 23 15 37 57 55 39 18 34 49 27 11 20 47 52 31 9 25 40 70 40 9 14 42 74 38 21 26 34 48 26 18 11 19 73 42 18 17 31 48 39 18 13 38 40 28 11 144 0.06 12 
73 11 475 69 18 27 52 27 3 6 14 36 45 18 9 0 26 36 8 12 24 60 40 6 17 24 26 16 9 8 31 20 36 15 12 27 75 27 9 7 7 23 29 10 2 22 35 32 12 15 27 42 45 17 19 23 41 25 13 92 0.02 4 
74 404 44 83 47 78 142 76 33 48 65 131 70 46 30 83 124 81 46 43 69 158 79 49 42 82 163 96 49 48 90 145 94 32 40 70 162 103 42 44 79 128 91 43 47 81 113 83 38 48 90 154 64 34 38 72 164 66 46 166 0.06 12 
75 373 362 97 47 80 173 91 47 43 134 163 111 40 44 92 163 113 34 62 117 133 76 54 45 118 154 101 53 38 82 176 86 51 42 85 130 105 47 50 92 144 98 56 53 89 146 93 35 44 104 164 99 39 52 127 163 84 52 194 0.02 4 
76 275 293 24 8 0 19 0 3 2 19 1 12 5 0 7 11 15 7 1 25 3 14 11 0 19 3 13 5 0 17 24 13 8 4 16 14 10 4 2 3 10 30 10 8 15 15 16 7 7 13 18 1 0 2 6 0 18 6 36 0.09 18 
77 81 244 102 25 52 69 59 21 18 45 97 43 27 21 50 70 49 32 30 43 101 40 26 24 59 84 43 22 28 44 91 50 24 23 51 86 56 25 22 54 87 54 28 22 56 97 64 26 27 62 79 59 25 23 51 94 39 23 153 0.07 14 
78 284 252 73 30 80 142 83 41 35 82 119 67 32 30 61 137 81 32 42 79 127 73 43 34 61 122 75 39 29 82 114 80 40 37 65 114 85 31 29 60 130 85 32 35 67 117 60 43 33 61 133 60 29 31 74 145 69 37 146 0.07 14 
79 16 84 73 28 61 117 85 31 37 69 124 58 31 37 75 117 80 31 39 67 104 73 41 35 62 121 63 34 29 80 114 81 36 42 70 118 73 30 38 56 133 85 37 24 69 124 60 32 38 82 143 81 30 43 65 109 75 37 146 0.09 18 
80 389 119 38 9 24 26 23 7 10 14 27 16 11 10 18 28 18 10 7 15 41 14 8 9 21 29 17 7 10 23 34 23 8 10 21 26 16 7 12 15 39 15 7 10 19 33 16 10 11 17 32 16 9 6 22 30 13 11 57 0.07 14 
81 478 41 70 38 73 110 80 42 35 58 115 57 33 31 61 118 85 39 37 61 139 64 33 35 74 109 66 36 22 75 98 88 45 30 76 109 88 31 37 81 102 62 37 34 61 112 52 27 29 79 121 86 29 27 61 145 52 28 140 0.02 4 
82 494 178 210 33 81 124 63 37 28 63 122 67 35 29 81 134 80 28 35 78 114 48 21 26 61 109 65 38 42 81 102 74 37 40 72 130 78 28 28 76 116 65 41 24 64 113 55 28 36 63 128 73 49 35 65 147 62 35 280 0.04 8 
83 448 227 126 21 51 85 50 42 37 54 83 74 28 38 55 136 46 26 37 73 95 75 29 34 49 119 61 32 21 75 128 64 29 34 45 102 68 25 27 67 129 68 27 33 68 90 78 31 38 62 123 75 29 27 61 152 61 40 189 0.02 4 
84 472 300 273 42 107 139 106 52 46 97 162 97 55 39 79 152 69 37 46 103 169 105 53 49 98 169 84 36 47 90 153 104 48 35 90 164 103 38 53 72 162 90 50 43 91 125 83 43 39 79 153 94 47 35 79 141 113 44 364 0.06 12 
85 371 271 54 29 58 88 52 17 31 66 91 61 23 26 60 88 58 28 23 40 88 47 19 23 48 80 73 24 23 42 85 41 28 28 49 99 48 24 23 43 110 44 27 34 55 65 44 30 26 44 90 59 20 32 58 85 49 15 108 0.05 10 
86 420 439 100 44 109 169 80 47 36 84 184 79 43 63 102 158 83 48 38 83 156 115 44 53 88 158 122 41 36 94 165 85 41 57 101 185 117 69 39 84 177 84 63 61 74 151 92 44 45 110 164 93 37 44 99 161 123 38 200 0.08 16 
87 434 342 96 19 34 59 34 15 15 36 66 25 20 20 28 70 28 17 17 20 45 32 14 12 36 55 31 9 16 40 41 27 11 12 23 63 36 14 17 31 43 33 18 13 37 75 33 7 11 45 53 30 12 10 31 47 34 21 128 0.04 8 
88 222 212 174 24 67 88 52 39 34 54 109 70 27 25 47 105 52 23 30 49 117 56 23 31 48 90 50 29 24 70 113 64 31 22 60 90 66 31 29 69 103 70 29 27 66 91 49 28 22 45 96 53 37 32 54 93 46 28 232 0.04 8 
89 435 128 122 36 59 77 65 23 26 63 129 27 34 28 68 139 54 31 39 54 104 50 30 29 62 86 58 22 26 68 82 54 26 38 58 108 67 30 27 75 89 57 23 35 35 113 72 29 26 55 108 57 35 37 62 107 49 28 183 0.03 6 
90 47 326 168 41 98 148 95 42 31 79 142 82 42 52 80 132 92 34 34 92 181 87 41 37 100 201 92 42 44 99 167 71 38 35 85 131 75 39 36 97 158 86 36 48 86 144 85 41 35 106 135 82 44 57 80 118 73 38 252 0.02 4 
91 243 184 81 32 94 132 84 35 37 71 120 73 44 38 76 179 75 36 43 76 154 78 37 48 94 143 70 37 33 52 116 94 37 32 73 137 85 43 41 66 117 77 31 25 71 125 100 35 44 67 185 63 46 25 87 154 84 53 162 0.03 6 
92 410 80 12 6 17 30 10 8 4 18 31 14 6 5 23 31 14 4 8 23 34 15 5 6 8 0 7 8 5 2 31 15 2 2 14 17 15 8 9 13 17 18 8 8 9 23 17 3 7 3 31 9 4 4 5 9 16 10 24 0.02 4 
93 392 164 186 25 68 92 77 38 30 54 92 63 34 29 56 112 59 35 32 54 102 62 35 29 53 114 69 30 33 66 93 63 33 37 53 96 73 26 32 66 110 60 23 33 71 109 46 35 25 57 103 51 27 32 62 98 52 39 248 0.02 4 
94 478 445 153 28 45 93 49 24 29 44 77 57 25 19 47 89 51 24 30 55 76 41 30 29 59 83 53 22 27 45 91 47 24 29 56 76 48 20 26 55 86 45 22 19 43 75 48 25 20 51 72 44 26 25 58 72 49 26 204 0.04 8 
95 225 211 261 40 105 168 83 50 44 80 132 76 48 45 75 165 91 40 37 89 164 99 35 35 79 133 75 37 46 93 139 95 39 48 98 129 102 38 47 84 146 79 46 39 71 132 91 45 34 95 145 102 54 34 102 126 77 52 348 0.03 6 
96 182 124 105 19 46 61 38 16 23 30 72 40 21 19 36 60 37 17 16 37 54 26 20 18 29 50 39 15 18 26 50 32 11 17 33 43 27 19 19 32 67 34 13 20 27 57 26 18 17 36 70 39 20 15 35 51 34 18 140 0.09 18 
97 466 173 89 46 89 143 96 42 51 78 162 103 52 36 77 147 88 36 38 100 137 69 44 49 103 173 91 43 46 91 175 85 41 41 101 136 96 47 44 85 125 97 37 50 103 148 81 42 48 88 127 98 52 37 76 177 82 50 178 0.09 18 
98 303 328 16 5 7 18 14 10 6 15 30 4 2 12 31 29 11 9 3 24 38 16 12 8 14 21 19 8 2 18 5 5 7 8 8 14 1 11 4 12 36 20 13 6 15 25 9 8 9 10 10 12 3 7 21 41 22 6 32 0.04 8 
99 95 34 84 25 35 82 52 17 18 46 59 45 19 17 45 62 50 25 19 36 84 38 22 22 39 65 39 17 26 43 63 46 23 26 34 66 38 22 18 51 77 36 17 19 39 82 44 24 19 40 80 43 18 21 50 83 36 19 126 0.03 6 
100 33 49 66 22 32 66 20 18 15 38 49 38 13 12 43 69 22 12 9 29 41 30 17 18 36 40 38 10 13 43 46 33 30 16 44 57 19 14 17 28 55 38 18 6 36 82 34 22 22 14 70 20 12 14 40 68 37 9 99 0.02 4 
101 33 193 61 25 74 102 68 26 36 56 113 57 29 33 66 107 52 31 29 67 85 75 22 27 55 113 50 35 31 52 117 56 32 25 58 119 53 26 31 67 104 72 30 36 46 114 64 26 24 76 86 49 26 38 69 101 55 31 122 0.03 6 
102 104 162 177 34 61 103 76 26 28 60 112 76 33 26 56 104 55 35 24 46 92 55 23 32 43 89 65 27 28 64 86 61 33 31 55 110 56 33 30 58 85 56 29 22 55 98 58 31 28 59 94 65 30 36 72 83 65 24 236 0.06 12 
103 386 244 294 40 99 202 109 44 41 82 190 116 45 53 85 173 102 48 39 121 136 83 53 45 115 146 92 48 56 100 177 113 44 59 115 169 98 41 43 86 185 102 54 49 78 179 96 60 56 85 181 99 39 42 114 155 108 48 392 0.09 18 
104 160 280 147 28 44 81 40 19 23 51 74 50 32 21 42 80 49 28 29 36 66 40 26 18 60 62 46 30 26 55 78 62 23 33 42 73 45 23 34 44 73 39 33 23 50 86 51 20 27 58 57 55 21 26 55 79 32 20 196 0.07 14 
105 197 208 98 20 45 69 40 22 28 38 75 41 25 22 70 54 52 18 25 50 81 69 18 22 56 87 40 22 22 46 60 71 29 24 57 72 45 19 22 46 55 60 26 17 45 84 57 26 23 53 107 48 26 21 41 85 48 28 147 0.06 12 
106 186 117 26 8 5 20 13 4 4 6 57 14 8 12 19 17 1 5 0 15 39 18 2 0 17 8 16 1 20 18 24 20 5 22 13 16 10 18 5 15 51 5 14 19 4 29 17 19 10 29 16 0 0 7 2 18 4 7 39 0.06 12 
107 445 366 89 38 99 176 94 57 48 72 160 86 37 34 85 153 94 55 42 102 129 71 30 48 95 152 61 49 56 123 188 76 42 38 82 186 84 44 35 96 158 82 47 55 77 151 97 63 40 96 129 94 41 41 95 156 89 54 178 0.04 8 
108 218 256 144 30 62 102 82 37 36 73 124 64 37 30 82 93 50 30 35 52 98 88 31 30 72 109 70 33 28 91 155 63 40 29 67 144 72 39 47 69 99 64 34 30 54 126 76 33 40 68 133 85 30 32 70 130 83 46 216 0.08 16 
109 264 29 140 34 81 113 56 40 37 69 131 57 41 34 73 117 62 35 38 57 111 61 27 30 70 109 79 46 36 52 118 77 33 26 65 101 83 27 56 67 116 63 38 29 72 139 79 27 35 86 120 55 31 43 67 154 72 31 210 0.05 10 
110 317 118 198 49 110 162 86 57 50 106 161 110 45 53 78 179 87 61 40 80 176 88 48 41 106 181 76 46 51 114 170 81 54 47 118 138 86 51 42 88 169 76 50 40 109 194 77 63 40 99 161 106 45 61 112 184 109 49 297 0.09 18 
111 458 84 158 44 74 157 88 40 37 80 130 79 38 38 81 144 76 39 38 63 142 64 44 35 66 118 70 46 50 92 113 76 42 32 96 151 71 32 33 73 106 65 40 38 108 120 98 31 32 93 118 84 36 47 68 105 90 40 237 0.08 16 
112 191 32 78 30 65 115 91 44 38 79 116 77 42 41 64 148 75 38 37 73 123 79 46 39 93 139 85 46 46 69 132 89 32 39 82 139 87 39 44 86 121 82 41 44 85 133 68 34 33 68 144 81 32 33 82 115 89 43 156 0.06 12 
113 259 340 38 9 14 22 16 7 10 18 35 22 10 9 14 42 14 12 10 18 25 15 7 6 20 40 16 9 9 17 34 16 8 8 23 43 22 11 7 23 24 26 10 11 15 28 20 9 7 15 31 21 12 13 14 31 20 10 57 0.05 10 
114 269 194 186 27 44 119 73 37 35 62 121 71 25 37 36 140 67 29 30 74 78 46 31 32 94 101 66 32 26 48 116 67 39 34 69 98 83 24 26 49 123 63 20 23 60 87 79 26 34 65 79 69 27 27 52 101 48 23 248 0.06 12 
115 443 440 28 12 26 24 0 20 1 3 14 13 0 4 0 22 16 0 6 4 34 20 10 4 18 25 8 9 9 19 44 20 5 6 15 47 28 0 2 15 3 6 4 5 5 0 23 8 6 15 31 10 6 7 31 37 11 9 42 0.07 14 
116 164 301 54 5 25 48 23 11 9 5 23 17 3 12 16 20 24 12 14 24 28 13 8 6 10 36 20 13 9 14 38 19 2 8 20 17 12 7 11 5 21 28 10 5 20 51 13 15 7 17 23 18 5 11 20 27 8 9 72 0.07 14 
117 213 403 61 25 66 117 51 32 31 68 110 69 29 28 61 88 68 32 29 43 125 61 24 28 51 108 57 31 31 68 121 66 38 33 67 90 50 31 31 71 108 69 30 26 55 86 49 26 33 64 108 62 28 36 59 120 53 34 122 0.06 12 
118 21 463 156 33 63 76 40 25 26 63 112 41 27 27 42 77 46 23 24 71 80 66 33 21 50 109 57 18 17 50 55 55 30 29 46 99 28 19 27 54 91 43 23 18 40 66 29 23 30 48 106 71 31 25 49 79 60 28 208 0.05 10 
119 63 59 68 15 32 67 40 20 14 36 73 30 21 12 39 53 31 19 21 31 52 47 12 15 37 62 33 15 16 37 63 34 19 10 41 57 28 12 18 35 61 49 20 13 31 40 49 15 18 28 60 44 18 20 27 68 27 16 102 0.06 12 
120 382 328 150 22 61 84 52 14 24 44 75 47 36 32 40 76 66 21 24 36 80 50 15 21 48 72 37 26 25 63 96 58 15 28 41 88 53 21 18 65 76 57 29 18 47 93 66 19 24 56 100 65 25 25 41 66 54 30 200 0.08 16 
121 238 49 114 28 57 113 50 23 33 69 116 56 30 27 62 101 58 27 28 68 108 62 30 29 54 77 51 30 34 61 96 60 22 24 74 99 59 28 24 75 84 52 32 36 63 90 49 20 30 55 131 52 24 23 57 110 57 26 171 0.09 18 
122 154 3 52 31 51 76 52 24 31 55 101 51 24 25 55 94 54 29 24 43 79 52 20 24 55 94 57 31 24 55 104 42 32 27 63 100 50 28 21 47 86 48 26 29 57 90 44 20 32 63 88 58 22 21 41 73 57 22 104 0.07 14 
123 460 35 33 17 45 60 30 15 17 32 73 30 14 19 32 75 31 17 17 36 42 25 13 23 45 45 29 19 18 37 63 36 16 15 25 61 26 9 20 37 51 44 17 17 37 59 26 18 11 36 54 23 15 18 33 52 34 16 66 0.02 4 
124 228 214 78 11 36 37 30 14 12 18 55 21 13 13 30 36 22 16 19 6 17 19 18 11 22 63 20 18 7 7 70 40 13 9 17 53 29 16 11 30 30 27 15 12 29 67 29 9 9 46 42 31 12 11 29 40 21 15 104 0.09 18 
125 29 135 279 49 76 154 79 47 37 111 137 89 37 49 102 173 108 45 43 80 118 81 39 54 111 158 91 48 45 89 137 113 40 43 103 159 92 49 56 108 132 76 42 46 96 159 85 39 50 85 131 80 41 50 84 131 109 40 372 0.03 6 
126 352 208 106 28 45 104 79 27 22 55 92 55 25 28 44 80 65 24 23 51 74 37 27 28 71 106 64 26 25 44 71 61 28 22 41 103 53 23 37 63 91 49 33 28 45 62 53 23 23 51 77 51 25 37 40 70 52 27 159 0.07 14 
127 14 121 196 54 99 139 98 54 53 94 180 84 49 40 80 139 97 48 59 100 136 86 43 57 79 174 85 51 44 89 136 82 52 48 81 193 108 52 44 107 160 105 55 48 106 148 116 38 46 112 167 89 51 56 73 188 91 51 294 0.03 6 
128 288 350 117 17 32 52 36 21 20 40 75 34 17 30 39 69 30 17 14 40 55 40 20 17 44 61 39 21 16 40 71 52 18 20 32 54 43 19 16 34 48 33 18 18 48 74 40 22 16 29 87 52 17 20 42 63 43 19 156 0.06 12 
129 441 294 98 22 46 67 56 23 22 53 68 52 25 22 45 75 51 22 24 55 66 42 21 26 41 82 46 26 24 42 98 49 29 27 41 95 51 24 24 44 90 57 24 29 57 77 51 22 19 45 83 40 21 23 61 81 49 29 147 0.02 4 
130 486 8 196 47 80 188 88 52 41 110 191 85 53 54 89 171 106 48 44 114 156 112 57 50 99 195 82 46 48 90 190 101 39 55 101 165 109 43 40 85 169 84 46 46 104 191 91 51 45 96 171 104 47 51 106 179 95 46 294 0.02 4 
131 138 424 267 51 91 141 83 52 47 86 177 76 53 38 94 173 89 37 52 102 158 105 55 49 99 170 105 44 38 99 133 89 39 48 74 171 69 54 52 104 125 86 46 51 99 124 77 43 38 93 137 111 40 37 85 146 92 56 356 0.09 18 
132 443 446 67 41 50 119 67 24 26 58 158 59 38 39 70 126 69 30 40 32 126 65 32 34 69 120 79 30 41 57 123 44 33 31 66 163 69 36 39 102 110 57 34 37 69 94 47 49 25 51 116 73 32 44 59 113 69 25 134 0.03 6 
133 440 237 94 22 44 90 36 26 20 54 87 51 22 25 51 77 42 21 29 51 83 44 27 27 44 80 49 28 24 45 86 46 19 20 41 72 39 19 18 44 81 49 22 19 50 84 44 20 25 41 66 53 24 28 53 94 42 25 141 0.09 18 
134 311 293 45 5 26 34 10 8 5 14 28 16 5 10 15 24 19 3 5 12 18 17 5 7 12 15 31 8 9 19 35 12 8 4 18 23 25 4 4 16 25 11 9 8 8 20 2 6 4 10 8 7 9 8 15 25 11 7 60 0.09 18 
135 65 437 114 23 49 92 62 23 28 59 88 63 28 34 57 93 50 31 34 56 99 56 28 25 73 80 58 29 30 56 81 59 36 24 50 101 43 29 32 68 84 53 29 32 67 100 59 28 26 59 87 72 30 22 50 115 65 27 171 0.04 8 
136 241 173 54 8 41 26 25 8 13 23 14 27 17 16 23 45 32 12 16 45 48 42 20 18 31 20 11 9 13 18 76 24 14 13 44 64 38 14 9 39 33 26 8 5 27 29 46 22 12 27 45 26 17 10 11 34 27 11 81 0.03 6 
137 227 321 74 34 66 109 66 43 45 67 136 70 34 33 72 113 73 46 33 61 119 70 34 39 83 142 83 36 38 77 100 64 36 37 62 103 73 39 35 67 121 81 31 31 84 117 71 35 29 83 109 61 45 42 65 140 90 37 148 0.03 6 
138 285 313 285 43 115 182 87 51 52 84 137 89 43 41 107 175 90 45 41 83 138 98 46 47 109 195 99 54 53 74 185 93 47 50 87 172 109 39 59 115 140 102 58 41 85 134 119 45 42 87 147 88 38 61 98 162 109 37 380 0.09 18 
139 435 430 112 25 53 91 65 25 30 59 102 56 30 28 61 87 49 24 24 67 106 50 33 29 63 104 62 29 31 59 96 58 32 27 62 112 46 31 26 43 104 52 32 29 59 112 45 27 23 57 105 54 32 27 60 110 58 28 168 0.09 18 
140 177 486 246 34 96 117 71 30 32 90 140 68 47 41 68 156 72 33 47 77 137 69 34 38 66 130 80 39 35 68 134 75 50 48 73 140 68 38 50 86 131 89 41 39 88 133 88 39 42 94 139 81 33 47 86 151 89 42 328 0.03 6 
141 371 96 93 11 34 60 34 8 15 34 63 49 18 9 29 37 32 14 15 34 44 23 4 12 30 60 15 10 18 21 40 16 13 23 34 40 34 9 18 27 33 28 16 20 15 51 30 13 8 35 29 20 9 16 38 43 40 16 124 0.08 16 
142 314 343 183 26 56 111 60 28 31 64 98 72 22 25 56 115 62 34 31 53 123 62 29 28 63 111 75 28 25 66 103 61 34 34 58 109 64 25 27 46 115 47 32 28 66 138 48 27 23 64 105 76 23 29 61 92 60 24 244 0.09 18 
143 51 332 114 29 44 90 72 19 32 60 102 66 34 22 46 102 50 34 31 50 117 51 29 32 48 105 77 36 31 62 103 52 17 35 74 63 63 33 21 56 105 51 33 23 53 105 48 30 23 51 101 64 26 33 49 98 45 34 171 0.04 8 
144 32 111 46 16 20 19 19 13 11 34 57 35 12 6 5 59 16 10 9 20 42 17 10 12 31 47 25 17 8 20 51 25 14 12 19 38 21 18 15 14 26 37 15 18 42 41 28 12 3 14 32 13 13 18 16 47 18 13 69 0.07 14 
145 76 130 79 38 80 135 70 37 42 79 148 78 49 43 93 144 71 49 37 77 151 65 43 34 87 136 82 40 36 85 127 87 36 46 89 108 82 34 42 68 142 93 36 32 99 140 82 47 49 63 99 87 36 32 82 145 85 34 158 0.05 10 
146 149 28 17 5 11 34 18 6 4 21 19 20 8 6 15 15 19 10 10 27 31 13 13 15 21 45 18 5 6 16 40 13 7 5 13 44 19 14 10 2 39 13 6 8 17 32 26 6 5 10 37 27 10 5 12 23 15 8 34 0.05 10 
147 186 277 74 35 58 113 89 37 41 89 91 67 39 46 94 132 68 27 34 50 151 59 31 27 72 110 95 45 31 65 110 54 34 48 83 99 86 39 31 68 116 84 43 38 88 130 67 52 44 89 124 89 41 44 60 98 82 40 148 0.03 6 
148 380 240 64 12 39 37 38 10 12 39 82 28 14 9 37 74 33 11 17 27 38 20 17 11 53 86 20 14 13 54 49 35 22 14 35 74 26 15 21 43 50 26 20 15 54 62 47 14 14 32 83 42 5 22 36 83 17 21 96 0.06 12 
149 178 2 67 31 71 155 71 32 33 80 89 50 32 30 60 94 79 32 42 64 91 62 30 46 79 102 56 36 37 60 85 57 37 32 66 102 72 41 37 56 111 68 43 25 61 84 58 28 33 88 107 84 34 33 63 100 54 35 134 0.02 4 
150 295 357 138 31 62 119 81 35 39 74 132 70 39 26 73 109 62 29 28 71 131 77 39 31 73 108 75 31 39 80 122 77 40 37 63 121 70 31 39 56 140 75 37 38 75 97 77 36 37 67 138 85 35 37 76 126 64 38 207 0.08 16 
