100 10 8172
0 455 452 16855 13102 13100 13101 13098 13107 13090 13103 13105 13105 13103 0.01
1 286 413 90 37 85 134 82 51 44 84 206 100 42 40 90 167 89 44 44 86 188 85 42 41 106 178 74 37 42 117 133 72 51 39 89 165 96 49 49 75 165 85 44 52 69 182 85 36 47 99 142 99 36 49 89 127 80 43 49 109 182 86 45 180 0.02 4 
2 124 361 141 22 38 85 63 25 20 25 69 29 34 20 46 64 44 26 21 59 110 69 27 28 42 78 42 17 38 67 110 56 32 23 44 81 75 35 32 45 48 37 20 29 63 97 52 20 23 35 62 46 27 35 52 35 42 23 19 69 67 36 14 188 0.06 12 
3 252 497 100 56 101 155 87 42 45 114 188 92 49 58 80 164 85 48 47 84 184 99 56 40 84 147 121 43 43 123 134 99 53 46 115 136 100 50 52 115 166 125 43 52 80 169 109 56 44 126 199 105 44 52 105 140 97 46 43 93 174 109 39 200 0.07 14 
4 199 136 100 24 50 112 52 15 21 71 90 52 30 24 41 71 44 28 23 48 99 51 26 30 49 81 51 20 25 59 117 58 25 28 36 73 41 32 18 39 66 53 24 27 38 68 34 17 25 66 71 52 29 22 62 82 63 22 33 54 90 44 24 150 0.06 12 
5 499 238 81 13 23 39 27 15 17 27 39 14 13 12 38 53 28 9 12 23 71 27 12 12 21 48 33 19 14 32 42 42 8 18 20 52 31 11 19 25 41 30 6 15 29 49 20 12 15 25 35 26 15 8 31 47 29 20 8 31 68 31 13 108 0.09 18 
6 403 357 31 19 32 52 30 18 18 35 84 35 11 17 24 47 28 12 17 19 64 27 14 14 36 49 25 14 14 19 74 38 19 16 37 49 38 21 16 37 45 28 15 15 26 56 32 12 10 26 60 32 12 16 26 45 40 19 16 19 59 35 16 62 0.02 4 
7 442 19 105 25 31 64 43 18 18 30 66 28 17 11 34 54 34 18 20 31 45 31 22 15 21 72 29 17 16 20 63 51 16 15 34 76 44 20 14 29 79 38 14 23 47 62 30 19 16 33 62 18 16 15 31 62 50 18 15 34 71 37 13 140 0.08 16 
8 47 163 195 29 50 80 87 30 32 47 115 76 28 29 61 77 75 36 32 61 85 59 30 37 73 127 73 28 35 86 111 79 26 28 57 111 67 34 33 54 99 51 33 37 51 120 60 36 38 61 91 57 32 29 56 104 71 25 24 58 91 61 28 260 0.08 16 
9 149 113 129 24 45 68 33 20 24 40 87 42 25 23 53 75 44 22 23 35 72 36 21 18 38 75 38 26 19 51 69 38 24 17 38 89 34 23 18 47 86 39 23 23 47 67 40 17 17 35 69 38 17 25 36 90 55 26 28 42 67 36 22 172 0.03 6 
10 440 416 124 31 64 124 81 31 31 58 133 61 37 29 66 96 68 32 23 56 90 50 28 34 67 93 47 33 29 48 76 69 30 30 60 122 54 33 25 72 136 66 25 28 52 113 60 34 33 58 88 52 33 37 57 83 80 36 29 78 94 35 36 186 0.07 14 
11 8 388 66 12 22 37 24 9 10 28 45 23 10 10 25 29 23 8 9 24 47 24 7 12 25 35 22 9 12 18 34 19 8 10 24 32 25 12 9 24 42 28 11 11 22 33 28 8 10 23 34 18 13 12 22 36 26 12 9 25 38 15 9 88 0.03 6 
12 45 164 126 27 43 85 56 19 20 54 70 42 24 24 50 73 28 18 25 39 73 60 22 20 27 84 25 14 34 30 102 44 18 17 24 102 36 19 28 57 95 57 18 24 37 61 54 16 11 29 67 40 16 21 46 69 31 23 18 34 67 23 20 168 0.02 4 
13 47 465 216 33 81 120 74 40 36 68 122 83 35 36 75 139 80 41 37 85 134 62 41 40 65 119 66 35 32 77 107 69 41 43 78 136 71 43 40 83 127 71 33 32 83 124 62 34 31 60 95 57 34 45 64 146 59 42 43 56 139 82 37 288 0.02 4 
14 157 85 182 50 85 154 95 47 43 88 158 74 46 37 79 133 103 37 39 95 152 83 43 41 80 173 105 54 53 91 147 79 42 50 80 157 76 44 47 99 154 108 38 47 93 177 95 37 56 104 164 108 37 47 92 176 95 42 34 99 181 82 42 273 0.09 18 
15 442 296 126 26 68 84 44 17 19 53 73 49 22 31 33 69 36 21 24 38 77 38 26 17 43 80 29 16 21 36 115 44 17 25 43 68 34 16 22 41 56 51 14 24 36 86 44 21 16 41 58 37 23 15 38 78 50 15 21 65 83 30 17 168 0.03 6 
16 95 205 76 15 39 59 48 16 16 34 75 33 19 20 29 79 25 16 21 36 57 32 15 19 36 66 41 22 19 43 62 36 16 22 44 56 35 24 21 45 63 45 16 16 33 73 33 20 15 37 57 39 17 21 36 69 42 17 19 33 58 42 22 114 0.08 16 
17 22 321 246 40 87 176 92 44 49 84 110 92 44 36 91 121 90 41 52 67 132 73 34 25 89 113 79 37 30 79 123 82 50 55 98 153 84 28 40 100 130 85 48 45 92 120 92 49 36 90 137 91 40 45 62 102 85 33 42 58 144 96 49 328 0.07 14 
18 141 46 104 27 65 123 40 23 22 45 102 61 23 19 51 86 38 32 27 52 74 30 31 20 35 89 46 22 22 58 82 53 20 25 54 90 40 28 25 56 112 55 36 28 41 106 52 27 30 62 128 58 24 18 66 89 64 27 22 39 71 43 20 156 0.02 4 
19 14 389 91 45 95 144 66 53 48 94 142 97 46 45 105 135 105 48 47 92 169 78 48 44 73 154 69 44 36 80 138 90 38 37 95 133 88 49 38 104 121 90 43 43 79 151 95 41 51 96 155 97 37 35 97 192 78 36 56 74 170 89 57 182 0.05 10 
20 56 264 166 49 69 120 76 37 40 91 127 75 34 40 76 135 72 33 42 85 133 72 40 43 71 121 84 41 44 82 109 112 45 47 70 106 75 47 34 82 144 72 34 31 91 163 72 48 47 79 151 87 42 35 79 148 71 48 38 81 114 70 33 249 0.04 8 
21 477 469 78 17 35 69 42 25 20 37 49 31 16 18 29 68 46 23 21 35 50 36 13 19 50 56 47 15 20 41 56 46 16 22 35 47 35 16 20 39 71 38 23 18 30 58 40 15 18 32 72 38 18 15 36 41 33 20 20 35 67 39 16 117 0.04 8 
22 88 446 148 35 71 122 81 42 30 63 154 69 43 39 85 134 89 36 33 65 126 66 36 41 65 119 95 36 38 81 101 68 41 32 75 118 65 34 38 82 137 74 40 41 69 126 65 38 35 60 148 84 43 35 76 127 70 37 37 59 131 81 41 222 0.03 6 
23 368 422 79 48 79 110 66 45 35 64 114 81 39 33 66 116 73 38 32 80 140 65 42 36 64 148 78 42 48 89 161 80 32 40 82 154 66 35 42 77 145 66 33 36 72 109 64 35 36 96 148 74 45 43 61 129 71 29 49 97 160 82 40 158 0.08 16 
24 71 323 26 5 10 10 13 6 6 22 4 14 0 8 6 8 12 10 4 2 21 13 3 8 8 39 10 5 4 11 30 22 7 4 13 28 10 6 5 12 9 18 3 5 14 30 21 10 7 19 2 13 7 5 10 29 24 5 5 13 16 16 4 39 0.09 18 
25 170 221 36 5 21 20 2 9 8 12 27 6 0 8 1 20 7 8 0 11 27 12 3 10 9 5 2 0 0 0 0 6 7 12 5 32 20 13 9 12 0 28 12 3 14 19 11 1 6 0 0 9 5 3 2 39 14 4 3 6 15 0 5 48 0.05 10 
26 305 310 90 36 77 170 96 37 38 101 174 99 41 43 100 149 94 37 51 104 170 73 53 45 70 142 80 44 50 90 125 100 47 37 101 133 110 48 51 102 125 94 45 54 88 162 77 39 47 91 142 94 39 48 91 124 71 43 47 91 131 99 49 180 0.03 6 
27 81 124 44 19 49 67 51 18 18 51 61 51 26 28 57 79 46 16 19 38 52 43 18 19 54 78 51 19 23 44 94 41 16 25 32 67 42 21 30 57 81 33 16 21 35 73 32 17 27 38 75 60 15 18 25 99 38 17 20 51 75 45 26 88 0.02 4 
28 403 179 186 26 52 59 59 29 27 60 103 87 28 29 70 104 59 36 23 54 111 55 32 35 72 108 72 35 25 50 117 52 30 33 56 115 56 33 31 52 121 39 26 39 61 84 61 24 25 69 127 53 26 21 67 94 75 23 27 76 103 81 24 248 0.08 16 
29 274 273 42 6 27 35 5 9 12 18 20 22 11 8 28 20 16 15 20 20 48 28 9 11 19 34 17 11 6 8 37 28 3 3 17 38 14 13 10 10 38 26 7 2 18 49 18 9 8 28 34 24 11 13 7 19 24 12 10 23 55 18 6 63 0.02 4 
30 315 434 117 17 44 57 36 27 20 31 67 27 19 14 40 64 31 16 14 54 75 50 20 16 34 47 37 14 18 31 85 48 16 18 40 54 27 24 16 49 64 28 18 15 39 61 32 24 20 40 75 37 24 20 46 59 39 13 20 29 47 41 20 156 0.07 14 
31 200 389 45 6 15 22 16 7 5 11 22 12 5 8 15 22 16 7 3 13 27 15 10 4 10 38 19 9 5 18 23 13 7 6 21 29 11 3 7 21 26 14 8 5 17 30 17 8 7 12 28 11 5 4 21 25 16 6 7 14 32 10 7 60 0.07 14 
32 360 373 36 9 16 28 23 8 10 14 37 8 7 9 12 32 13 10 13 8 45 24 6 5 12 47 20 12 6 14 25 11 10 4 18 56 16 8 8 21 31 12 5 9 17 14 17 17 4 19 23 22 2 10 15 31 21 12 9 11 42 17 9 54 0.08 16 
33 25 20 147 22 45 81 47 23 22 50 69 43 23 29 59 87 46 25 24 44 101 31 20 22 49 85 55 31 21 52 87 51 29 24 53 73 51 20 30 37 61 46 24 21 36 75 60 29 30 44 86 52 23 18 58 75 65 20 29 41 101 53 25 196 0.04 8 
34 78 413 95 34 94 179 88 62 37 82 161 127 45 56 104 122 84 44 60 119 171 110 50 56 92 189 92 38 58 97 153 105 58 42 63 213 105 57 40 90 139 87 56 42 105 125 107 39 46 74 164 74 42 43 94 178 99 40 42 98 161 94 44 190 0.09 18 
35 244 97 102 31 61 95 51 22 22 62 87 64 24 23 60 101 43 27 28 41 93 59 29 31 49 71 48 26 28 66 85 54 28 24 45 78 53 26 22 38 80 42 26 27 54 77 48 24 21 62 90 45 23 32 51 87 53 20 22 51 104 41 26 153 0.09 18 
36 416 91 24 15 27 33 23 7 14 21 51 31 11 14 21 34 38 9 23 14 65 36 7 6 20 48 41 12 8 19 36 28 16 11 21 54 25 11 14 29 22 46 4 9 25 38 17 12 17 34 27 24 14 10 21 64 17 22 11 26 29 23 16 48 0.04 8 
37 190 108 213 29 60 103 79 31 33 70 139 70 31 32 88 113 87 34 34 61 113 85 41 41 81 121 67 39 37 71 113 61 27 39 82 142 73 31 37 54 104 79 44 26 56 149 78 32 29 80 132 65 33 40 69 133 57 37 32 67 131 60 39 284 0.07 14 
38 193 182 48 8 19 20 17 0 7 20 32 15 5 5 19 41 22 7 6 16 15 17 10 6 8 29 8 6 11 28 17 16 6 8 0 26 12 5 15 9 35 17 9 5 19 16 33 7 11 13 12 5 10 10 17 37 13 14 8 23 14 19 7 64 0.05 10 
39 73 382 228 39 92 137 71 36 35 76 124 72 34 38 79 127 73 38 27 96 148 79 36 33 87 143 65 47 29 77 155 95 43 37 75 131 59 27 36 65 144 59 34 32 90 130 74 41 46 100 141 67 40 27 61 139 61 40 33 82 131 62 45 304 0.03 6 
40 112 163 201 38 65 81 75 41 33 70 126 66 31 28 60 125 46 38 29 68 99 52 34 29 55 106 59 38 31 67 100 54 28 32 68 100 69 30 28 75 86 65 27 32 72 127 64 28 36 84 116 88 41 34 82 105 65 27 27 80 127 73 31 268 0.08 16 
41 202 128 213 29 62 124 67 39 43 68 106 93 38 39 56 137 79 31 33 77 118 71 40 32 61 117 74 32 35 71 128 74 31 46 60 126 74 35 32 91 131 76 31 32 77 98 85 38 41 66 109 86 30 40 75 100 79 46 33 52 106 63 31 284 0.05 10 
42 367 383 16 8 14 25 16 8 6 11 24 19 5 4 14 28 15 8 9 15 21 17 10 6 17 21 13 8 10 12 34 18 11 7 15 20 13 8 9 16 23 22 7 9 16 19 17 7 8 20 29 20 10 10 14 30 13 5 8 13 20 20 8 32 0.03 6 
43 86 77 100 49 95 143 111 59 44 102 170 62 44 39 89 170 102 50 60 92 176 119 46 44 84 192 92 50 50 74 149 100 51 42 106 192 95 56 43 95 155 128 33 39 87 157 103 41 60 116 167 86 41 61 95 175 97 48 48 109 167 119 50 200 0.08 16 
44 40 24 54 7 19 26 23 13 10 8 45 29 14 12 28 47 5 1 8 6 50 17 9 6 16 52 14 2 4 7 32 18 5 7 14 56 12 8 8 37 28 8 14 7 23 24 9 7 17 28 39 14 2 9 15 17 9 10 2 30 17 8 8 72 0.05 10 
45 85 378 200 39 111 159 100 43 54 92 152 106 42 46 98 186 83 45 51 86 152 74 37 47 94 186 109 58 61 94 169 88 54 53 95 168 86 46 40 91 197 102 51 47 77 195 94 44 48 111 177 105 45 53 110 172 122 56 47 108 165 88 49 300 0.04 8 
46 61 156 45 7 8 1 10 11 3 24 30 19 2 6 1 14 25 3 11 14 54 5 12 14 19 28 9 10 7 7 21 24 11 11 13 32 0 3 4 19 20 18 16 12 0 24 23 6 6 22 39 5 3 0 19 41 24 8 5 14 16 22 5 60 0.05 10 
47 63 279 222 35 54 114 71 30 39 99 113 84 33 35 72 152 53 49 40 70 165 59 40 45 70 123 78 32 22 66 137 69 34 44 54 125 70 41 47 72 134 81 36 37 83 99 92 33 31 63 129 77 51 33 70 122 81 34 44 88 86 62 38 296 0.08 16 
48 110 281 282 42 100 131 99 39 48 82 157 81 46 44 93 133 81 55 41 86 177 90 51 46 94 159 77 51 37 102 136 84 38 45 87 177 84 49 42 97 150 74 56 54 71 135 78 51 48 95 182 91 45 44 100 135 97 48 54 109 143 108 45 376 0.02 4 
49 478 491 94 49 119 154 113 48 43 84 144 98 53 39 72 161 89 53 39 89 136 93 51 47 85 124 90 55 54 94 150 86 40 55 105 180 86 51 55 104 191 113 53 54 91 171 77 37 40 87 189 111 46 35 100 167 94 51 47 99 151 90 50 188 0.06 12 
50 395 55 70 34 76 154 68 41 38 60 111 78 44 46 75 131 64 40 35 59 122 61 39 35 74 125 67 30 30 72 100 62 41 39 51 136 73 35 34 61 121 61 43 33 77 127 61 32 34 58 130 71 36 42 57 123 77 28 27 68 89 56 29 140 0.08 16 
51 202 145 17 3 0 15 16 8 8 2 32 4 10 10 25 23 23 1 1 33 12 24 3 4 7 63 0 12 11 20 25 14 8 15 15 48 22 6 12 22 22 3 7 7 0 43 11 8 10 24 11 19 11 10 22 18 21 12 11 9 60 12 0 34 0.02 4 
52 218 282 249 46 93 124 96 50 30 88 121 91 49 36 82 129 99 39 40 82 164 99 41 45 96 180 88 40 49 68 135 92 35 36 79 151 61 39 38 89 169 71 48 44 85 134 82 36 54 99 118 84 38 31 79 124 97 45 47 81 127 77 39 332 0.05 10 
53 369 360 22 12 20 28 23 8 10 19 37 19 9 10 27 30 20 13 12 24 40 23 10 10 21 45 20 8 10 19 32 26 10 9 23 45 25 10 11 21 39 20 11 7 25 41 20 10 10 28 38 22 7 6 20 38 14 9 14 19 32 25 8 44 0.08 16 
54 499 478 100 20 56 88 51 28 27 71 109 35 34 17 52 83 39 31 17 43 83 56 26 26 53 107 44 35 27 47 94 44 25 21 52 82 47 18 18 45 118 32 28 35 51 60 39 23 26 49 65 50 22 33 50 86 49 24 25 49 80 69 24 150 0.03 6 
55 329 184 50 27 42 86 56 27 22 48 80 56 24 23 40 102 53 23 22 49 72 38 24 22 42 88 58 25 19 54 79 52 26 28 43 86 49 21 24 57 69 43 24 22 49 76 50 30 27 40 95 48 30 26 46 91 43 24 23 41 93 48 29 100 0.09 18 
56 424 483 134 26 96 128 64 31 44 63 116 66 44 34 61 139 67 32 35 53 124 65 31 28 86 137 53 29 40 53 131 78 29 28 57 124 57 35 27 70 98 86 29 27 58 97 71 41 29 65 105 42 37 40 68 120 51 30 18 50 87 74 41 201 0.06 12 
57 157 486 100 32 68 68 55 23 19 43 73 45 24 23 32 86 52 21 14 40 83 59 28 30 60 71 80 21 17 50 70 35 28 45 66 57 55 25 17 39 56 49 17 22 48 55 50 28 29 51 86 39 17 19 46 94 46 23 29 49 87 58 22 150 0.06 12 
58 164 362 122 34 63 97 57 26 28 67 105 67 33 27 50 94 64 29 36 62 115 59 27 36 51 99 52 40 27 59 117 63 34 28 54 101 55 33 32 46 110 55 27 37 48 100 60 31 35 68 118 50 30 29 71 119 47 32 29 67 93 66 37 183 0.05 10 
59 380 446 69 39 78 117 65 40 43 72 134 60 39 29 79 106 77 34 34 76 117 71 27 30 60 116 72 33 30 79 127 79 34 39 79 139 87 39 39 61 138 62 28 31 58 102 69 28 29 63 100 60 31 27 63 102 70 30 29 74 102 85 35 138 0.03 6 
60 285 361 216 36 63 108 44 47 31 89 140 74 26 43 65 144 61 37 39 73 138 64 33 36 76 109 44 32 34 83 115 73 35 28 65 106 55 40 31 79 115 63 34 29 81 126 78 49 34 39 110 54 38 40 83 137 53 45 38 60 97 73 31 288 0.05 10 
61 331 363 200 43 111 166 94 46 55 114 175 82 69 46 84 184 107 39 53 89 164 110 53 41 99 194 84 53 44 89 175 75 51 54 94 165 70 48 50 86 179 82 41 58 83 150 78 45 59 97 119 107 52 53 91 122 94 56 41 111 205 73 60 300 0.06 12 
62 31 108 20 3 14 8 1 5 5 14 13 15 3 1 10 15 11 7 9 13 15 0 5 5 5 17 9 0 7 4 12 9 5 3 14 15 8 2 5 8 17 8 5 3 5 15 15 5 5 12 20 9 2 6 10 14 7 3 5 15 9 7 5 30 0.06 12 
63 346 334 186 34 42 85 65 37 23 59 146 68 28 23 87 98 78 35 32 40 75 57 25 26 52 87 40 13 35 32 112 54 35 26 58 75 57 29 25 59 135 65 29 28 56 123 56 31 27 76 93 73 33 23 63 95 72 44 34 55 129 65 31 248 0.04 8 
64 372 104 75 10 25 43 22 11 8 23 26 23 15 13 29 66 26 13 14 26 45 25 14 16 21 37 16 16 9 23 33 32 12 16 21 25 26 13 18 14 44 25 7 17 26 21 21 10 12 18 49 28 8 9 30 25 32 16 10 27 43 20 11 100 0.04 8 
65 193 394 150 17 49 97 44 22 25 56 89 55 15 22 41 104 50 19 21 65 76 49 19 26 52 104 47 33 24 52 78 46 22 21 74 96 63 29 25 57 76 46 19 20 56 85 52 22 28 45 125 45 29 18 44 88 36 30 19 59 126 46 37 200 0.08 16 
66 418 324 200 54 110 188 107 47 45 114 171 104 60 54 103 152 93 63 46 112 187 101 56 54 82 134 121 44 43 88 167 106 44 55 98 151 104 48 45 120 158 93 40 54 80 164 102 48 40 94 162 115 48 55 101 182 113 47 39 84 190 104 56 300 0.06 12 
67 376 92 20 13 23 31 13 13 8 2 27 14 8 12 15 29 27 8 17 16 33 29 10 12 17 27 20 5 11 12 33 15 7 8 3 34 25 9 11 30 27 33 6 7 30 56 26 9 4 21 41 19 5 11 21 24 22 7 16 17 40 36 8 40 0.09 18 
68 434 16 198 52 105 163 110 59 56 116 142 100 58 51 96 153 113 50 42 108 194 89 45 47 100 148 96 46 57 94 201 102 56 59 98 143 92 44 55 104 162 106 52 49 108 175 112 54 46 92 164 75 48 41 109 149 109 50 57 98 142 110 54 297 0.09 18 
69 58 358 104 37 46 108 39 26 26 49 82 55 22 25 57 101 50 22 23 72 103 58 26 27 54 98 43 27 30 67 111 45 26 24 65 91 54 28 22 57 90 51 22 21 52 69 46 29 26 37 76 50 21 29 47 92 58 19 23 47 98 48 31 156 0.07 14 
70 169 185 19 9 20 26 22 10 9 17 31 20 11 9 15 26 17 10 9 18 32 18 10 8 23 28 17 7 9 18 33 18 10 13 16 27 19 9 10 20 29 17 10 6 18 27 20 8 10 16 30 16 10 11 20 30 20 8 8 15 31 19 8 38 0.08 16 
71 230 218 111 15 43 51 36 21 21 34 77 53 18 12 44 75 58 15 12 50 53 25 17 16 37 55 34 13 25 23 83 26 23 28 37 65 46 19 24 28 51 17 22 21 42 68 37 24 19 34 73 46 12 17 41 64 38 22 16 46 62 28 25 148 0.03 6 
72 33 191 71 31 71 101 92 32 23 81 108 75 41 46 67 106 59 27 34 65 108 69 37 38 68 131 80 27 44 77 113 71 28 39 72 90 69 44 37 97 132 56 38 45 56 114 79 41 35 45 140 48 42 43 60 97 53 37 33 87 128 84 36 142 0.09 18 
73 247 180 52 12 23 24 28 6 12 38 46 13 22 11 33 40 28 18 16 34 68 30 15 19 25 30 19 13 12 40 59 47 13 7 27 66 26 16 13 10 62 32 9 13 27 40 28 18 15 29 42 19 18 16 28 65 24 10 1 22 29 39 12 78 0.03 6 
74 188 293 159 24 58 69 56 20 16 34 102 58 21 32 59 100 69 31 24 53 80 62 16 15 84 114 36 34 33 66 71 74 23 23 59 48 41 30 25 50 120 57 20 31 59 97 48 19 23 57 87 42 38 19 56 82 42 35 29 62 80 58 21 212 0.06 12 
75 418 180 30 5 15 30 12 8 7 13 17 15 8 6 11 26 20 6 7 15 26 12 8 8 17 25 10 8 12 14 15 17 8 6 19 32 18 7 6 16 32 14 4 10 17 19 12 7 8 18 33 12 6 7 16 18 11 7 6 15 30 16 12 45 0.09 18 
76 452 282 210 39 82 150 69 32 43 81 114 68 37 31 59 99 87 38 34 78 97 91 34 36 82 120 95 42 38 81 95 67 38 34 75 114 76 38 35 87 123 55 39 36 66 87 67 33 36 51 146 61 42 33 61 104 77 32 33 52 110 70 33 280 0.05 10 
77 380 216 105 20 38 65 42 16 17 25 61 44 22 17 38 58 31 16 15 31 74 40 16 18 30 67 33 18 13 33 53 33 14 16 44 56 39 18 16 40 56 41 20 15 26 45 30 18 17 33 67 34 14 20 31 52 35 17 19 34 53 27 17 140 0.04 8 
78 127 239 78 18 52 58 24 18 18 35 65 46 23 19 47 66 35 22 21 53 60 35 14 21 41 44 37 25 19 26 63 39 14 21 51 101 22 18 19 40 50 31 17 21 46 81 59 15 20 64 55 29 17 20 36 60 36 24 11 41 58 44 17 117 0.07 14 
79 34 386 100 26 32 91 59 31 27 59 78 50 38 32 56 64 47 27 23 33 71 69 21 24 54 75 32 23 17 32 82 43 23 25 37 67 37 25 21 46 81 76 20 23 59 71 52 27 26 55 67 51 32 15 40 93 59 22 24 55 78 62 30 150 0.05 10 
80 138 96 30 4 11 40 10 0 0 23 8 22 0 6 9 21 16 3 7 16 0 8 14 7 8 35 13 5 5 12 38 2 3 12 0 8 16 10 4 3 24 4 6 7 7 16 11 8 6 1 11 18 3 4 8 9 14 0 3 6 6 7 10 40 0.07 14 
81 82 105 45 7 19 23 19 6 5 17 42 14 6 9 17 24 24 8 6 13 18 13 8 9 20 38 18 9 3 15 17 16 10 8 6 32 7 8 6 13 18 11 10 7 12 37 19 5 7 13 27 12 11 5 11 27 15 8 5 18 16 14 6 60 0.02 4 
82 263 81 43 23 49 70 48 20 24 43 67 48 26 21 47 97 44 23 27 39 68 38 21 24 35 82 47 15 20 37 93 43 19 18 43 61 47 25 21 33 63 31 22 19 42 88 38 18 19 33 67 33 20 25 49 69 37 19 23 44 86 45 18 86 0.04 8 
83 243 407 264 41 80 162 91 53 36 88 128 107 48 55 90 161 75 37 39 78 126 97 37 32 96 124 106 40 42 98 173 79 38 57 84 119 130 45 45 115 116 70 59 52 80 134 75 55 52 75 168 86 31 39 76 125 98 50 45 91 181 76 28 352 0.09 18 
84 124 63 24 6 21 51 28 8 16 34 34 16 11 10 22 35 34 12 11 23 45 20 12 6 25 34 28 7 9 25 54 5 10 5 12 33 25 12 8 30 33 19 11 12 31 48 25 17 12 26 14 22 17 14 27 47 20 14 9 21 19 27 15 48 0.03 6 
85 283 197 196 50 93 138 90 47 41 105 175 118 63 51 91 164 112 49 49 108 126 79 52 58 81 152 106 50 39 88 149 93 37 49 108 150 106 47 45 102 150 99 54 46 101 184 86 53 50 74 140 99 58 44 91 147 96 58 47 124 206 77 49 294 0.02 4 
86 77 317 93 46 87 150 72 46 45 93 146 72 53 38 78 146 111 46 44 87 149 88 43 51 97 136 108 52 51 90 173 86 54 48 107 191 93 51 52 99 177 86 42 48 75 173 91 48 53 94 134 86 47 39 93 145 101 44 51 99 128 104 49 186 0.07 14 
87 5 76 98 53 86 169 106 53 61 87 172 95 47 53 96 134 93 45 44 90 211 119 53 46 105 141 91 50 57 81 187 93 46 54 107 157 79 50 44 86 167 113 45 52 113 170 86 47 50 107 179 77 55 55 94 146 90 46 49 108 179 88 51 196 0.09 18 
88 41 309 162 45 74 147 81 44 32 107 142 74 47 43 82 162 75 43 40 72 138 85 35 43 88 125 75 32 37 96 131 68 38 49 84 126 89 35 31 99 145 85 39 48 67 130 87 35 41 90 122 73 51 41 98 120 91 40 39 79 135 64 34 243 0.06 12 
89 276 251 78 15 19 41 19 11 11 22 38 24 11 13 32 50 23 11 13 23 49 28 14 12 20 47 20 15 12 28 43 27 14 9 28 41 29 15 11 29 43 30 13 14 20 44 26 11 14 27 41 24 15 10 29 45 31 14 14 23 39 29 10 104 0.04 8 
90 224 456 36 15 40 66 26 18 13 35 62 32 16 18 42 46 24 20 16 37 86 41 17 16 42 58 36 16 17 24 71 37 14 14 36 54 44 16 14 50 66 39 14 17 28 56 41 17 20 44 64 39 16 19 34 64 36 15 21 26 68 33 15 72 0.08 16 
91 59 350 51 7 12 20 15 7 13 18 23 26 7 10 17 31 22 11 8 16 17 25 10 9 13 27 15 8 7 12 23 25 10 6 4 39 15 8 2 6 13 18 8 6 24 26 30 5 6 19 17 18 6 8 18 57 24 7 7 20 28 17 10 68 0.07 14 
92 440 121 228 34 65 113 69 39 40 80 109 85 35 36 65 143 80 39 38 59 133 72 42 44 80 127 78 40 32 89 122 85 50 34 81 111 75 29 43 70 140 58 43 36 67 130 76 33 32 69 127 81 32 46 63 135 80 40 35 91 146 83 43 304 0.08 16 
93 380 22 39 4 8 24 5 2 9 10 14 10 7 8 0 23 7 9 4 13 20 11 3 1 14 12 3 16 14 16 13 10 6 0 5 23 22 4 4 11 23 11 5 1 18 31 8 1 12 1 45 35 2 13 13 20 15 11 7 2 21 22 11 52 0.03 6 
94 337 426 164 34 88 154 86 34 44 86 148 72 32 35 85 159 77 35 40 91 131 68 43 37 91 118 75 47 36 81 162 71 44 40 78 141 86 40 38 68 159 86 41 36 69 162 76 44 50 91 157 77 46 43 66 127 88 47 37 85 129 73 36 246 0.09 18 
95 390 404 26 6 24 8 13 8 5 24 35 14 13 11 30 23 29 9 16 33 25 27 14 8 24 29 27 12 11 56 34 32 13 26 16 52 42 13 21 24 29 16 16 16 38 45 33 8 12 20 35 28 12 8 42 54 31 10 17 36 54 37 8 52 0.04 8 
96 14 168 288 41 81 192 109 57 47 76 186 97 45 60 92 196 89 33 34 84 138 93 50 58 96 127 84 52 39 98 141 98 49 42 93 139 81 68 43 97 131 106 41 49 101 130 100 52 52 83 160 77 47 52 109 139 101 40 45 86 137 111 52 384 0.09 18 
97 284 28 33 15 20 46 35 14 16 40 60 35 18 13 47 42 46 18 16 52 19 18 16 15 34 65 35 15 23 45 64 48 10 14 35 66 21 15 13 39 56 11 21 15 32 50 23 13 11 23 39 45 20 27 18 34 35 17 12 37 24 47 17 66 0.07 14 
98 151 123 164 41 103 135 69 45 48 91 143 87 43 34 68 140 83 37 43 68 119 91 42 44 84 140 84 42 37 86 146 87 42 37 89 109 83 50 39 86 132 73 30 41 105 133 92 53 29 92 127 68 30 42 82 143 86 42 45 78 156 60 50 246 0.08 16 
99 391 11 186 50 110 186 118 59 51 98 142 107 51 47 72 162 89 42 42 98 154 99 38 45 99 143 86 40 48 107 174 102 46 38 103 132 98 49 42 108 118 83 48 47 81 159 93 56 57 94 158 106 40 54 106 129 82 47 51 95 156 80 52 279 0.07 14 
100 271 11 216 40 61 115 87 31 50 55 122 79 25 36 68 138 82 31 25 83 135 73 41 31 64 150 74 37 38 77 133 98 47 41 82 122 76 37 34 81 149 56 48 38 85 101 89 40 31 68 112 79 50 41 66 120 66 38 42 48 130 55 28 288 0.03 6 
