150 20 12250
0 474 121 25056 16648 16640 16649 16650 16648 16647 16648 16644 16649 16660 16649 16649 16646 16647 16660 16651 16647 16654 16645 16641 0.01
1 219 42 57 1 4 84 17 8 10 23 25 11 9 6 14 72 19 0 13 2 30 30 15 1 16 53 22 9 10 6 33 13 6 6 25 37 27 11 16 25 19 22 0 10 12 32 16 4 5 5 28 15 11 1 21 19 14 10 17 25 53 8 10 4 11 28 13 22 9 28 46 11 22 76 0.02 4 
2 223 497 96 17 26 18 33 13 17 16 32 44 22 9 29 50 28 14 22 46 39 36 19 15 35 63 27 19 17 31 72 29 3 16 25 45 34 15 11 26 71 30 13 13 10 45 41 27 21 28 22 56 12 14 15 51 34 13 22 33 38 25 15 11 17 76 13 18 1 20 75 39 10 128 0.09 18 
3 178 456 162 46 89 160 102 35 35 82 129 100 33 44 92 130 91 35 41 64 141 71 40 38 88 116 80 34 43 69 132 79 46 33 84 125 84 35 30 96 113 102 37 44 62 166 90 44 48 94 150 76 47 39 77 160 91 34 38 74 141 91 38 40 61 162 97 46 34 99 146 73 38 243 0.06 12 
4 397 485 297 42 115 155 101 42 58 109 184 106 45 53 91 190 104 55 44 103 178 114 48 43 111 161 112 56 47 101 201 91 51 59 86 176 89 57 50 100 182 99 51 52 87 154 115 59 60 121 165 124 54 59 79 159 109 44 42 91 138 109 49 51 117 168 120 51 49 105 177 102 47 396 0.08 16 
5 286 78 132 26 54 96 71 31 31 63 106 75 30 29 78 92 71 32 28 66 99 70 25 27 60 119 57 37 31 60 108 80 38 32 87 95 72 33 40 59 111 58 37 33 77 87 67 38 28 65 102 65 33 39 72 102 66 31 34 77 119 53 26 36 78 121 72 36 31 55 105 60 38 198 0.09 18 
6 263 419 176 51 77 177 83 35 49 83 146 86 45 36 97 143 80 47 38 87 153 74 40 50 95 171 105 35 43 106 164 96 51 39 77 159 90 46 50 103 156 98 47 45 67 134 90 46 43 92 154 102 37 39 59 158 97 43 36 85 132 110 40 31 101 132 98 40 43 73 165 85 38 264 0.09 18 
7 319 388 64 15 34 38 31 17 12 39 57 25 15 14 46 83 28 17 14 24 66 29 19 16 27 42 29 14 20 25 56 37 14 15 48 67 36 21 14 23 43 40 24 16 36 51 38 16 18 42 54 33 16 14 38 78 38 16 17 23 51 26 14 15 44 59 40 15 21 28 79 32 15 96 0.05 10 
8 239 78 154 36 88 119 65 41 38 79 108 90 33 33 69 114 78 41 40 59 117 90 39 31 79 142 71 34 42 74 142 91 41 38 84 134 73 43 35 89 129 91 43 29 90 136 72 38 43 74 129 94 39 39 87 139 78 33 43 64 135 72 41 46 91 120 71 33 45 81 166 91 36 231 0.09 18 
9 99 309 30 3 12 28 7 4 12 8 31 7 5 0 5 11 0 1 6 8 15 4 5 3 18 18 4 5 5 15 11 17 5 5 10 32 14 4 3 13 31 22 5 5 9 28 9 4 9 10 18 12 9 7 9 0 2 5 5 7 18 16 10 5 11 28 5 5 3 4 11 14 7 40 0.06 12 
10 131 476 75 27 72 93 77 33 36 97 208 79 38 37 61 140 90 47 42 81 119 67 37 37 94 127 62 36 30 65 139 81 36 47 83 110 91 35 32 75 148 64 40 41 80 111 87 36 42 70 152 87 48 26 68 103 85 38 37 89 114 69 38 28 73 119 78 37 43 56 131 69 34 150 0.08 16 
11 472 259 116 23 57 85 55 23 22 53 124 60 34 30 55 97 63 30 29 51 83 60 32 23 55 110 59 29 26 58 90 55 26 30 47 98 71 29 31 57 102 53 27 31 50 83 49 30 27 55 96 55 29 28 68 103 58 29 32 60 92 70 32 32 45 79 54 27 36 52 107 51 31 174 0.09 18 
12 324 485 97 51 112 173 104 39 44 94 156 119 54 51 117 165 119 56 48 77 140 113 56 52 95 158 85 51 48 77 139 112 45 42 113 179 102 51 62 92 163 110 56 41 120 151 118 61 43 106 142 108 61 50 92 178 85 44 29 94 171 67 42 49 95 147 99 50 44 100 149 106 54 194 0.07 14 
13 127 160 25 13 41 41 25 11 21 12 32 16 9 14 19 55 17 19 16 24 55 32 9 9 20 58 32 10 7 15 40 31 12 8 29 55 28 14 7 20 12 31 16 8 26 43 16 16 15 30 32 29 10 8 26 58 30 7 8 32 40 25 9 12 22 53 22 7 9 29 49 20 18 50 0.09 18 
14 402 29 120 16 43 38 41 15 21 44 60 42 17 20 47 55 58 20 22 46 79 37 20 12 46 70 38 26 15 41 82 45 22 18 38 75 53 22 14 53 78 59 18 21 27 68 47 21 32 36 48 35 28 25 27 86 25 14 16 45 47 31 25 19 53 61 34 25 21 35 49 36 8 160 0.05 10 
15 486 329 20 11 27 42 11 3 9 5 37 23 6 12 12 14 1 5 8 18 67 14 12 4 14 17 13 10 10 20 6 22 16 7 38 50 19 7 7 26 1 28 12 21 22 30 16 4 13 10 40 4 11 15 18 27 15 10 11 15 53 5 8 13 7 16 7 7 9 11 46 15 10 40 0.09 18 
16 402 367 75 31 66 107 74 31 33 85 117 73 30 37 61 115 84 31 34 60 125 67 31 40 73 107 73 30 43 89 106 79 39 31 83 113 72 31 37 82 122 81 45 36 86 109 77 30 37 62 139 65 36 31 75 121 68 41 40 69 129 76 39 34 70 108 73 34 32 78 140 61 43 150 0.04 8 
17 316 180 22 12 4 3 14 5 0 14 13 12 9 13 11 12 12 4 7 29 9 21 9 9 18 14 17 1 3 16 17 8 9 9 1 28 9 0 5 7 0 17 1 4 15 2 6 6 11 13 12 10 6 9 19 0 5 13 2 4 29 7 7 8 20 29 18 8 1 9 27 22 3 33 0.09 18 
18 91 131 156 34 58 86 41 22 23 47 95 54 26 19 76 101 47 26 30 43 90 42 27 28 45 107 56 24 16 44 72 39 25 30 43 94 51 23 22 61 99 70 21 19 62 82 47 26 22 55 86 69 29 28 43 98 62 25 29 43 91 40 19 27 47 109 43 24 21 53 91 48 21 208 0.04 8 
19 408 375 66 40 66 96 65 33 35 61 115 72 26 29 62 125 62 31 37 70 104 58 34 29 70 123 58 36 25 63 119 75 32 26 54 109 67 36 39 76 130 60 30 35 80 95 71 30 37 60 120 75 34 33 82 124 59 32 28 74 115 54 28 39 53 107 54 28 28 78 97 74 33 132 0.09 18 
20 196 114 188 39 136 157 78 61 51 93 168 79 51 66 58 179 114 53 44 97 133 106 43 46 73 126 97 52 56 81 133 118 43 43 107 201 86 39 50 64 204 114 45 40 85 157 106 57 50 121 162 64 51 40 93 150 112 40 37 88 171 81 53 46 74 119 78 57 54 84 115 97 45 282 0.06 12 
21 90 106 25 14 29 69 21 11 13 27 41 18 12 9 19 60 27 12 19 22 26 19 11 15 19 50 30 11 19 22 38 28 12 11 31 26 29 10 12 21 36 30 9 11 23 33 23 15 9 26 44 22 13 17 21 51 19 11 12 21 46 25 11 11 24 40 23 10 10 27 51 19 8 50 0.07 14 
22 433 374 32 7 25 9 25 1 16 15 24 18 13 9 22 49 25 7 4 28 52 22 5 13 16 31 21 10 9 16 42 12 2 5 18 28 13 4 2 16 13 11 2 12 16 32 25 6 4 6 17 9 9 4 12 22 10 6 5 21 42 7 8 10 10 22 21 9 8 12 23 15 6 48 0.08 16 
23 104 270 100 47 104 154 100 56 56 91 166 85 51 41 98 159 85 39 53 91 165 113 49 57 88 148 119 52 42 105 187 83 51 52 91 146 82 56 54 84 151 114 57 53 118 186 92 58 41 71 164 97 53 52 111 173 101 48 50 85 186 93 54 52 99 169 82 37 50 103 138 77 54 200 0.03 6 
24 193 231 129 19 42 108 32 19 24 40 44 47 12 22 44 58 36 24 19 37 79 31 22 19 44 53 41 21 25 35 77 52 31 18 37 55 35 17 22 42 85 34 19 24 29 75 34 20 21 21 95 37 23 22 39 64 44 25 19 50 90 42 21 20 54 67 48 22 22 50 67 41 13 172 0.04 8 
25 145 286 183 28 55 104 60 37 37 64 118 64 34 31 55 83 76 33 35 68 110 63 28 22 54 104 53 22 25 59 90 58 29 29 62 105 63 24 23 59 124 58 32 39 59 102 68 23 33 60 96 62 27 34 65 88 68 31 26 57 86 55 33 35 75 102 56 26 34 67 111 52 39 244 0.03 6 
26 340 108 105 21 36 29 42 18 16 20 73 48 4 17 43 28 25 16 15 47 42 39 16 13 24 70 27 8 25 32 79 47 16 13 36 36 36 24 14 43 66 47 22 11 22 31 49 13 9 29 69 27 18 3 25 71 18 13 21 41 32 38 16 20 24 64 38 7 13 34 44 37 16 140 0.08 16 
27 50 427 79 22 95 120 63 39 45 90 121 67 30 36 64 96 77 47 28 75 118 89 40 42 66 173 72 34 44 75 114 100 33 46 96 160 83 52 45 79 101 52 42 41 98 123 74 36 38 69 178 67 47 42 91 132 89 37 43 86 125 80 39 36 67 146 85 29 47 61 186 80 37 158 0.07 14 
28 163 81 114 29 39 66 51 14 27 48 54 40 20 18 28 56 31 11 12 37 67 28 20 21 33 62 47 17 21 38 50 43 10 14 29 53 30 14 19 27 68 39 19 19 34 58 41 14 19 29 59 42 20 18 29 78 63 20 21 25 91 43 18 23 40 63 48 23 13 27 78 47 25 152 0.09 18 
29 237 33 108 20 40 55 27 14 22 34 60 34 15 15 40 73 36 22 16 32 55 32 17 16 37 61 35 14 14 40 51 27 18 14 28 51 33 18 17 31 43 30 16 18 34 65 38 21 17 41 47 38 15 15 37 60 33 16 19 38 56 29 17 18 29 68 35 21 16 34 53 33 15 144 0.09 18 
30 169 324 46 21 43 76 37 22 20 56 82 40 17 21 44 86 47 26 18 43 67 55 18 18 41 79 38 22 23 65 77 39 20 18 30 78 43 24 21 41 75 47 19 22 36 81 41 21 26 49 85 42 26 19 39 75 53 29 27 31 83 48 23 20 49 89 39 20 15 44 66 54 22 92 0.08 16 
31 143 36 196 53 113 177 69 59 66 99 185 119 43 59 92 117 97 62 41 79 137 111 59 45 104 203 132 51 49 84 204 99 52 46 111 158 112 45 51 106 201 85 54 53 82 136 69 46 49 86 181 109 47 42 85 157 89 48 55 82 146 95 44 31 94 145 112 60 45 84 172 85 51 294 0.09 18 
32 329 25 68 38 83 82 74 41 26 91 97 72 35 28 58 119 57 30 29 68 146 62 40 32 76 116 63 33 32 43 123 76 38 38 72 105 72 35 24 72 101 83 34 45 47 107 87 37 32 78 84 75 34 40 73 104 81 33 29 48 126 67 38 28 62 120 79 37 35 68 122 98 35 136 0.06 12 
33 292 456 52 15 23 39 22 10 10 18 36 16 14 9 24 44 22 16 13 28 39 25 11 11 29 40 22 12 14 19 31 28 10 8 25 38 29 10 13 29 48 20 14 12 26 45 23 16 10 23 46 19 16 8 22 42 27 16 15 24 38 24 11 13 29 43 24 16 10 23 34 30 17 78 0.04 8 
34 233 69 144 39 82 93 92 39 37 73 107 91 45 28 63 123 63 39 42 66 109 75 40 31 63 146 42 38 29 79 113 64 37 40 55 153 69 35 34 68 85 76 26 29 50 154 97 42 25 82 104 63 33 35 75 82 77 32 39 76 156 48 40 38 51 124 80 37 34 57 132 76 30 216 0.07 14 
35 24 215 66 41 48 118 52 29 41 67 142 45 21 30 63 98 59 49 34 59 107 54 36 31 61 106 71 39 40 52 76 45 37 43 66 100 73 42 38 71 136 55 35 28 59 119 61 23 34 45 103 68 25 37 43 125 90 31 40 74 119 98 34 22 66 70 55 48 40 55 144 71 30 132 0.07 14 
36 116 423 264 52 108 169 91 39 44 83 161 92 36 48 67 144 74 47 39 101 146 89 48 45 82 167 71 39 39 82 178 75 50 47 103 156 86 47 45 90 158 78 36 47 103 145 67 43 44 95 151 93 42 53 69 150 103 39 54 86 170 95 45 38 98 134 80 38 38 99 143 94 34 352 0.04 8 
37 494 456 118 34 74 97 60 33 25 64 99 66 30 32 59 84 65 25 29 72 114 65 22 34 63 87 65 30 27 62 102 50 29 25 60 88 48 32 25 55 87 48 35 25 66 95 63 24 26 59 116 59 26 28 48 118 63 24 30 50 118 53 27 28 57 108 77 29 35 38 89 59 22 177 0.04 8 
38 17 332 69 14 22 40 27 12 14 16 38 22 15 12 16 35 19 11 11 19 39 21 16 9 21 41 16 11 10 20 30 22 8 10 34 32 22 8 10 12 44 22 9 12 25 42 25 8 14 25 42 17 9 14 29 28 25 11 8 21 34 20 8 17 20 28 25 11 12 28 38 19 10 92 0.03 6 
39 427 128 70 15 41 65 39 19 17 28 47 30 18 13 38 88 36 12 15 30 48 40 17 22 44 47 25 17 18 30 66 33 20 11 34 60 34 16 18 28 65 29 22 23 41 50 27 20 16 40 76 33 12 14 33 50 28 13 14 32 48 40 15 12 39 60 39 15 14 34 59 34 20 105 0.05 10 
40 48 357 240 40 55 136 69 42 40 96 131 91 50 31 70 127 85 62 36 66 185 92 53 45 82 153 84 46 34 83 154 60 32 41 115 152 68 58 32 79 143 79 39 33 103 113 70 42 31 89 165 92 44 45 45 117 76 36 40 85 121 60 31 33 56 201 66 43 47 67 149 61 35 320 0.03 6 
41 97 266 148 38 94 105 78 35 43 85 135 57 30 33 71 110 70 32 37 63 136 81 34 36 79 121 75 37 28 77 99 70 43 44 82 124 84 27 33 64 87 75 43 33 77 123 66 41 40 55 139 68 36 27 74 135 84 35 32 77 118 55 34 41 80 132 59 36 32 75 153 84 37 222 0.09 18 
42 214 342 48 12 12 54 29 9 11 25 45 18 16 12 34 59 26 9 15 16 30 29 11 13 23 52 20 7 6 26 39 21 11 7 19 40 29 13 15 20 42 21 10 8 22 58 14 6 7 21 40 20 12 7 19 29 26 10 7 16 40 20 14 8 14 30 17 9 10 32 37 25 11 72 0.05 10 
43 63 423 261 43 90 161 75 47 41 72 190 75 41 37 57 178 93 48 40 94 163 82 41 39 87 158 85 39 39 70 174 88 34 41 77 152 87 40 38 75 161 85 36 39 83 147 87 43 50 62 147 66 33 41 108 182 95 45 40 87 140 97 44 37 88 130 100 36 46 103 166 95 38 348 0.02 4 
44 234 399 180 28 49 110 55 27 24 53 81 51 38 31 74 129 46 25 29 66 112 53 25 31 58 122 53 31 30 67 112 68 33 32 71 111 65 25 28 60 100 58 34 29 52 91 52 33 27 68 97 60 28 26 65 86 63 28 31 56 90 64 30 32 56 98 53 24 27 54 116 66 36 240 0.07 14 
45 479 341 105 17 41 33 45 5 19 42 72 28 21 13 49 57 43 16 19 32 23 32 16 13 47 30 40 31 10 28 92 40 7 17 45 57 14 10 28 25 26 57 14 27 12 28 39 18 13 35 48 43 20 20 20 72 43 17 9 34 40 33 19 18 24 69 39 15 20 38 50 30 19 140 0.08 16 
46 304 218 279 38 98 140 93 37 44 98 128 89 43 44 96 170 89 53 56 98 172 87 43 53 106 149 92 44 42 79 149 85 50 46 111 146 98 41 40 107 178 91 37 38 110 173 103 38 45 74 139 104 42 55 105 159 100 41 52 113 132 105 46 42 99 148 71 46 43 81 140 106 40 372 0.05 10 
47 370 165 300 50 96 130 114 47 39 96 196 109 51 41 103 196 114 41 46 89 181 101 54 50 114 155 85 42 63 98 154 86 46 40 85 148 80 56 57 103 172 90 49 56 89 149 114 46 51 114 200 123 54 44 101 193 104 58 44 112 160 114 47 47 89 140 93 54 47 95 205 113 58 400 0.06 12 
48 142 377 153 17 69 88 51 22 35 36 106 44 21 15 47 93 39 31 21 71 74 55 27 33 45 117 68 35 25 42 80 68 19 27 51 88 30 19 21 46 95 56 33 25 38 58 55 28 21 43 83 45 23 23 57 66 75 20 22 54 59 46 24 23 56 70 69 23 26 33 75 41 33 204 0.05 10 
49 211 147 120 29 51 85 50 32 30 53 97 51 23 27 68 85 52 29 21 58 112 57 29 27 55 111 51 32 32 53 122 49 26 33 64 111 74 25 38 62 131 79 25 29 62 99 73 30 32 76 114 59 29 28 72 112 51 27 27 51 97 72 31 25 45 91 63 24 32 53 90 69 22 180 0.05 10 
50 453 47 58 15 29 44 30 20 16 19 37 29 13 10 13 39 27 15 11 39 49 46 20 18 26 62 16 19 9 27 49 9 15 16 29 22 20 11 11 17 60 23 20 17 34 29 40 16 22 45 50 22 10 14 38 49 37 21 16 28 24 38 17 10 13 62 35 19 15 30 38 42 16 87 0.05 10 
51 468 129 276 41 106 176 106 41 53 82 169 95 44 37 98 146 105 39 49 68 123 74 56 40 100 151 77 44 46 98 164 74 52 44 75 183 103 57 55 71 158 95 57 39 109 175 102 57 38 108 179 104 39 40 77 147 85 56 45 103 198 88 51 45 89 119 95 35 59 89 172 95 41 368 0.06 12 
52 32 418 194 51 112 146 126 41 41 72 182 101 44 58 79 172 94 40 36 87 176 92 36 48 98 198 75 41 48 106 144 79 40 47 104 155 89 44 53 94 194 77 46 48 118 185 95 44 51 84 164 82 54 39 91 158 80 35 47 97 202 106 45 37 88 165 90 54 52 98 154 87 40 291 0.03 6 
53 21 315 174 40 95 151 68 47 51 96 188 83 50 34 93 139 86 39 41 103 132 90 47 42 95 122 80 39 47 85 152 85 44 49 78 137 87 46 42 98 146 86 33 42 90 133 100 37 36 98 161 83 54 36 82 175 96 36 34 84 156 76 37 48 102 140 95 48 50 81 144 96 46 261 0.07 14 
54 172 376 18 8 13 27 19 9 9 16 33 19 7 11 20 38 18 8 7 23 42 25 11 7 16 33 22 8 9 16 32 22 7 7 14 29 17 7 9 19 28 13 9 6 18 22 15 7 7 20 30 18 10 7 17 33 17 8 8 22 25 16 10 7 22 25 17 10 9 19 32 18 8 36 0.07 14 
55 23 234 44 12 22 41 18 8 13 21 34 22 13 9 20 42 20 10 9 29 43 19 12 9 20 32 19 14 12 20 38 26 9 9 25 33 22 14 10 26 44 23 11 11 24 33 21 11 9 18 40 22 10 9 26 39 16 7 12 25 32 16 11 11 23 32 26 13 12 23 40 21 13 66 0.09 18 
56 278 190 52 27 54 87 42 25 26 47 78 47 30 23 62 97 60 19 21 45 94 44 20 29 46 94 48 28 22 62 78 47 23 28 51 73 44 25 21 42 86 49 23 25 47 105 47 21 30 63 98 55 25 29 42 90 53 26 27 48 85 59 29 25 56 101 62 23 22 54 96 48 24 104 0.08 16 
57 208 120 255 49 85 145 77 38 47 91 134 87 44 44 98 158 77 43 40 91 119 91 33 38 74 131 87 44 36 80 178 76 42 47 87 159 80 50 47 103 127 67 48 41 89 151 91 37 40 77 167 113 41 37 98 117 94 42 38 100 122 99 50 36 83 137 70 38 33 92 168 62 39 340 0.08 16 
58 392 253 69 9 14 32 30 14 17 34 43 26 11 16 29 15 17 7 12 41 41 27 10 6 20 56 34 6 16 26 26 18 14 11 0 13 15 21 6 9 57 17 9 13 24 51 26 9 15 28 19 21 8 5 14 57 9 23 6 42 41 4 15 12 23 45 12 8 9 28 38 24 3 92 0.02 4 
59 256 306 186 49 117 146 75 46 40 98 169 101 39 46 101 150 107 47 45 95 142 79 39 38 87 192 106 39 39 86 150 94 55 52 101 158 84 38 55 96 195 98 48 41 82 165 103 44 46 116 138 108 40 45 111 157 77 38 42 71 122 97 50 38 110 176 79 44 43 101 152 106 43 279 0.02 4 
60 98 149 159 28 46 99 40 31 24 42 61 61 25 22 44 81 44 25 25 54 82 51 32 32 53 110 67 21 24 54 73 39 32 23 53 89 47 21 22 50 101 42 29 31 41 80 54 21 24 60 98 54 28 22 65 111 50 30 32 56 77 51 27 36 47 79 45 25 26 58 94 44 23 212 0.02 4 
61 196 87 35 17 30 74 43 21 18 41 59 31 15 17 31 63 28 11 13 33 52 40 20 21 37 57 32 18 19 34 51 34 20 17 25 65 41 20 18 37 59 39 18 19 34 62 31 16 11 33 50 38 17 16 31 60 35 17 21 36 55 26 17 18 40 51 30 15 14 29 53 26 16 70 0.09 18 
62 143 80 100 42 99 174 100 55 45 112 184 104 45 54 109 173 107 49 48 114 198 111 51 42 114 174 104 42 57 81 152 109 54 47 88 195 123 50 60 84 148 105 59 53 91 176 95 38 51 94 156 129 57 45 102 151 115 40 51 91 147 97 51 43 96 190 103 57 50 110 191 100 56 200 0.06 12 
63 488 159 50 8 30 45 20 11 16 36 31 23 9 9 13 32 34 12 15 28 37 28 12 13 25 33 32 11 11 18 32 34 10 7 24 37 18 9 13 22 40 31 5 11 23 41 20 13 11 19 59 27 10 11 28 42 23 11 12 23 42 25 9 10 25 54 21 16 10 20 34 24 10 75 0.09 18 
64 168 215 50 12 31 38 18 4 4 24 34 33 11 10 22 32 25 17 14 35 23 17 9 7 24 53 33 11 19 36 43 16 9 8 22 28 27 16 26 34 29 28 18 13 29 29 16 13 13 38 42 19 18 25 39 42 43 12 13 16 81 30 7 14 21 30 21 17 16 19 48 14 23 75 0.08 16 
65 469 445 114 13 43 64 38 24 17 51 52 28 13 19 28 78 43 25 12 31 62 31 16 14 35 64 44 16 15 49 87 43 13 11 47 37 34 18 16 40 64 29 20 17 38 73 30 24 11 56 71 50 12 12 38 54 22 16 17 40 39 37 20 12 31 69 59 17 20 35 25 47 14 152 0.09 18 
66 490 481 90 41 86 156 94 43 42 101 165 90 50 51 77 160 86 44 38 94 133 97 41 46 97 160 91 40 53 92 165 99 44 47 74 168 96 48 50 72 176 80 51 48 97 170 88 49 47 74 127 103 46 52 81 170 90 48 38 79 160 83 45 37 80 133 78 56 43 97 180 102 42 180 0.05 10 
67 457 246 84 25 34 63 46 15 24 39 71 42 19 17 37 75 49 24 23 53 71 43 22 19 40 75 32 17 17 37 102 50 23 25 51 46 51 23 22 34 70 39 19 17 42 67 51 20 17 48 75 51 20 25 46 57 51 14 17 36 57 32 13 24 53 61 53 20 20 42 66 33 22 126 0.05 10 
68 58 211 72 27 33 65 28 14 24 39 40 46 17 33 29 90 42 12 20 39 37 30 22 19 36 71 22 26 8 12 46 39 14 18 30 56 41 16 14 28 68 53 18 21 24 55 11 22 17 53 61 38 15 23 26 35 32 15 17 53 71 34 16 16 23 68 42 20 20 30 69 33 15 108 0.09 18 
69 144 333 105 15 36 65 60 12 9 37 62 44 20 22 26 52 29 14 18 30 59 46 17 13 36 85 24 22 14 30 36 37 28 18 28 42 22 21 13 53 64 41 21 1 22 36 31 15 26 36 45 30 23 14 23 67 34 19 18 41 33 24 12 17 21 65 44 18 11 22 50 39 18 140 0.08 16 
70 384 485 21 8 1 28 24 6 18 30 37 11 11 9 5 43 15 17 10 1 42 23 0 19 5 21 17 15 7 36 29 8 16 11 31 11 21 11 7 13 55 12 7 6 25 58 23 10 13 15 37 20 12 13 26 31 35 16 13 25 45 27 10 0 14 15 34 5 12 16 51 14 7 42 0.05 10 
71 156 362 24 8 7 39 18 4 2 1 0 4 13 2 17 12 8 14 0 17 13 9 9 6 13 16 0 9 10 26 0 12 0 10 12 19 2 7 2 7 30 28 3 0 17 30 7 6 7 8 20 9 3 9 0 31 25 5 5 3 27 6 4 2 21 25 23 6 6 16 14 3 9 36 0.06 12 
72 98 121 252 43 82 115 89 40 46 77 148 75 39 44 63 161 86 39 49 87 120 78 45 42 105 138 84 61 40 83 157 76 39 35 74 170 88 42 46 62 119 82 40 36 89 176 68 35 41 77 157 77 50 38 64 134 97 43 42 60 141 93 39 53 112 128 80 54 56 71 131 114 39 336 0.06 12 
73 230 236 40 13 17 36 23 10 13 4 22 15 8 10 15 25 20 14 5 24 30 7 8 0 29 27 22 8 9 26 36 21 8 6 22 37 25 8 9 13 31 18 11 12 23 31 20 6 9 5 28 16 11 10 20 24 14 7 11 30 49 16 14 6 29 49 21 10 11 0 51 18 11 60 0.04 8 
74 490 90 13 0 15 22 13 10 13 11 8 2 11 8 25 0 11 6 4 19 19 23 9 7 3 36 7 4 2 9 14 10 2 9 6 25 24 9 6 9 44 19 4 6 7 41 32 7 13 15 29 9 6 5 4 31 17 5 3 30 17 0 5 0 21 39 0 6 2 17 16 12 12 26 0.06 12 
75 341 285 62 18 27 42 43 14 16 29 29 27 8 22 27 50 38 18 14 28 46 35 10 16 32 49 29 9 15 23 35 13 14 16 29 31 26 15 12 9 66 17 17 12 24 49 38 10 16 37 58 33 20 19 32 72 28 13 8 21 48 32 18 15 23 54 36 11 17 29 72 26 18 93 0.06 12 
76 412 492 156 26 60 102 46 30 29 60 82 52 26 24 42 70 44 20 30 60 92 52 20 23 47 88 55 28 26 52 108 61 36 22 40 100 65 20 27 64 90 57 22 29 42 77 40 21 26 57 94 48 27 24 49 89 46 31 27 65 77 53 30 20 72 89 56 21 26 56 80 62 38 208 0.06 12 
77 73 465 64 15 38 51 32 17 13 28 61 40 16 20 33 62 34 13 15 24 56 27 15 18 36 48 36 14 16 32 57 37 17 16 24 40 27 13 19 31 59 36 14 16 27 46 38 19 15 28 68 28 18 17 39 44 37 15 17 24 63 40 13 14 30 51 27 13 13 36 51 25 12 96 0.04 8 
78 439 38 61 27 60 84 54 28 32 54 111 62 23 31 44 93 67 34 21 55 122 82 32 33 75 91 65 21 24 52 127 60 29 37 65 72 71 31 33 70 90 60 28 31 47 93 66 37 31 40 109 75 34 26 61 106 79 26 37 52 108 62 38 29 55 91 57 38 45 53 120 60 19 122 0.08 16 
79 45 131 270 33 81 180 101 36 38 93 131 99 39 55 88 160 85 42 39 89 144 81 46 34 93 139 73 49 35 108 183 89 37 35 90 129 102 51 47 118 169 109 46 47 79 135 100 48 50 107 124 85 34 36 75 124 66 34 60 91 151 101 40 37 89 149 70 46 41 71 157 98 49 360 0.06 12 
80 446 330 75 31 78 145 57 43 31 69 165 89 31 43 71 142 68 33 46 84 135 78 37 32 87 97 78 37 41 86 113 75 47 45 75 134 74 39 30 81 113 77 42 42 79 157 66 31 37 59 157 74 37 51 63 130 92 40 47 68 104 71 45 43 78 144 81 33 37 85 125 68 41 150 0.02 4 
81 153 281 200 51 120 157 98 50 52 111 134 86 57 56 99 139 125 49 51 97 180 97 45 38 115 149 98 53 42 89 134 94 47 59 88 140 88 52 54 106 193 82 61 50 98 158 114 57 44 110 153 80 60 37 104 186 101 65 47 116 193 86 42 62 90 170 125 50 51 80 187 95 44 300 0.03 6 
82 24 343 128 36 60 100 67 40 31 71 101 84 33 31 57 102 66 25 31 61 103 57 28 42 71 111 78 19 25 53 72 80 26 41 59 123 84 31 38 61 106 56 29 31 52 88 57 33 24 47 116 60 30 38 72 140 60 23 26 68 117 68 33 26 64 106 65 26 35 55 120 44 36 192 0.04 8 
83 54 426 162 19 44 83 52 38 28 57 110 51 25 30 39 89 45 16 29 46 112 58 19 26 49 95 57 33 23 50 59 62 26 33 53 73 50 35 18 46 69 70 28 27 53 99 69 28 24 73 86 49 22 24 40 88 67 27 26 64 67 47 23 29 57 91 51 38 23 53 90 49 17 216 0.02 4 
84 422 347 225 46 82 133 55 29 30 67 153 64 34 32 56 168 71 50 27 105 123 78 44 39 71 91 78 33 42 77 114 85 28 38 83 134 72 38 49 69 145 83 36 39 40 99 88 35 41 74 125 60 42 30 84 109 70 40 47 69 134 98 39 40 68 106 71 36 37 55 122 90 38 300 0.05 10 
85 287 278 60 14 33 44 31 13 12 37 62 22 16 12 35 45 33 16 18 29 39 33 15 17 29 50 31 15 15 33 50 36 16 15 33 43 31 17 12 30 42 25 13 17 25 57 35 17 15 36 49 30 16 16 38 51 33 15 19 23 56 30 15 12 25 48 22 16 13 38 57 25 13 90 0.03 6 
86 178 277 166 47 71 141 54 27 33 77 120 63 41 39 73 156 60 36 37 76 128 91 35 37 59 108 93 41 45 75 140 73 38 47 95 139 100 33 37 85 126 75 43 42 73 151 68 52 48 97 128 91 28 52 72 170 88 38 47 96 121 67 43 35 112 143 80 37 46 84 114 77 41 249 0.06 12 
87 195 17 184 54 77 174 84 38 43 102 179 81 39 58 80 139 98 38 40 90 169 87 60 46 118 145 85 44 39 98 189 99 40 38 101 142 111 55 47 83 124 78 38 52 80 150 96 51 56 83 184 95 45 49 108 137 121 41 45 110 143 80 37 43 87 132 117 50 49 83 169 107 57 276 0.04 8 
88 99 437 171 28 72 119 58 34 27 47 75 48 37 24 62 92 50 21 28 70 103 60 29 26 45 98 51 33 20 69 107 65 25 29 58 100 51 32 26 66 93 59 36 31 48 96 53 28 33 60 77 43 33 33 53 98 52 32 27 57 87 60 24 19 62 104 49 25 23 57 105 43 31 228 0.04 8 
89 137 416 114 16 32 67 37 21 16 43 66 44 19 15 36 67 35 22 16 32 80 41 16 16 34 55 44 15 19 42 73 36 20 20 37 66 36 22 14 33 69 38 20 20 33 60 40 15 17 40 75 36 23 21 36 62 35 18 19 37 64 41 19 21 36 64 29 20 16 45 55 36 21 152 0.03 6 
90 283 113 90 24 60 60 40 23 17 63 81 37 18 20 67 87 34 19 24 46 85 47 17 21 49 58 41 21 13 34 80 56 9 18 47 46 31 22 37 44 68 49 24 21 37 58 19 13 18 46 74 49 25 15 33 62 28 26 23 39 75 28 31 21 41 86 44 22 21 38 111 44 30 135 0.05 10 
91 267 339 186 36 51 110 58 30 27 53 100 68 31 33 58 116 65 27 39 49 108 64 27 31 78 86 74 26 31 73 79 51 27 29 65 117 66 38 30 59 101 46 29 30 56 121 59 24 35 55 92 65 29 29 54 70 46 34 27 63 113 51 38 33 73 109 54 30 25 60 119 70 27 248 0.08 16 
92 348 13 32 12 50 65 30 18 8 32 33 19 29 10 18 67 42 14 11 24 91 40 22 21 34 40 50 13 13 27 53 41 14 17 20 43 30 12 7 28 36 31 13 24 27 37 16 9 18 24 50 32 15 20 26 50 15 18 14 39 60 13 12 16 52 25 22 17 11 35 63 40 11 64 0.06 12 
93 433 217 53 19 50 96 44 25 25 46 66 73 14 31 46 65 58 26 23 57 102 57 21 26 53 62 62 16 30 42 101 53 30 22 39 86 37 26 25 60 96 71 23 31 56 111 56 23 35 48 83 60 30 30 50 85 61 22 26 42 69 51 24 23 77 95 67 16 16 51 71 49 34 106 0.09 18 
94 31 449 74 33 85 95 67 27 36 90 117 73 26 42 56 117 69 39 37 68 107 57 44 28 61 149 75 32 37 62 125 77 27 42 75 143 85 32 39 80 137 87 38 33 90 120 80 36 26 70 86 79 27 51 57 146 84 35 33 83 98 84 41 30 61 118 81 31 27 83 132 94 37 148 0.03 6 
95 32 217 135 30 45 91 50 24 18 47 100 35 25 36 29 64 33 16 26 52 57 49 22 23 50 66 45 22 19 49 45 44 18 22 36 84 43 25 18 56 59 40 29 22 50 61 45 16 17 37 72 32 22 21 49 76 45 19 16 29 83 41 27 22 61 73 41 22 20 44 69 31 18 180 0.09 18 
96 400 246 194 52 89 194 92 44 40 100 154 97 54 40 101 136 83 47 45 99 190 110 44 42 93 166 103 46 42 92 170 104 55 40 92 189 101 40 59 98 148 118 49 48 96 184 87 54 55 81 188 110 55 42 89 180 96 56 37 93 178 104 43 49 87 167 118 46 47 118 167 87 54 291 0.07 14 
97 158 444 33 3 0 0 19 4 4 0 47 15 5 10 15 22 2 0 10 35 26 25 7 8 22 49 21 4 2 6 0 1 0 0 7 1 22 0 10 0 6 16 4 1 6 0 1 5 0 5 29 21 3 10 0 29 0 9 0 11 19 9 9 6 21 4 18 0 17 10 9 24 7 44 0.02 4 
98 45 172 110 25 57 95 53 28 31 50 91 59 21 27 52 106 45 31 23 54 99 56 23 23 52 94 52 23 30 61 99 57 23 28 60 103 46 25 28 63 104 60 25 25 56 80 60 23 32 53 98 48 21 25 65 104 53 27 27 53 91 49 29 33 57 111 55 23 29 57 83 47 21 165 0.08 16 
99 268 155 51 23 59 90 47 35 30 67 90 42 30 20 55 100 68 32 31 39 76 61 26 23 57 60 54 23 36 57 62 46 31 21 57 69 45 24 29 49 66 35 29 28 49 89 25 18 24 45 116 66 23 34 39 72 67 30 27 43 75 43 37 28 55 101 35 18 14 64 68 55 15 102 0.07 14 
100 187 365 168 27 64 90 55 33 25 46 79 56 27 24 46 100 44 23 25 54 107 64 27 25 44 79 49 30 30 59 94 58 34 31 56 81 54 29 26 57 84 65 24 30 67 86 53 25 22 58 86 49 24 31 55 83 53 25 31 55 105 65 27 29 62 97 63 24 25 69 98 49 26 224 0.04 8 
101 346 246 85 51 81 132 101 42 47 79 159 78 44 35 75 139 85 32 41 69 171 91 40 39 100 145 82 43 41 78 177 89 44 42 78 111 85 45 34 88 125 70 45 46 95 187 94 36 43 83 143 75 31 38 88 147 85 44 39 98 123 71 43 42 70 173 82 38 41 88 155 92 49 170 0.06 12 
102 444 250 62 12 28 43 25 16 16 37 58 38 16 12 34 56 26 14 12 38 55 28 15 18 24 45 25 12 15 26 56 32 19 17 27 48 30 15 14 30 43 36 11 16 28 50 35 14 14 30 62 28 13 13 34 47 34 13 15 27 48 39 17 14 37 54 37 17 12 32 43 26 15 93 0.02 4 
103 280 374 176 40 73 153 100 41 40 84 148 83 41 39 81 161 78 50 57 100 191 82 46 37 93 117 86 41 42 76 157 86 47 42 85 146 99 44 42 65 143 73 48 38 72 143 98 46 48 83 147 87 50 40 63 130 108 36 37 103 147 98 37 49 73 120 92 40 51 72 160 101 40 264 0.08 16 
104 174 294 46 29 28 80 33 18 23 33 100 49 25 22 41 56 58 24 22 46 68 56 17 30 52 91 49 25 27 32 95 54 17 18 43 91 52 19 28 55 83 49 19 21 57 99 48 24 20 76 102 39 29 31 35 79 29 27 29 43 93 54 36 20 58 96 49 21 23 70 70 48 31 92 0.05 10 
105 104 423 36 11 0 23 10 4 5 17 0 30 9 14 16 38 22 10 9 15 28 18 8 10 9 51 5 5 13 40 39 0 8 2 12 25 21 7 3 0 25 0 19 7 27 15 25 0 9 7 40 28 7 0 20 0 13 0 10 7 25 13 6 3 13 17 3 5 5 16 13 14 2 48 0.05 10 
106 59 59 94 27 40 77 53 21 20 48 67 41 23 29 44 84 50 26 23 46 89 45 24 24 48 90 39 22 20 45 73 44 24 25 58 95 46 18 24 38 91 43 28 26 37 78 48 28 24 41 87 49 28 26 45 71 45 25 26 51 71 43 22 27 44 71 47 26 25 44 88 46 20 141 0.04 8 
107 251 423 43 17 44 85 53 12 17 42 78 52 15 23 45 83 32 21 19 49 66 28 22 19 38 49 55 18 13 29 67 45 28 28 44 62 38 26 12 21 58 34 23 23 50 86 41 25 20 31 37 56 18 17 57 81 53 34 13 53 60 35 30 19 55 68 38 27 25 52 80 36 21 86 0.08 16 
108 282 183 171 33 53 86 55 28 25 65 103 49 25 26 52 78 67 25 25 58 77 46 32 23 55 102 67 26 26 67 75 63 33 24 64 88 65 24 26 57 89 53 24 28 49 102 57 27 25 52 91 68 32 23 61 88 65 33 27 65 106 62 32 36 61 99 62 26 34 63 119 64 23 228 0.06 12 
109 307 332 13 0 10 22 16 2 15 0 32 21 1 9 0 26 12 0 9 0 17 8 8 14 27 8 7 7 6 8 17 6 5 10 19 3 7 9 0 27 0 0 7 7 20 26 3 2 3 30 43 7 10 6 10 26 12 0 10 3 46 6 12 0 5 7 0 11 0 22 21 18 5 26 0.08 16 
110 132 251 96 34 27 83 46 23 21 51 89 51 24 20 31 73 45 13 23 38 85 43 34 36 35 107 43 26 23 41 63 46 28 26 45 86 53 22 22 47 82 57 24 14 65 76 67 27 28 41 73 38 25 22 36 98 49 17 20 49 85 53 26 25 62 65 52 23 32 35 74 54 23 144 0.09 18 
111 303 468 63 0 3 48 42 16 2 20 49 10 10 8 43 9 11 12 10 16 36 21 17 18 10 82 29 18 7 16 36 18 8 5 13 67 21 6 19 10 46 13 4 11 22 68 27 10 7 16 37 25 13 7 20 57 32 7 4 39 52 15 2 18 31 40 3 10 10 8 17 20 16 84 0.09 18 
112 470 346 42 3 14 59 7 9 5 26 29 6 0 4 29 0 29 0 1 23 38 16 6 4 6 11 13 4 15 19 16 9 13 3 18 33 21 1 8 3 21 19 4 1 28 33 14 5 8 24 47 27 8 9 13 34 17 5 13 23 2 16 2 7 0 26 26 6 6 14 18 8 3 56 0.03 6 
113 290 408 180 39 75 106 74 28 30 45 122 65 26 26 60 101 53 28 45 73 111 80 24 36 51 101 70 32 45 54 128 57 29 30 48 105 68 30 27 69 88 59 26 24 45 128 77 35 33 68 123 58 37 28 39 92 78 27 27 56 128 68 25 30 60 97 55 30 34 46 127 56 32 240 0.03 6 
114 202 488 79 47 70 154 87 31 33 74 137 90 37 31 68 118 83 34 43 87 143 86 35 36 77 156 68 38 39 91 140 68 36 29 73 116 67 33 36 73 136 85 33 45 71 151 64 38 41 78 149 78 43 35 84 133 86 39 46 92 145 67 46 47 94 133 62 36 46 73 122 85 34 158 0.02 4 
115 394 321 16 9 11 27 15 8 7 17 30 19 3 7 20 22 18 6 7 23 23 14 7 10 11 32 12 4 6 15 24 17 6 7 18 32 13 10 8 18 40 11 7 9 16 21 16 5 8 14 24 16 7 8 15 23 16 8 8 16 28 15 9 3 18 36 14 9 8 15 21 16 12 32 0.07 14 
116 147 234 128 40 52 88 72 36 27 77 125 71 26 30 55 103 81 35 40 71 127 74 33 27 79 98 62 32 35 60 124 70 24 36 48 83 69 28 39 56 97 63 27 25 64 113 58 40 30 64 109 55 32 38 76 92 66 33 28 82 84 74 27 21 68 101 73 29 38 62 153 45 32 192 0.02 4 
117 456 69 285 39 74 152 100 46 43 98 190 109 53 46 99 129 77 44 49 96 149 79 44 41 79 143 92 51 40 97 164 74 53 43 85 105 126 49 54 117 185 106 60 55 95 177 99 49 51 110 172 115 53 36 97 165 87 45 43 98 194 95 53 41 81 160 98 49 62 111 142 103 51 380 0.03 6 
118 262 102 140 32 72 112 63 28 41 63 134 78 41 35 69 154 83 32 27 71 134 84 32 33 71 107 57 37 35 65 125 88 40 27 81 128 64 38 31 50 129 69 28 45 87 112 68 39 37 60 96 69 35 37 61 131 56 30 32 67 127 75 41 31 55 123 66 45 32 87 156 80 27 210 0.06 12 
119 469 62 93 19 39 42 39 20 20 29 58 13 22 16 13 66 46 15 9 31 18 29 12 20 43 35 37 19 22 32 55 31 5 20 37 91 23 10 11 22 37 50 25 9 22 46 22 14 15 7 58 28 16 8 47 41 22 15 9 38 42 24 21 15 32 32 28 21 15 30 42 44 15 124 0.05 10 
120 248 50 42 4 5 27 27 13 7 15 27 29 11 0 24 57 31 9 9 21 25 28 10 11 30 45 15 8 13 13 22 16 11 11 22 32 23 5 12 23 48 22 13 12 7 21 16 9 7 8 58 12 7 9 20 26 29 8 11 16 11 14 18 12 19 25 19 12 12 19 50 30 7 63 0.02 4 
121 445 137 47 28 43 78 43 19 22 43 79 48 16 21 49 67 45 18 28 51 76 37 19 24 39 61 39 24 24 44 72 47 20 18 65 97 47 28 28 52 80 41 22 23 58 73 36 25 25 42 83 47 23 21 41 101 49 22 23 48 58 47 18 24 38 65 55 27 21 40 79 55 20 94 0.02 4 
122 160 125 184 49 113 184 88 47 45 88 157 69 44 29 97 190 107 58 56 98 161 79 56 53 87 175 93 49 43 91 140 90 39 51 98 150 113 35 35 88 185 71 37 43 108 166 108 46 47 70 152 109 48 54 101 186 96 53 42 94 192 99 37 46 81 131 98 48 49 74 154 98 55 276 0.04 8 
123 268 496 156 34 89 137 69 34 35 78 147 73 37 39 70 126 81 30 33 90 150 75 31 37 72 136 62 33 40 90 109 71 40 41 98 160 90 39 44 73 139 66 32 43 81 139 61 42 37 73 137 72 46 46 95 147 76 40 33 94 111 98 34 37 70 109 93 41 32 70 110 86 44 234 0.02 4 
124 241 219 31 14 39 56 29 15 11 33 37 41 8 14 17 32 23 19 20 29 45 37 12 14 32 39 31 16 23 30 53 16 17 23 15 38 43 19 17 32 59 27 17 12 32 52 23 13 18 36 35 34 22 15 36 28 37 18 10 37 52 24 9 21 34 65 39 16 17 19 40 26 18 62 0.04 8 
125 201 422 28 1 22 23 20 6 8 13 20 0 8 5 17 21 18 7 6 9 14 15 11 5 6 40 18 5 8 17 34 16 7 10 10 14 19 7 3 4 24 4 7 5 20 20 18 11 3 10 28 8 5 7 15 20 34 4 13 20 29 17 3 8 17 18 14 9 3 0 4 17 1 42 0.06 12 
126 276 92 17 3 17 33 25 10 9 26 15 29 6 9 18 25 10 7 10 14 41 14 7 6 15 33 25 8 12 10 38 6 8 9 22 30 20 5 15 20 29 10 4 4 7 38 21 9 11 29 13 19 4 7 13 22 17 6 5 18 50 14 8 7 21 33 27 2 18 19 29 19 3 34 0.02 4 
127 181 19 83 46 67 146 88 34 42 93 129 98 39 34 81 147 98 46 35 99 118 72 37 44 71 148 89 45 42 81 139 82 49 38 80 119 100 49 46 93 136 99 48 39 85 120 69 38 38 75 146 93 44 40 93 148 84 46 39 97 138 73 40 44 94 133 75 44 43 78 121 89 39 166 0.03 6 
128 474 140 258 44 78 156 77 51 42 76 118 73 34 37 95 125 65 39 53 83 123 98 58 41 98 138 77 32 47 93 164 82 44 26 103 157 116 42 40 107 162 93 32 41 74 130 86 34 44 66 182 82 46 46 108 118 73 33 48 96 149 105 34 36 89 158 105 43 43 64 161 69 44 344 0.05 10 
129 332 468 30 5 20 34 7 8 1 12 26 25 10 6 12 30 14 10 8 32 20 17 5 4 12 35 11 8 4 14 47 12 5 1 16 18 1 9 5 11 30 9 6 4 7 12 22 1 11 27 34 29 9 5 18 28 10 6 3 11 12 19 8 9 14 27 15 5 5 8 41 20 9 45 0.04 8 
130 424 486 23 12 27 44 20 8 16 22 37 27 19 9 36 41 26 11 5 34 43 20 1 8 24 30 21 1 16 13 14 30 10 19 9 43 0 9 10 25 48 29 11 8 27 28 23 18 12 21 42 10 13 11 14 5 32 14 12 37 55 17 12 11 26 13 34 10 13 12 24 14 9 46 0.06 12 
131 109 242 32 14 38 60 44 16 13 27 62 29 11 12 35 50 25 18 19 38 41 35 15 16 31 55 30 12 17 42 44 42 14 20 34 67 25 8 15 28 69 34 12 15 33 43 45 19 16 32 58 28 14 10 37 35 29 16 12 32 66 33 19 17 33 68 19 14 13 32 69 37 15 64 0.09 18 
132 487 433 14 9 15 11 9 2 3 14 42 9 9 13 16 28 11 5 13 13 11 14 10 7 12 17 31 1 7 11 16 13 5 7 6 25 21 6 5 6 4 4 13 12 6 19 18 10 5 14 9 17 3 0 16 25 24 8 4 26 5 16 8 9 5 8 1 4 11 2 26 18 12 28 0.09 18 
133 139 302 166 39 87 120 91 42 44 79 126 71 31 47 89 143 78 45 39 81 137 92 43 45 87 148 91 45 31 68 125 89 47 44 85 131 70 52 44 87 131 86 37 40 89 164 70 34 46 69 175 74 48 48 68 120 79 35 49 90 133 86 33 35 90 165 64 49 34 95 134 85 34 249 0.08 16 
134 345 73 258 34 92 166 87 44 33 68 169 63 34 46 60 137 107 41 30 75 144 77 44 37 106 133 64 35 40 105 214 96 48 44 71 106 85 44 36 97 198 87 42 42 85 138 85 39 31 109 122 66 45 25 94 165 81 40 53 83 122 99 37 57 72 135 82 38 52 101 195 84 35 344 0.04 8 
135 440 196 231 29 63 165 76 34 36 90 108 64 43 47 70 135 92 33 38 79 111 66 35 34 70 156 81 43 38 78 162 70 39 39 79 150 97 29 40 65 150 78 42 55 56 153 53 48 39 83 130 86 40 32 60 121 58 41 44 75 148 87 37 34 84 125 80 45 37 64 113 91 46 308 0.06 12 
136 72 102 56 17 22 56 24 15 13 17 31 41 14 14 28 29 26 6 11 19 34 27 13 11 26 65 24 19 10 21 45 28 13 11 23 60 26 17 12 37 35 27 15 5 34 41 15 11 12 27 66 36 14 16 25 57 30 23 6 34 55 15 14 14 36 24 25 10 6 22 60 19 12 84 0.04 8 
137 367 383 192 35 90 90 41 34 32 62 89 54 34 41 68 122 69 31 40 48 98 60 43 27 71 107 71 27 32 51 132 46 29 35 65 94 44 40 27 45 71 65 28 35 84 97 50 40 24 68 119 69 30 41 63 75 85 32 26 61 89 53 30 31 80 130 64 24 34 70 90 76 31 256 0.07 14 
138 227 372 94 44 70 220 95 45 41 95 155 80 39 45 85 152 110 44 65 78 167 117 51 51 99 136 89 46 37 116 161 129 35 56 88 176 95 38 42 114 166 66 50 53 64 151 78 51 33 84 202 113 43 45 79 135 78 46 41 87 176 95 55 52 74 167 84 45 49 100 172 92 40 188 0.08 16 
139 189 166 168 35 84 98 55 25 28 68 67 61 34 27 55 125 49 16 32 59 84 68 29 25 54 87 59 38 31 58 92 52 28 28 44 79 47 34 30 52 114 73 25 20 56 80 51 29 23 48 94 65 22 18 50 120 46 36 23 49 96 67 26 27 61 69 47 29 32 56 83 62 27 224 0.09 18 
140 176 484 146 29 88 155 72 45 48 78 128 57 39 34 66 105 59 35 33 56 151 75 39 30 62 127 84 40 35 67 145 70 43 38 61 138 84 43 41 62 150 77 38 29 53 106 73 35 31 93 118 77 36 36 77 124 77 33 30 61 121 81 31 38 73 141 69 33 38 56 119 57 44 219 0.08 16 
141 134 207 68 42 70 95 57 31 23 72 128 57 32 36 65 117 65 42 23 85 115 60 27 27 65 132 42 29 43 66 142 72 24 33 43 133 64 26 38 71 130 92 34 31 52 112 53 31 47 89 111 46 29 34 66 78 64 33 50 77 132 47 36 36 70 122 69 27 24 63 130 78 33 136 0.07 14 
142 283 340 90 36 85 157 82 38 43 85 168 91 46 52 89 163 104 39 36 80 160 92 43 48 100 169 92 49 43 98 142 92 39 43 115 136 79 54 56 103 138 107 57 47 87 161 81 39 45 65 173 94 49 49 81 143 100 49 37 68 183 96 45 37 94 131 78 42 41 94 162 74 42 180 0.03 6 
143 458 194 86 19 43 61 38 16 20 27 122 42 24 24 40 42 56 16 21 24 56 32 29 19 43 83 50 20 31 40 69 40 20 8 44 70 25 17 23 57 55 49 14 18 50 68 36 23 27 41 73 51 17 15 35 82 50 21 23 49 92 40 19 30 23 75 41 22 22 56 97 48 18 129 0.07 14 
144 86 99 90 38 90 180 99 41 55 103 133 58 42 30 111 164 108 49 44 83 139 82 45 58 80 130 101 35 56 80 156 79 57 47 85 146 89 46 34 77 169 81 37 45 85 154 104 31 44 104 135 108 47 50 94 146 99 55 52 72 167 91 55 39 74 185 98 41 45 84 156 87 55 180 0.07 14 
145 53 283 84 20 31 44 36 13 12 18 51 27 11 13 25 37 38 13 21 23 31 13 14 18 22 44 26 23 11 30 52 27 10 17 36 49 29 14 14 35 58 31 9 13 30 37 28 14 18 34 58 33 11 14 25 55 25 16 13 27 52 13 10 12 32 53 44 13 8 31 42 47 14 112 0.04 8 
146 135 287 118 35 67 134 51 23 36 70 80 44 28 28 51 123 78 25 36 44 95 55 30 42 55 97 46 36 23 54 108 73 23 30 74 107 57 33 30 62 109 42 33 32 44 85 60 28 18 52 111 44 21 38 75 114 50 22 38 74 71 56 25 31 67 128 72 32 28 47 143 77 27 177 0.03 6 
147 21 313 78 28 33 107 34 16 25 25 65 26 14 16 49 55 36 14 14 40 89 40 22 18 30 64 43 15 27 57 55 33 8 15 73 56 33 17 12 31 67 30 23 8 37 50 39 16 26 41 86 26 14 17 20 93 39 18 29 49 79 43 14 13 31 74 35 19 17 19 64 42 21 117 0.09 18 
148 398 202 159 32 48 86 57 22 22 47 100 42 20 25 69 94 55 22 29 55 83 51 24 36 63 89 55 32 22 59 78 58 24 39 56 98 50 32 23 58 94 39 24 18 67 73 50 17 24 50 100 33 19 28 43 77 52 22 28 65 90 39 21 16 59 81 54 22 22 57 93 61 27 212 0.09 18 
149 48 34 213 45 58 98 71 32 35 58 138 67 38 35 59 149 62 32 37 74 98 66 40 38 82 122 72 33 37 70 103 74 28 39 65 127 77 42 33 56 107 60 42 33 94 122 85 39 38 76 106 76 40 38 79 159 66 29 30 63 105 63 32 33 86 109 56 31 34 81 138 72 26 284 0.08 16 
150 466 44 110 30 58 93 43 24 32 61 135 53 29 33 49 117 51 24 34 51 83 65 25 29 47 98 52 32 32 44 68 56 32 33 68 71 61 28 33 49 96 47 21 26 42 95 48 30 22 42 85 49 32 30 51 82 42 24 27 48 83 43 27 29 67 102 56 27 28 65 99 67 34 165 0.05 10 
