200 5 15928
0 224 328 32248 26404 26392 26415 26395 26382 0.01
1 183 60 66 9 23 31 24 11 14 17 43 24 12 10 19 41 22 11 12 22 32 17 11 12 20 36 29 9 9 24 40 20 14 11 25 44 25 10 11 26 40 22 12 10 25 42 19 9 10 18 40 17 11 9 25 36 25 11 88 0.08 16 
2 474 332 78 12 47 59 36 15 20 35 47 38 10 15 46 59 47 18 27 43 50 32 15 16 36 68 45 16 16 41 65 39 22 13 41 73 45 11 18 36 67 40 25 25 41 68 39 21 13 22 83 53 21 10 45 35 20 16 117 0.03 6 
3 103 251 255 47 84 167 89 42 47 69 143 89 37 36 73 118 105 51 47 76 137 96 47 39 89 150 87 39 35 71 159 75 42 45 85 153 75 43 34 94 129 85 40 36 69 119 96 33 57 74 163 80 34 54 69 158 75 47 340 0.08 16 
4 329 496 200 52 80 150 90 52 59 97 166 106 53 44 108 154 104 48 58 96 201 79 50 47 120 136 85 55 54 78 146 106 42 55 123 204 90 47 37 119 155 94 57 43 111 196 82 55 55 97 164 87 39 52 115 179 98 47 300 0.06 12 
5 331 382 171 32 67 92 66 29 29 68 99 76 25 21 41 81 59 46 33 43 138 50 30 28 66 136 56 20 31 52 79 59 33 32 80 117 53 33 28 51 61 50 33 29 59 166 52 17 24 32 86 35 25 30 47 122 47 18 228 0.07 14 
6 349 332 67 31 74 101 87 36 33 78 106 55 24 37 51 154 64 48 38 56 76 64 36 48 69 133 57 27 28 59 153 66 37 28 66 108 87 30 45 60 121 63 23 24 50 99 62 29 39 76 98 86 36 38 63 102 41 24 134 0.02 4 
7 6 204 73 42 61 129 62 33 45 85 122 75 40 30 80 130 78 35 28 75 158 63 36 28 55 149 78 36 33 83 128 75 29 32 64 139 76 34 36 70 150 81 32 50 88 109 75 46 29 78 140 71 43 40 76 103 72 38 146 0.09 18 
8 395 182 255 35 69 143 91 42 43 89 158 96 39 41 105 149 78 43 35 79 148 103 40 44 96 121 77 43 44 94 159 82 42 38 69 126 93 42 44 91 138 76 37 42 80 139 94 39 45 90 135 71 41 37 75 133 82 43 340 0.09 18 
9 47 291 264 49 100 152 104 42 35 76 145 77 44 50 99 160 109 47 37 83 164 100 44 45 100 169 85 40 49 70 151 100 44 55 85 139 73 40 45 68 119 111 46 51 93 159 84 47 46 93 142 78 35 34 71 142 101 32 352 0.03 6 
10 230 326 89 52 85 170 78 38 38 96 141 94 48 46 73 156 87 41 48 96 129 89 40 50 95 130 86 47 38 75 182 88 46 48 79 173 88 33 43 76 123 96 42 47 89 164 80 48 48 94 131 98 50 48 94 153 100 51 178 0.08 16 
11 43 36 166 38 86 142 69 53 51 84 157 80 43 36 97 130 87 39 46 79 126 68 45 44 77 118 88 33 47 86 150 109 47 37 98 123 77 42 37 94 131 100 50 35 107 145 66 39 35 82 132 63 35 43 69 150 73 42 249 0.06 12 
12 15 137 180 43 83 178 85 41 37 104 177 82 39 49 82 183 82 42 40 93 129 78 51 42 78 165 102 42 46 76 153 100 39 40 85 144 74 42 48 87 170 73 52 52 93 167 100 50 39 75 177 97 53 37 86 164 71 50 270 0.08 16 
13 40 400 78 33 54 129 80 41 29 83 135 87 27 39 79 156 75 34 41 93 138 83 39 34 65 125 79 42 43 86 128 88 33 47 96 104 57 41 37 84 125 92 39 42 105 123 67 31 29 80 126 75 43 41 66 157 78 33 156 0.07 14 
14 19 400 188 62 88 150 89 47 43 111 173 75 53 41 95 153 77 56 51 104 159 98 46 42 113 183 96 41 54 83 123 101 47 51 89 187 90 41 51 109 172 86 38 48 76 183 103 47 42 78 157 107 46 41 110 142 101 40 282 0.04 8 
15 92 192 192 58 104 163 86 42 49 123 146 75 54 39 114 154 90 50 50 93 215 93 52 37 73 160 102 39 59 94 140 85 52 50 108 163 116 40 50 91 177 74 57 59 102 155 104 48 47 91 179 90 57 41 67 141 115 41 288 0.08 16 
16 169 122 258 49 75 131 90 39 51 82 135 87 47 52 95 145 74 45 52 85 161 102 39 43 73 123 102 36 36 93 150 94 49 40 79 148 84 42 36 75 150 89 47 46 91 151 100 34 47 71 145 72 36 34 70 154 72 33 344 0.07 14 
17 2 347 97 51 110 179 120 55 46 92 180 101 45 49 114 132 76 54 47 77 175 106 49 51 98 144 104 50 44 106 179 111 40 57 110 166 108 40 42 106 161 127 57 58 114 198 81 53 48 97 142 89 47 42 83 144 123 40 194 0.02 4 
18 315 126 51 22 44 105 57 24 20 44 86 36 23 19 43 86 64 19 20 45 81 54 34 21 49 111 46 24 18 52 75 51 22 23 46 95 68 22 25 64 106 44 25 26 36 76 62 29 25 44 62 22 31 25 40 89 70 28 102 0.02 4 
19 81 163 36 7 17 24 4 10 6 17 18 8 6 6 18 14 12 0 4 6 6 2 8 11 27 20 16 2 3 17 16 19 5 7 5 30 16 8 2 0 22 3 5 7 18 3 16 4 6 4 15 5 7 2 14 5 11 4 48 0.02 4 
20 337 441 184 64 90 154 104 33 40 100 180 75 54 39 116 145 76 44 40 111 126 76 43 36 85 202 88 39 51 89 146 96 39 40 74 148 78 42 49 108 163 79 42 49 104 178 85 37 68 108 219 92 46 51 76 179 113 53 276 0.06 12 
21 268 209 57 28 59 136 59 24 27 55 77 67 35 33 56 82 61 29 26 51 120 60 37 36 56 108 65 24 19 56 66 56 40 32 53 69 61 32 22 44 80 60 26 26 57 100 56 21 32 66 95 48 21 21 59 95 51 30 114 0.02 4 
22 232 316 234 40 74 145 83 35 37 81 148 58 37 30 81 160 79 30 26 75 107 73 37 47 89 138 67 35 49 70 107 72 38 35 71 113 78 33 37 63 86 60 42 50 75 93 84 34 41 70 142 78 35 40 77 111 92 39 312 0.06 12 
23 151 500 17 6 25 31 20 5 11 15 34 17 3 7 17 21 20 2 12 19 13 20 13 9 15 21 15 9 8 14 27 25 7 11 19 27 22 14 3 27 30 18 8 9 9 38 8 10 13 9 21 9 9 9 28 35 19 10 34 0.03 6 
24 458 457 99 40 113 169 82 59 39 105 146 115 41 56 128 184 104 47 52 102 135 120 47 40 97 169 110 48 43 106 157 82 61 38 99 183 75 45 56 88 132 107 53 64 85 162 120 49 47 96 185 83 39 49 78 167 115 43 198 0.06 12 
25 114 73 141 25 55 89 54 25 29 52 78 56 24 21 51 70 50 30 26 38 75 53 25 23 51 81 41 24 19 42 73 52 25 25 47 81 53 22 24 52 88 47 27 24 44 84 45 28 24 42 81 40 23 27 40 74 43 25 188 0.09 18 
26 152 451 80 20 42 49 33 22 18 43 71 40 17 16 34 73 40 15 22 43 69 48 22 19 32 50 40 19 22 43 57 45 20 19 35 68 39 17 18 47 57 39 17 21 37 79 44 18 24 43 61 47 21 20 34 74 48 16 120 0.06 12 
27 453 352 276 43 69 178 79 39 35 94 139 70 52 57 98 144 112 46 44 74 152 90 44 56 81 127 92 44 45 89 141 89 37 54 112 146 86 42 40 89 135 103 49 45 105 137 126 42 45 98 157 107 44 37 90 123 79 43 368 0.06 12 
28 373 51 25 12 22 51 27 15 13 19 49 16 10 13 20 64 21 14 15 25 41 28 8 19 32 56 26 13 12 33 34 29 15 18 28 45 22 7 11 23 46 30 11 14 33 49 21 9 12 29 48 17 13 19 26 65 16 9 50 0.05 10 
29 495 168 55 23 45 83 42 24 31 57 78 59 22 30 53 84 66 27 33 63 81 47 29 31 46 88 67 29 29 46 105 58 32 26 50 100 51 27 30 47 94 51 28 30 67 85 48 23 26 48 87 55 34 25 47 109 44 22 110 0.03 6 
30 335 141 52 19 27 37 13 16 9 22 68 30 11 16 3 30 22 16 4 9 51 45 10 9 16 42 17 13 13 18 38 31 20 16 22 76 28 14 13 10 37 11 17 5 24 60 14 20 12 24 31 19 9 12 22 45 20 22 78 0.03 6 
31 243 145 92 21 58 98 46 29 20 52 57 47 22 23 32 89 50 17 24 36 65 42 19 30 37 64 37 16 23 34 74 49 24 20 49 113 38 22 23 48 92 47 10 23 47 72 42 26 24 45 91 39 19 33 35 63 55 22 138 0.09 18 
32 324 246 144 31 70 129 63 33 35 63 139 71 40 44 78 140 68 43 35 90 128 80 33 37 81 116 70 43 34 79 105 77 39 38 86 132 67 41 40 59 121 61 31 31 66 108 69 37 31 71 118 84 41 41 66 121 62 39 216 0.06 12 
33 284 96 60 4 23 45 21 12 9 16 45 2 6 14 3 16 16 12 9 23 39 19 8 13 26 47 19 7 22 25 26 16 4 10 16 14 24 6 9 17 24 19 15 8 18 52 20 3 7 17 9 19 13 7 19 20 26 8 80 0.04 8 
34 333 474 24 10 24 44 27 12 14 28 36 25 11 12 17 56 18 17 10 20 43 35 2 13 24 35 35 14 10 23 54 35 10 14 17 31 30 23 12 20 36 30 12 9 23 35 23 13 14 16 47 19 7 13 26 34 20 10 48 0.09 18 
35 231 206 50 24 44 77 34 29 26 44 98 56 21 25 53 103 50 21 21 56 89 59 33 25 49 89 42 25 25 51 98 48 26 23 62 71 56 24 16 37 104 62 21 25 50 94 40 27 21 63 102 56 25 24 50 48 51 24 100 0.05 10 
36 284 50 90 25 51 73 45 19 22 47 82 46 17 24 48 70 49 22 22 40 68 49 19 26 41 65 50 21 24 42 87 44 22 25 41 75 45 22 23 38 63 48 20 23 38 67 50 26 27 42 79 49 20 26 37 79 37 24 135 0.08 16 
37 170 374 258 39 75 133 93 47 46 99 104 74 27 38 85 140 104 41 42 63 149 75 44 48 74 139 68 35 38 78 138 96 35 38 91 128 88 37 54 90 137 86 36 42 70 140 80 56 40 85 166 55 60 43 90 157 107 42 344 0.09 18 
38 134 14 66 10 21 29 19 12 16 25 27 18 8 12 29 29 22 7 9 20 37 21 13 9 20 48 19 11 11 21 22 22 19 11 27 37 15 15 12 24 42 20 14 12 25 32 14 10 10 19 55 23 9 8 17 34 18 14 88 0.02 4 
39 13 372 38 24 29 73 45 18 21 34 74 45 18 20 50 54 36 23 23 34 54 34 27 24 45 42 26 17 16 39 87 42 23 19 38 52 36 20 20 37 75 31 11 19 31 87 35 19 25 35 78 36 15 13 38 59 39 18 76 0.04 8 
40 406 138 31 13 33 60 44 23 29 17 79 23 18 21 29 36 24 17 15 27 50 32 16 15 28 30 74 14 15 27 31 31 8 18 34 43 30 27 8 64 56 57 13 22 24 41 50 13 20 25 37 35 18 13 31 40 44 21 62 0.04 8 
41 74 166 18 13 28 17 18 13 6 8 24 21 8 6 9 25 17 9 16 23 27 18 9 12 12 25 16 12 2 14 23 22 7 15 23 28 22 6 6 27 26 21 6 9 15 29 18 11 9 20 42 23 7 5 14 30 16 12 36 0.03 6 
42 489 84 156 22 44 80 44 22 26 56 94 53 22 24 43 79 49 22 29 55 106 57 26 24 42 105 62 21 27 57 103 50 21 27 44 92 53 25 21 44 81 51 21 27 43 98 54 27 23 59 85 61 24 24 58 83 54 23 208 0.08 16 
43 245 175 55 27 78 63 50 28 29 36 103 58 20 20 54 108 48 37 29 41 81 39 28 22 33 88 75 17 32 72 85 62 31 26 34 80 58 24 25 60 70 43 20 27 60 77 50 18 24 45 73 56 25 20 53 105 55 40 110 0.04 8 
44 102 438 136 34 74 124 56 30 36 56 107 66 40 39 56 105 55 27 29 66 128 69 39 30 65 114 67 33 28 68 109 56 38 37 80 117 83 28 30 67 111 62 40 28 81 119 76 36 40 63 106 70 30 25 66 120 56 35 204 0.02 4 
45 343 308 147 27 57 108 38 26 26 61 79 42 26 25 49 80 53 28 25 48 93 38 28 21 53 101 40 21 22 49 82 44 22 27 49 67 67 26 28 36 81 47 28 20 57 89 50 18 29 45 99 46 31 22 53 64 53 26 196 0.04 8 
46 98 116 252 37 67 160 87 44 35 63 114 91 46 36 83 172 88 47 32 77 129 68 37 35 69 132 73 46 42 100 151 91 44 43 97 119 88 33 32 60 133 101 35 44 92 140 73 48 45 75 150 86 47 43 96 132 74 44 336 0.07 14 
47 438 346 79 49 78 156 57 42 33 76 121 90 28 42 67 165 93 37 34 77 135 79 37 44 76 135 85 42 50 79 136 64 34 39 59 119 83 33 36 55 139 94 46 35 74 131 63 43 37 70 142 76 40 39 68 140 72 37 158 0.03 6 
48 418 446 66 11 11 30 27 11 13 29 42 18 8 12 23 28 19 9 14 25 34 25 11 9 25 40 21 10 11 23 24 14 18 12 32 29 23 11 14 16 41 26 13 8 21 33 23 6 11 19 38 17 10 8 23 36 23 11 88 0.09 18 
49 259 125 95 49 107 127 94 44 51 98 171 91 54 46 102 172 89 48 47 103 181 60 37 43 94 162 85 39 58 91 179 84 46 47 76 152 94 50 44 101 194 102 55 41 99 143 94 51 57 92 160 119 46 38 80 142 92 54 190 0.02 4 
50 247 197 45 16 9 41 0 6 5 23 15 11 2 7 5 18 11 0 5 10 27 32 7 1 9 44 36 8 0 26 42 20 14 1 0 61 28 7 6 11 7 4 9 11 22 18 11 5 12 18 12 22 9 4 0 11 15 7 60 0.02 4 
51 33 477 68 18 32 72 53 20 18 43 61 48 14 18 43 32 34 23 9 26 68 46 9 17 48 41 27 12 21 37 53 47 12 15 31 53 41 15 17 29 62 40 13 18 21 61 37 22 21 45 35 43 12 18 39 56 31 18 102 0.07 14 
52 438 29 114 23 47 56 53 24 21 72 90 41 30 24 45 78 61 36 28 55 115 48 26 41 48 98 44 32 26 48 74 63 30 25 65 101 63 14 38 48 116 62 35 19 61 91 56 22 26 52 94 39 26 19 57 109 53 24 171 0.03 6 
53 52 289 210 46 76 127 63 32 37 65 108 58 32 36 62 115 54 28 36 67 89 70 30 35 62 107 66 37 26 59 110 77 31 36 58 96 71 35 32 78 138 67 39 34 57 111 56 38 30 79 106 62 39 31 63 104 60 39 280 0.03 6 
54 372 169 132 20 46 54 43 21 20 38 67 38 22 15 49 85 50 18 21 40 66 32 26 22 41 98 29 20 18 48 100 51 26 30 62 72 49 17 24 44 80 38 19 24 51 69 38 19 20 47 64 39 20 20 55 89 34 20 176 0.03 6 
55 83 154 76 35 88 111 92 34 36 74 120 74 32 43 54 93 73 37 33 94 127 71 39 35 67 151 63 30 33 51 150 65 30 29 72 83 69 28 36 62 113 81 39 42 70 181 71 33 49 90 158 73 53 24 91 138 76 33 152 0.07 14 
56 309 427 69 40 68 137 62 41 31 73 98 81 28 39 57 115 71 26 34 59 108 74 32 26 73 140 77 38 40 100 156 64 30 37 72 122 65 39 37 90 114 71 33 40 66 100 67 29 30 77 141 66 34 37 74 151 59 35 138 0.05 10 
57 126 452 93 56 84 175 110 38 37 62 129 94 46 39 99 145 86 37 32 74 211 96 37 38 86 171 70 47 61 106 154 70 43 39 139 169 77 54 43 99 170 128 52 47 103 176 112 39 48 77 156 93 42 35 99 186 113 45 186 0.07 14 
58 218 43 249 39 91 160 73 49 43 74 161 69 46 42 101 140 66 42 44 66 124 82 32 44 88 127 88 38 38 70 125 78 48 42 68 124 74 48 44 91 127 74 36 35 75 153 79 38 41 74 146 60 35 45 92 122 61 48 332 0.08 16 
59 162 339 84 20 41 92 32 24 23 41 75 39 19 19 32 67 34 20 16 41 65 37 16 21 60 64 38 16 17 42 56 40 25 23 42 92 46 19 24 45 79 48 19 18 44 53 43 26 16 43 83 46 21 24 53 88 35 27 126 0.03 6 
60 191 289 65 25 74 120 61 43 29 61 75 66 38 24 50 113 77 49 42 71 127 66 26 31 61 98 80 25 24 45 106 104 25 26 64 128 80 26 35 47 152 69 29 34 71 108 67 33 28 55 125 59 32 27 43 134 76 25 130 0.04 8 
61 180 458 54 12 42 47 30 9 15 32 79 24 13 9 10 69 17 15 8 18 34 27 8 17 25 54 33 17 11 34 22 29 11 20 27 44 31 4 11 15 37 31 11 12 37 56 20 17 15 24 44 19 15 14 32 22 21 9 81 0.07 14 
62 390 314 213 44 84 134 88 34 39 81 121 62 36 31 59 126 77 42 36 74 108 83 30 36 66 112 79 36 39 79 105 52 30 37 62 111 84 38 35 69 102 66 37 27 72 131 83 32 39 54 133 73 37 27 79 135 68 32 284 0.02 4 
63 125 114 168 23 62 75 48 26 23 51 77 59 25 30 54 118 61 24 22 64 100 48 26 30 58 104 51 24 25 46 81 52 25 24 59 95 48 28 27 51 105 63 30 24 65 90 56 28 21 42 120 40 32 29 74 92 44 30 224 0.03 6 
64 349 395 55 34 52 99 48 22 34 42 86 56 20 25 38 127 38 28 30 55 100 40 25 26 65 74 44 30 30 44 81 55 28 23 45 87 60 25 30 39 104 41 31 28 49 93 57 22 32 57 92 60 27 30 52 95 42 30 110 0.07 14 
65 229 59 36 5 8 10 4 4 5 15 31 10 5 5 16 30 13 6 4 12 21 12 6 4 6 25 10 5 5 12 11 18 5 5 17 21 21 7 4 12 24 12 8 6 15 27 11 3 5 7 16 16 6 7 12 28 3 4 48 0.02 4 
66 486 482 144 35 75 111 76 40 29 53 116 74 45 42 79 112 72 38 37 61 111 62 34 41 64 143 88 42 42 51 118 67 31 27 78 151 84 40 27 77 96 70 33 42 70 113 66 37 39 70 152 95 44 35 77 121 65 37 216 0.07 14 
67 433 436 57 28 53 96 46 20 27 48 86 65 22 29 63 114 44 20 35 45 103 59 17 37 69 67 66 28 27 39 102 61 28 27 72 93 69 23 23 47 73 67 34 37 76 130 59 29 24 51 91 47 26 28 55 116 57 23 114 0.03 6 
68 438 181 94 44 115 144 72 48 49 112 162 72 45 48 82 145 104 56 45 107 153 72 38 38 87 197 99 39 54 94 184 99 52 34 96 168 85 51 46 79 195 77 40 43 112 145 77 41 41 106 143 74 50 39 125 134 82 45 188 0.04 8 
69 332 337 108 14 38 75 34 14 14 40 64 42 19 18 34 71 39 19 18 37 52 33 16 18 27 57 30 14 19 30 64 33 21 17 30 58 37 15 15 34 64 36 18 13 37 66 36 21 18 34 60 39 21 17 37 51 42 18 144 0.05 10 
70 70 187 252 42 81 94 100 41 38 72 132 78 34 41 68 132 81 30 42 75 126 81 38 46 68 131 94 39 52 63 132 80 35 35 84 148 71 45 52 97 170 87 46 49 88 145 78 32 44 75 122 81 40 37 95 127 79 38 336 0.05 10 
71 430 29 77 41 93 162 79 41 32 79 133 67 41 44 106 162 71 32 34 79 138 53 30 49 67 140 56 38 41 97 98 78 41 46 67 167 66 49 40 68 143 47 45 50 78 124 101 34 36 69 118 71 38 44 65 160 101 35 154 0.09 18 
72 466 42 94 41 82 179 87 38 37 80 157 84 42 47 101 185 109 39 40 92 167 89 45 46 110 137 104 49 45 79 141 97 57 46 95 175 109 57 45 81 143 108 43 45 104 192 86 44 57 98 174 84 37 50 111 163 76 55 188 0.03 6 
73 191 245 58 11 29 63 41 14 16 23 49 29 13 14 34 53 31 7 16 35 55 25 11 15 25 52 12 5 12 28 54 22 9 19 21 32 34 15 13 28 34 21 17 8 26 48 32 13 14 6 44 19 18 14 41 37 29 17 87 0.08 16 
74 306 260 135 26 42 78 60 25 26 46 78 40 20 34 38 49 28 24 18 39 63 40 25 27 38 78 38 29 26 48 84 47 31 31 65 95 56 17 17 45 69 53 38 14 64 52 43 28 19 39 85 36 29 27 42 106 47 26 180 0.02 4 
75 259 213 42 17 32 59 37 23 23 44 85 27 17 21 44 63 27 25 25 44 79 40 24 18 53 67 30 16 19 32 61 45 23 17 23 56 49 16 21 41 59 47 26 21 42 60 70 20 15 53 91 22 28 22 41 83 38 25 84 0.08 16 
76 57 430 98 44 82 168 110 51 49 85 155 90 55 52 88 185 93 48 54 102 166 101 47 54 113 147 114 48 49 100 162 115 45 49 115 158 90 49 55 108 157 88 49 46 113 151 101 43 46 109 161 113 44 50 99 162 111 43 196 0.08 16 
77 457 291 46 19 27 94 38 31 19 51 61 38 19 22 35 95 42 17 30 45 89 24 11 22 25 96 45 15 21 45 98 57 14 23 49 76 61 15 32 52 112 30 26 15 40 64 25 16 26 53 80 33 32 23 37 102 61 18 92 0.06 12 
78 249 329 63 27 70 127 75 26 36 69 86 55 26 33 58 100 79 30 35 72 107 68 35 35 70 93 63 26 32 59 100 55 34 28 52 110 79 36 38 55 100 72 34 36 66 107 65 36 38 57 123 51 35 35 81 88 63 32 126 0.03 6 
79 235 142 21 10 17 37 21 6 10 19 26 17 9 9 15 47 11 10 8 21 28 21 10 10 26 32 24 10 8 20 36 10 10 6 31 33 20 13 13 17 32 28 9 6 18 39 14 9 14 24 39 18 11 11 13 24 18 10 42 0.07 14 
80 281 221 231 42 65 148 64 34 43 65 134 92 31 35 78 115 86 40 39 80 117 56 47 44 70 131 61 34 50 77 135 68 33 37 77 117 66 34 33 90 155 81 43 36 101 119 77 38 40 75 121 66 50 50 103 137 78 29 308 0.06 12 
81 65 319 70 16 32 65 22 23 12 38 59 27 16 21 21 64 38 29 13 51 35 34 25 11 42 83 25 14 18 34 67 32 21 22 35 63 41 28 4 35 49 33 11 17 36 62 17 26 28 40 67 50 18 21 47 76 37 21 105 0.05 10 
82 170 57 33 5 7 16 13 5 6 8 22 11 6 6 5 16 10 6 4 10 15 9 5 5 8 18 10 4 5 11 19 10 6 6 10 14 8 3 6 13 18 12 7 7 7 25 9 4 5 12 19 12 7 5 16 16 10 5 44 0.09 18 
83 381 222 90 20 37 37 29 9 19 23 60 29 19 18 23 44 19 14 13 25 85 27 9 10 40 56 29 15 13 29 61 32 12 9 31 59 37 16 11 37 75 29 14 16 37 66 30 13 15 35 34 33 13 13 29 31 29 11 120 0.06 12 
84 372 286 98 21 64 70 40 22 24 44 76 57 22 29 37 70 76 24 28 47 91 46 26 30 32 70 49 31 22 41 76 38 38 25 48 93 42 20 19 41 73 34 22 29 55 69 46 27 21 52 84 22 28 19 42 75 48 23 147 0.04 8 
85 367 394 33 5 1 14 18 8 5 8 6 5 6 1 1 12 22 5 5 3 24 20 6 5 7 31 8 10 8 11 9 18 5 6 17 11 19 5 4 8 16 15 8 7 7 26 14 3 8 15 7 18 4 8 18 13 7 7 44 0.04 8 
86 256 307 174 33 59 95 59 32 31 48 83 50 27 26 46 91 68 23 28 83 81 55 23 24 72 106 62 18 34 83 103 58 29 29 62 105 60 31 31 58 117 66 31 30 62 111 64 33 32 61 102 46 32 25 52 115 49 31 232 0.04 8 
87 245 8 160 40 69 124 81 38 43 72 148 84 42 51 74 158 75 37 42 65 132 83 34 36 96 150 70 43 34 83 142 94 31 44 77 115 74 41 47 67 160 96 46 36 74 126 74 41 34 84 143 82 31 41 75 133 63 37 240 0.04 8 
88 26 376 95 51 81 168 110 39 49 99 194 88 49 49 102 131 114 61 54 76 183 105 56 41 98 176 96 45 43 92 142 101 53 44 115 183 114 37 38 111 180 81 51 52 102 183 104 52 54 88 183 91 44 38 76 131 106 41 190 0.05 10 
89 38 29 108 23 68 108 60 18 22 59 88 46 27 27 64 87 47 34 27 44 120 41 29 26 63 120 48 21 25 60 88 41 30 26 48 119 74 25 29 44 84 51 31 19 34 91 51 27 29 57 117 58 27 33 66 76 65 29 162 0.06 12 
90 325 211 176 47 102 158 78 36 50 92 148 97 43 50 102 161 96 41 49 78 141 79 39 38 91 149 88 39 36 84 138 90 49 38 86 128 74 49 47 102 163 88 41 46 88 159 77 44 46 95 159 100 48 38 77 141 97 47 264 0.02 4 
91 93 239 92 47 103 173 91 47 38 89 149 108 41 54 90 141 99 46 37 87 143 77 46 51 115 136 99 39 52 74 134 80 42 49 97 129 111 38 42 89 180 79 47 52 76 139 97 36 33 95 125 74 34 53 87 174 71 59 184 0.05 10 
92 410 69 19 6 17 51 28 6 8 16 24 21 5 12 15 15 15 9 8 13 40 19 4 3 14 14 18 10 14 9 33 19 12 8 24 17 14 5 7 18 26 11 5 6 30 5 21 13 4 26 38 17 7 2 15 41 27 5 38 0.09 18 
93 87 59 99 20 41 48 46 18 17 38 61 38 16 12 31 13 25 16 21 42 50 30 14 19 57 70 23 14 18 24 30 21 10 18 17 52 49 10 16 34 49 43 15 21 32 51 32 16 11 48 85 41 22 8 21 67 45 18 132 0.09 18 
94 267 447 156 25 40 58 44 21 17 56 84 48 19 30 39 92 45 27 22 47 98 36 20 30 46 68 41 30 27 55 100 63 23 20 64 99 46 26 18 53 84 62 32 22 68 86 51 21 26 69 81 46 30 23 53 86 46 24 208 0.09 18 
95 82 303 15 8 10 28 16 7 8 14 19 11 8 10 17 26 12 7 8 13 26 14 6 6 11 27 18 6 9 12 21 13 7 7 12 31 15 8 7 13 22 12 9 11 11 39 21 8 7 11 25 14 8 6 13 25 13 9 30 0.08 16 
96 283 495 82 20 32 77 53 20 17 39 60 42 14 23 40 56 34 19 20 46 62 43 21 23 35 66 47 24 21 45 66 36 23 23 38 59 48 19 21 32 60 51 22 17 44 60 47 22 17 40 69 41 18 20 41 90 46 21 123 0.03 6 
97 116 426 178 36 102 157 105 46 38 78 173 76 41 42 80 129 105 46 45 75 132 96 44 44 85 132 101 44 45 108 182 78 50 44 83 170 85 46 48 90 126 102 44 42 70 174 76 55 51 82 139 84 35 48 87 131 79 39 267 0.05 10 
98 111 392 54 11 19 0 15 14 14 6 47 11 6 3 17 4 21 9 19 10 22 17 5 8 20 13 13 12 4 18 32 21 5 7 15 35 18 9 6 21 14 3 9 10 15 42 15 13 9 15 21 24 8 12 7 66 31 11 72 0.03 6 
99 444 208 65 25 63 124 59 21 23 59 124 51 39 40 56 86 63 27 31 74 100 81 29 27 71 117 76 46 22 57 148 88 34 32 43 133 57 26 32 69 133 82 27 27 61 113 64 26 52 50 135 67 32 36 79 124 61 24 130 0.05 10 
100 143 214 29 14 28 50 26 19 14 33 52 24 12 11 30 41 26 15 19 33 62 21 20 13 25 57 28 11 14 29 37 25 14 12 23 41 34 14 14 28 36 34 13 12 34 65 27 16 19 23 56 35 18 9 26 54 32 12 58 0.08 16 
101 9 293 138 27 35 67 37 28 23 46 96 50 19 28 36 72 49 21 17 29 70 38 18 20 32 71 39 19 19 36 92 54 26 19 45 107 39 18 20 48 83 39 26 20 38 59 63 27 25 45 63 45 22 25 41 71 57 15 184 0.06 12 
102 131 468 243 40 89 114 73 34 43 87 154 79 31 34 68 126 79 38 38 75 142 92 37 43 95 144 99 42 32 88 109 85 34 38 73 140 93 44 49 95 165 78 32 33 84 151 80 34 46 82 155 92 43 46 73 137 69 30 324 0.02 4 
103 373 56 112 28 51 91 52 31 27 56 82 59 28 26 57 80 51 24 33 52 77 54 34 31 44 83 58 28 22 54 81 52 23 34 60 90 58 22 29 53 79 63 29 28 54 106 50 33 23 47 111 53 25 27 56 77 56 25 168 0.04 8 
104 130 281 13 4 19 25 7 6 5 22 27 7 7 5 9 22 11 5 5 13 7 7 4 3 6 26 0 7 6 7 17 21 7 7 5 24 13 8 3 5 20 4 1 8 7 26 20 11 5 13 12 5 6 6 14 40 8 7 26 0.08 16 
105 78 25 23 9 28 47 28 11 9 24 40 16 9 12 22 37 28 13 10 26 40 18 11 11 24 36 24 8 12 18 53 19 10 8 19 41 17 11 7 16 29 22 15 11 31 35 27 10 12 26 34 21 8 11 29 49 27 12 46 0.03 6 
106 207 91 158 47 76 123 73 43 43 62 95 80 47 43 89 152 61 56 37 79 127 72 34 33 86 109 80 29 41 75 128 78 33 45 76 145 81 47 39 74 138 93 43 28 72 107 81 28 31 77 98 108 40 30 77 102 61 56 237 0.04 8 
107 268 11 135 26 49 69 48 18 23 37 76 51 24 23 49 54 40 27 21 34 91 47 19 25 58 84 31 16 31 36 55 48 22 22 34 94 54 20 17 46 86 48 22 18 33 84 48 18 26 39 85 45 19 25 50 55 41 16 180 0.02 4 
108 340 237 273 43 98 172 93 48 48 85 129 97 51 39 84 137 100 50 41 91 146 100 40 39 102 139 74 48 47 89 168 76 47 44 84 157 108 53 40 91 168 98 42 44 97 170 75 34 42 110 166 74 47 44 84 167 93 48 364 0.07 14 
109 403 210 140 38 77 129 67 36 35 53 137 73 43 38 70 95 63 22 36 66 96 82 39 30 56 87 88 28 35 54 107 60 42 33 80 89 81 37 29 93 115 82 33 36 77 122 72 40 43 68 76 82 32 34 83 134 65 38 210 0.03 6 
110 414 335 48 9 13 21 17 6 7 14 27 17 3 5 14 30 18 8 8 23 28 16 12 10 17 33 7 7 8 8 37 22 9 9 14 30 8 12 9 17 22 21 8 7 18 18 16 11 9 11 31 14 6 11 20 42 11 10 64 0.09 18 
111 305 132 30 9 2 34 0 11 11 14 0 17 3 6 7 26 20 4 4 17 4 0 6 8 11 0 18 6 1 0 32 14 0 1 0 18 2 9 1 24 26 3 2 12 12 21 2 13 4 8 6 5 2 5 11 14 17 3 40 0.05 10 
112 290 95 153 13 43 58 52 22 33 55 96 48 28 20 41 100 49 30 25 46 95 62 38 25 54 119 50 19 21 73 74 50 26 16 56 57 44 25 21 54 93 57 28 18 47 52 36 35 27 68 88 28 26 29 49 51 55 24 204 0.02 4 
113 120 171 80 43 88 110 72 39 33 71 157 82 34 42 76 117 81 49 46 76 117 66 43 35 69 138 79 38 35 74 138 68 37 36 90 111 65 42 38 92 112 87 35 32 67 112 76 40 35 83 131 68 44 42 65 155 73 45 160 0.03 6 
114 113 351 10 6 11 15 15 9 8 16 16 5 5 0 8 0 8 2 0 15 9 5 2 0 19 22 11 5 2 15 26 11 9 5 9 21 16 3 4 2 13 12 2 2 13 29 11 5 9 9 20 0 7 1 6 0 1 4 20 0.09 18 
115 282 1 81 44 84 150 92 43 30 72 122 98 36 45 77 120 101 40 36 80 135 67 39 40 77 118 83 44 43 70 138 68 43 47 78 116 74 43 37 80 146 92 48 40 72 138 88 36 40 72 121 71 46 40 94 148 92 43 162 0.05 10 
116 495 120 20 6 15 24 7 1 5 14 22 3 5 2 13 21 9 4 4 2 23 8 9 4 13 24 16 3 3 13 11 14 5 4 12 18 8 7 2 8 11 10 3 2 9 14 9 4 2 12 8 8 6 5 2 11 4 3 30 0.06 12 
117 414 1 56 32 59 89 55 26 32 63 89 45 23 23 65 81 60 24 32 64 101 60 22 33 57 91 46 24 30 61 102 59 32 34 46 90 47 28 22 61 113 60 26 23 49 86 46 31 26 63 80 54 30 23 65 87 62 27 112 0.06 12 
118 175 86 108 17 30 54 39 29 10 54 67 30 13 8 28 45 43 15 25 25 105 27 17 12 18 54 40 13 17 42 40 37 17 19 35 84 47 16 18 37 83 34 15 13 31 48 28 18 31 26 47 48 22 10 30 62 53 17 144 0.07 14 
119 292 111 36 6 3 11 19 3 5 17 17 16 2 2 9 21 10 1 6 7 23 9 10 7 12 13 4 5 7 9 20 1 7 5 12 21 9 2 4 22 14 13 3 3 7 27 16 9 4 7 13 13 9 6 16 15 13 4 48 0.04 8 
120 292 33 134 28 71 122 62 28 26 58 111 66 31 35 58 103 53 32 32 63 126 73 29 34 54 116 53 39 36 81 117 58 26 30 63 112 76 30 30 68 99 80 31 31 77 101 81 33 37 65 91 68 32 29 62 121 51 34 201 0.08 16 
121 291 417 34 15 37 54 43 21 11 38 63 51 13 13 44 51 36 16 17 29 54 28 20 14 39 59 28 16 19 36 54 41 15 16 32 55 21 13 22 18 83 27 12 14 23 63 29 12 13 27 63 31 17 19 36 44 27 14 68 0.02 4 
122 107 56 24 6 13 16 13 5 6 11 15 13 6 4 15 21 17 8 6 12 17 12 7 4 15 29 11 2 5 12 23 15 6 6 10 15 14 7 5 12 22 9 5 7 10 15 13 6 5 8 23 11 5 7 10 22 12 6 36 0.03 6 
123 237 23 270 43 96 116 83 48 37 96 180 83 37 39 89 134 91 59 46 110 151 95 38 37 99 174 97 53 37 89 190 94 48 44 79 169 80 45 53 73 151 84 59 50 93 147 75 46 42 73 145 77 27 33 79 143 84 51 360 0.05 10 
124 405 94 48 8 20 44 15 9 7 13 31 15 7 6 17 19 18 5 5 18 41 14 8 8 21 26 14 7 10 11 13 11 4 2 14 21 16 7 4 20 22 16 10 7 18 27 12 6 4 14 27 15 8 7 8 24 23 7 64 0.07 14 
125 123 400 124 32 69 105 67 26 27 62 107 53 34 30 56 83 52 31 37 62 106 77 25 34 64 116 72 28 30 55 97 56 31 33 79 115 65 30 28 60 123 58 39 32 73 118 59 29 27 61 101 68 30 28 55 124 49 36 186 0.02 4 
126 361 314 123 20 42 71 40 18 21 40 73 41 19 16 52 66 32 17 21 49 90 34 15 26 42 84 35 20 21 41 64 28 25 23 50 72 33 20 19 46 56 38 19 24 41 63 42 22 19 47 83 45 16 15 42 68 44 19 164 0.08 16 
127 21 466 62 14 32 50 31 21 13 22 44 22 12 14 37 35 29 13 13 27 69 26 14 15 31 57 28 12 16 27 34 18 18 18 40 54 30 14 13 34 34 35 15 13 31 54 29 12 15 26 41 26 17 9 28 46 29 14 93 0.07 14 
128 414 37 141 21 52 95 40 27 28 55 64 40 21 24 37 81 50 18 22 56 76 38 24 24 48 90 47 22 19 48 93 45 23 18 41 91 40 27 24 45 63 43 19 22 53 77 55 20 24 43 82 40 19 27 55 77 43 27 188 0.07 14 
129 460 103 99 20 34 46 35 15 15 38 61 34 10 21 18 67 49 16 17 22 47 29 9 20 27 58 37 19 24 37 47 40 19 20 38 54 38 18 18 34 59 39 17 18 34 64 45 14 16 26 52 23 18 17 39 33 25 21 132 0.09 18 
130 480 65 78 20 35 58 36 16 20 35 58 32 21 16 46 63 37 17 20 41 80 39 20 14 31 66 28 20 16 38 74 39 16 22 42 79 41 23 17 38 69 47 21 21 30 51 36 16 22 39 77 35 21 19 36 69 46 16 117 0.04 8 
131 219 199 14 10 10 9 14 2 6 21 25 5 5 3 20 17 12 13 9 20 24 12 5 14 2 23 7 10 3 7 2 15 8 4 5 9 17 8 5 15 20 9 10 5 13 5 18 13 9 23 31 9 14 7 2 32 25 11 28 0.03 6 
132 450 146 66 9 24 41 20 13 10 20 37 22 11 14 17 37 16 10 9 22 38 21 10 10 22 29 22 10 11 20 43 24 13 10 23 28 19 11 8 22 50 20 11 11 21 34 19 9 14 23 46 22 10 9 18 46 18 12 88 0.06 12 
133 47 150 150 21 37 54 60 25 28 37 80 34 24 32 52 82 55 23 26 51 105 44 32 23 61 71 47 19 38 45 69 46 23 28 74 86 67 21 21 51 98 41 22 23 50 109 55 15 23 64 68 49 15 17 47 72 39 22 200 0.08 16 
134 254 243 23 11 22 27 23 11 12 23 33 28 13 11 20 39 19 9 10 20 28 24 12 12 21 40 18 12 11 29 40 26 11 13 20 40 27 14 12 21 31 24 11 16 18 41 23 11 11 25 35 21 11 14 21 43 23 7 46 0.04 8 
135 385 218 25 11 30 50 22 14 10 29 43 22 11 11 27 48 22 12 11 20 48 23 13 14 22 39 24 14 14 31 51 26 12 11 29 33 25 14 11 23 43 24 10 14 20 47 32 14 10 23 40 26 10 12 20 45 22 11 50 0.05 10 
136 67 128 166 41 89 126 80 42 33 77 149 83 39 44 97 141 76 48 46 100 171 68 38 37 88 125 67 46 38 104 123 82 32 43 72 151 94 48 47 78 124 94 31 38 61 163 101 33 34 104 148 73 53 32 88 147 94 40 249 0.08 16 
137 451 18 84 50 96 116 86 36 41 86 163 85 50 43 86 114 93 38 40 73 159 91 48 50 90 149 98 46 34 91 134 67 48 44 93 142 79 32 42 100 129 83 48 45 68 135 89 40 43 92 158 79 39 47 71 124 77 41 168 0.07 14 
138 129 77 106 19 59 88 59 32 27 51 88 58 18 17 72 109 38 31 19 49 75 45 22 19 47 96 38 24 28 39 69 55 23 27 51 85 48 26 18 55 106 30 29 18 51 83 61 25 27 38 87 70 29 26 52 84 52 20 159 0.02 4 
139 274 78 243 32 74 161 80 43 30 85 144 92 40 45 70 130 80 32 48 71 133 104 37 52 85 103 103 30 46 65 144 75 37 36 88 134 79 37 32 82 158 93 34 46 94 117 104 41 45 69 148 71 35 33 85 148 70 38 324 0.02 4 
140 124 473 138 25 35 80 58 21 18 43 85 37 28 20 51 75 44 22 21 32 64 41 29 17 43 70 42 21 22 49 68 43 22 21 49 64 40 26 26 45 81 43 22 17 35 87 59 28 25 44 61 41 19 23 62 78 39 25 184 0.04 8 
141 47 352 186 55 81 147 92 56 34 96 226 72 47 49 60 161 85 37 40 109 183 70 37 51 76 144 98 51 44 87 183 66 35 43 88 156 85 48 40 104 170 131 49 36 101 131 73 50 42 74 197 79 33 48 112 157 74 53 279 0.03 6 
142 10 301 228 42 66 88 87 43 30 60 133 81 42 37 72 149 68 34 33 76 104 96 32 34 62 128 83 42 53 85 124 85 31 32 74 100 95 33 37 107 121 67 32 31 82 118 62 33 43 66 120 90 38 46 92 125 65 32 304 0.09 18 
143 128 191 26 6 9 15 17 3 4 18 16 9 8 7 10 23 4 4 4 13 22 7 5 6 6 32 11 3 5 14 19 14 4 5 15 20 15 5 4 10 18 13 10 0 12 12 18 6 7 14 13 14 3 2 24 15 10 5 39 0.08 16 
144 475 119 51 8 14 32 14 10 8 16 29 16 10 7 16 34 16 9 10 14 35 16 9 8 12 27 17 7 9 22 27 15 6 7 13 24 17 10 9 16 21 13 8 6 20 31 19 7 11 12 26 19 7 8 16 28 19 7 68 0.09 18 
145 457 390 71 30 56 121 66 35 32 84 123 83 34 38 76 101 78 31 34 82 91 61 37 40 68 98 56 39 36 62 101 66 32 31 80 131 67 32 30 69 107 74 36 36 60 126 61 40 29 78 146 81 31 35 66 97 66 39 142 0.07 14 
146 489 383 258 42 67 126 88 34 39 119 120 94 38 53 112 149 80 55 33 73 185 101 42 35 68 138 67 54 47 85 120 103 41 47 77 146 90 39 43 81 154 67 35 41 85 130 77 41 51 94 129 90 43 41 109 130 102 45 344 0.07 14 
147 175 279 132 18 38 67 40 22 22 41 73 37 20 19 43 91 46 25 17 39 65 37 21 22 40 74 36 23 17 42 57 45 20 20 37 84 25 26 22 29 88 39 25 24 44 62 44 23 18 38 75 51 19 18 38 90 51 15 176 0.07 14 
148 427 216 75 17 25 33 21 8 8 28 47 24 14 10 24 81 20 6 10 17 18 16 12 17 50 10 24 17 29 18 27 15 12 15 33 50 33 17 16 19 36 40 9 11 24 42 36 15 25 30 46 24 3 10 21 34 22 10 100 0.03 6 
149 291 179 51 9 13 26 16 7 8 15 28 22 6 7 16 30 16 6 7 12 23 14 6 7 19 32 14 6 6 15 28 20 8 8 13 26 16 7 6 14 37 17 9 9 14 29 17 6 7 19 27 15 8 6 16 30 17 8 68 0.07 14 
150 289 408 156 43 89 148 95 44 37 82 141 76 40 38 80 150 89 41 33 71 156 88 37 36 69 115 98 39 41 68 146 74 30 44 84 106 65 40 42 84 124 75 34 38 80 128 65 43 39 87 141 96 50 41 73 145 60 36 234 0.08 16 
151 171 24 156 28 48 106 53 31 23 44 101 49 22 31 46 91 47 21 29 50 75 49 21 25 55 95 41 29 27 58 85 59 22 20 57 104 46 25 22 53 87 55 22 29 53 98 54 22 21 55 82 64 28 29 43 76 51 27 208 0.07 14 
152 392 221 37 17 25 65 40 17 15 34 68 32 19 17 46 75 38 20 19 32 71 32 12 16 33 57 46 18 14 36 76 46 19 16 25 59 31 13 20 32 45 32 15 19 38 47 54 17 20 37 83 44 19 23 30 77 52 18 74 0.03 6 
153 79 323 72 20 36 67 41 14 18 34 63 39 14 18 37 41 32 20 14 42 52 39 15 17 26 56 26 16 18 37 84 41 19 17 30 53 36 17 21 30 59 37 19 20 46 62 31 17 23 39 65 42 21 13 32 60 29 14 108 0.04 8 
154 443 225 39 13 29 69 24 20 23 36 63 55 18 16 34 79 24 10 23 27 74 38 24 22 47 69 51 9 14 38 39 33 14 16 33 63 32 17 18 36 106 33 15 17 44 58 32 15 20 25 59 40 12 19 39 86 40 26 78 0.08 16 
155 19 336 90 24 35 37 28 14 14 15 42 30 13 12 18 34 25 12 14 40 68 48 23 15 27 38 19 8 17 25 63 24 16 10 31 62 17 16 18 26 72 30 12 13 39 44 27 15 25 29 51 35 4 23 36 42 13 12 120 0.08 16 
156 289 31 38 8 15 34 16 7 13 22 26 14 10 8 20 33 21 7 7 18 33 17 8 11 23 40 20 11 11 17 24 19 9 10 18 33 15 9 10 21 28 19 6 11 17 18 13 8 7 17 30 18 9 9 17 41 17 9 57 0.02 4 
157 263 384 114 28 63 128 58 30 30 60 88 51 19 23 51 125 59 31 23 46 92 46 26 29 54 59 71 38 22 72 91 42 21 41 51 93 58 20 28 77 99 42 27 33 65 113 48 27 22 59 88 92 26 33 49 94 75 30 171 0.05 10 
158 264 434 72 25 27 58 40 7 14 39 48 55 15 17 48 78 26 15 26 40 73 45 14 21 37 34 32 11 20 54 37 50 12 14 24 46 37 24 18 36 51 41 18 27 23 84 40 10 21 41 52 36 19 16 27 92 49 19 108 0.08 16 
159 269 363 32 8 29 36 7 5 3 12 26 11 9 5 13 16 14 3 6 16 28 22 7 3 9 0 24 4 4 6 25 13 6 7 16 35 18 9 3 23 26 15 10 11 12 34 11 11 2 23 6 5 1 5 20 53 29 17 48 0.04 8 
160 236 162 38 15 67 81 41 9 12 47 55 42 19 20 44 28 48 13 22 40 76 40 18 20 45 70 42 17 15 22 50 29 14 27 12 63 39 20 15 44 74 22 12 18 34 39 43 24 21 57 52 51 14 22 45 52 55 16 76 0.02 4 
161 467 395 51 5 20 38 14 5 9 11 0 10 2 6 16 7 5 4 7 36 26 7 6 9 0 42 21 4 10 9 10 5 5 9 30 37 8 1 9 15 22 22 12 4 21 20 5 9 6 9 43 22 7 11 24 57 13 0 68 0.05 10 
162 481 401 219 40 59 114 72 36 35 78 117 57 33 33 82 132 80 43 35 79 108 84 44 44 74 105 97 40 30 64 108 79 44 32 75 111 86 42 36 54 142 74 31 43 79 135 81 31 34 66 119 87 40 31 71 131 81 35 292 0.06 12 
163 376 57 64 8 18 58 28 18 14 20 52 38 21 15 28 30 3 24 12 28 49 25 14 16 29 51 32 15 19 28 28 49 25 20 28 63 43 24 21 39 53 50 15 17 17 29 53 14 19 32 48 42 15 16 42 60 28 20 96 0.06 12 
164 75 359 186 30 57 121 75 25 28 57 129 60 34 33 53 103 64 27 29 52 94 64 28 29 64 113 60 26 36 52 104 57 30 33 52 91 65 24 30 49 106 74 30 29 60 121 70 26 35 67 80 51 28 35 69 122 58 28 248 0.04 8 
165 412 386 172 43 88 129 70 43 42 94 157 91 42 51 89 152 71 40 47 86 123 93 47 40 78 164 105 38 41 83 148 70 45 36 69 137 82 49 49 85 120 97 37 44 86 107 89 39 45 97 138 97 45 46 66 131 96 45 258 0.06 12 
166 197 70 117 16 45 74 39 16 21 35 76 41 24 17 34 80 31 13 26 30 71 42 19 16 42 59 37 21 24 54 66 25 16 23 39 64 25 16 23 51 68 47 15 23 41 63 41 14 17 34 64 45 17 20 47 75 26 16 156 0.05 10 
167 428 117 38 10 19 35 25 4 9 14 41 16 7 13 1 31 10 10 15 26 31 25 5 7 6 21 13 7 14 18 15 13 14 3 12 39 17 13 11 17 31 22 10 12 16 21 19 8 8 20 35 32 7 9 14 43 17 10 57 0.04 8 
168 51 100 180 26 78 93 65 36 24 65 92 47 26 24 59 108 55 28 28 51 88 73 26 32 65 86 59 25 34 64 99 63 36 31 58 92 59 28 27 63 94 56 28 28 63 94 56 34 25 54 84 70 29 33 59 79 73 35 240 0.02 4 
169 160 127 100 45 104 143 102 58 54 92 151 88 52 51 93 177 117 59 44 111 195 89 47 45 116 204 117 42 43 100 171 121 36 46 130 196 101 40 43 109 188 125 57 45 86 211 103 59 64 84 163 79 59 49 90 172 92 55 200 0.07 14 
170 83 422 243 33 63 117 74 34 55 93 137 73 41 47 86 124 75 36 35 77 151 69 44 34 81 116 72 41 42 94 131 84 37 38 79 124 76 33 34 67 164 85 37 45 93 134 100 40 51 78 159 93 41 44 83 123 58 52 324 0.03 6 
171 139 159 60 25 48 89 47 32 27 74 125 46 26 29 58 96 63 24 29 47 125 51 24 34 69 78 45 33 30 46 123 59 39 34 46 107 45 28 28 65 99 64 38 27 68 98 61 29 29 70 116 64 33 34 49 122 74 35 120 0.09 18 
172 291 377 66 10 28 53 31 10 13 15 29 25 8 10 43 31 15 11 6 29 12 4 9 4 19 47 14 13 8 22 16 26 5 9 23 57 29 5 8 19 41 31 13 8 19 25 25 17 10 12 36 25 16 8 11 53 27 8 88 0.02 4 
173 471 177 22 6 15 20 28 16 9 6 28 34 11 8 22 38 20 9 26 36 50 9 20 17 11 34 51 14 15 19 29 22 8 17 18 14 19 8 4 22 53 43 20 12 25 62 27 10 16 27 12 25 6 11 31 9 9 13 44 0.03 6 
174 11 500 44 25 36 71 41 24 21 46 82 48 24 18 44 76 52 25 19 37 90 33 21 20 48 81 52 21 18 41 70 46 25 17 45 65 36 20 27 45 76 53 23 23 43 85 39 19 25 49 66 48 19 20 37 60 50 23 88 0.02 4 
175 194 123 114 28 56 76 68 18 25 63 130 61 38 22 43 70 47 29 30 53 71 48 34 28 44 120 46 42 24 66 111 49 28 33 57 108 61 31 28 47 100 71 34 28 58 83 46 21 22 51 75 49 19 25 56 122 52 21 171 0.09 18 
176 88 344 62 15 32 34 22 11 14 37 64 29 12 15 56 48 29 18 20 21 59 35 14 12 49 42 32 19 19 30 34 31 19 11 35 31 39 15 16 41 63 34 8 21 48 56 34 14 9 27 46 24 3 18 32 41 35 12 93 0.09 18 
177 189 192 174 24 70 91 55 32 26 67 98 49 28 33 47 113 63 36 28 49 82 57 26 34 57 84 66 32 27 56 100 63 26 29 63 82 47 31 27 68 86 51 32 31 64 94 51 24 25 48 111 73 31 25 61 105 60 30 232 0.07 14 
178 310 186 96 10 42 49 36 11 24 38 70 30 14 18 20 69 31 18 17 41 36 33 22 17 19 43 30 19 16 26 62 44 16 16 44 55 28 15 19 20 51 35 20 21 25 52 52 11 21 25 76 30 16 22 28 56 31 13 128 0.04 8 
179 201 235 19 6 17 34 13 8 8 15 38 24 11 10 17 35 22 8 10 17 29 22 8 7 24 26 18 8 7 14 34 22 8 8 21 31 13 8 9 17 19 20 8 7 17 31 19 11 12 15 29 18 8 13 19 34 18 8 38 0.09 18 
180 24 475 216 31 71 99 53 44 45 78 123 64 31 47 59 116 85 37 26 66 94 90 26 44 60 107 81 39 32 73 88 84 35 44 63 138 57 27 32 81 109 69 22 44 91 149 66 44 36 87 106 53 43 38 67 102 86 43 288 0.04 8 
181 185 386 87 19 12 61 36 18 16 34 45 22 8 10 23 52 20 11 11 37 61 17 15 7 30 47 38 11 17 17 16 33 18 11 42 47 31 16 14 28 69 38 21 21 35 67 37 15 7 26 83 13 18 7 33 42 49 13 116 0.03 6 
182 43 398 168 30 53 63 41 31 22 64 91 63 35 27 50 75 30 22 37 64 110 56 33 25 38 73 74 37 37 68 57 51 23 30 48 98 43 24 24 53 82 42 19 23 44 101 67 30 33 32 100 55 25 32 70 135 76 14 224 0.05 10 
183 463 332 30 12 13 21 7 4 9 13 22 20 3 1 20 32 19 7 7 14 20 17 4 5 22 25 5 6 7 3 23 12 9 1 30 12 13 10 7 16 39 20 19 11 16 18 8 2 8 6 30 16 3 10 9 11 21 12 45 0.02 4 
184 185 201 23 11 14 33 35 8 5 28 34 34 14 7 29 24 30 16 14 26 12 21 14 10 35 53 13 16 15 34 20 14 4 14 9 38 33 9 3 30 24 13 14 13 20 66 17 16 9 25 72 16 10 8 16 59 28 8 46 0.09 18 
185 114 96 124 36 70 124 55 26 28 50 93 72 26 23 54 88 66 26 29 52 99 60 29 29 62 111 59 35 38 64 90 54 29 25 69 121 55 24 29 54 103 59 34 34 50 87 52 25 28 58 117 54 27 31 71 113 59 37 186 0.06 12 
186 462 427 150 24 59 72 52 21 19 27 68 47 25 24 40 77 47 27 28 78 58 54 28 21 59 90 56 20 23 51 71 50 19 34 43 86 67 24 31 41 70 59 38 25 46 94 50 28 22 56 89 47 24 24 59 78 67 26 200 0.08 16 
187 258 17 122 41 67 123 44 27 24 58 100 96 30 29 63 107 60 26 34 36 114 59 34 34 51 105 60 43 29 56 88 52 29 28 58 81 49 29 40 45 125 60 37 41 86 133 58 27 22 56 81 68 33 28 62 130 77 36 183 0.08 16 
188 49 482 267 51 78 169 86 42 45 75 156 85 45 39 92 135 84 46 36 96 152 102 35 50 88 159 94 45 37 86 125 88 36 49 95 169 74 48 35 73 148 92 48 48 102 164 95 35 47 93 155 92 48 51 98 147 100 39 356 0.04 8 
189 306 103 36 7 13 19 15 7 8 23 24 15 9 10 17 25 11 12 11 20 30 13 6 12 13 39 14 3 11 20 31 23 11 13 16 26 13 7 9 20 30 18 11 12 9 26 22 6 6 10 28 19 5 6 22 30 35 3 54 0.03 6 
190 75 9 243 38 116 173 86 43 43 95 118 100 38 45 100 142 73 50 35 93 104 64 38 38 80 112 64 52 34 78 153 78 47 38 81 144 70 37 34 73 105 91 46 50 66 99 76 51 31 84 130 90 31 45 82 163 87 35 324 0.03 6 
191 94 18 267 39 101 164 96 35 51 91 140 72 41 55 110 144 88 50 37 73 168 93 49 37 80 176 104 49 38 89 152 80 38 41 94 149 77 37 37 75 136 82 46 42 70 149 76 46 47 80 164 87 39 48 93 146 82 42 356 0.05 10 
192 491 149 94 37 114 162 93 51 39 106 184 82 51 45 69 158 83 45 48 94 188 105 54 44 111 166 79 44 43 107 132 79 53 47 99 141 100 45 51 111 171 101 51 42 115 157 95 50 40 75 149 79 45 50 77 163 109 39 188 0.07 14 
193 475 200 118 28 49 96 64 31 24 49 108 69 32 33 63 105 53 28 35 59 102 61 23 37 58 101 58 25 26 57 106 49 25 27 61 82 65 27 25 51 105 70 26 29 49 105 60 29 24 65 81 47 31 27 65 88 58 35 177 0.08 16 
194 414 162 64 14 28 65 39 12 16 34 71 33 15 17 31 53 27 17 17 25 48 33 14 14 32 44 32 13 17 29 63 30 16 19 34 55 31 14 15 31 43 30 19 17 25 64 33 15 16 31 46 40 13 13 33 52 31 19 96 0.02 4 
195 381 233 166 41 61 137 98 39 40 85 169 72 46 46 87 134 104 49 38 73 131 83 40 45 75 135 102 38 43 66 146 88 56 37 97 142 84 54 45 98 171 105 34 39 108 165 97 39 43 83 101 74 52 42 76 184 111 33 249 0.07 14 
196 141 424 240 34 69 176 71 42 40 61 141 80 34 46 76 142 74 36 32 86 125 73 38 35 77 145 84 41 48 86 137 73 42 48 88 127 75 40 43 59 146 69 41 36 68 133 72 45 41 85 114 105 33 47 102 113 82 39 320 0.05 10 
197 478 141 83 38 78 135 95 37 40 93 160 76 43 41 85 168 66 40 40 83 115 68 44 45 79 145 97 39 44 72 134 87 33 43 94 140 65 41 42 74 129 90 35 37 78 147 85 41 43 87 165 94 41 38 93 127 83 44 166 0.02 4 
198 71 400 61 29 44 113 55 32 31 61 64 62 39 23 59 119 75 35 30 55 111 52 47 40 57 121 58 32 31 62 91 75 23 21 59 116 63 31 25 68 91 62 37 32 50 147 65 25 29 73 99 64 26 31 50 107 78 32 122 0.03 6 
199 464 209 56 25 47 86 59 25 32 53 88 55 25 26 49 105 46 24 34 49 92 49 24 27 47 106 56 27 28 52 98 46 22 28 54 92 61 27 25 66 84 49 21 29 54 106 61 25 29 63 117 61 24 22 65 98 60 29 112 0.09 18 
200 239 102 138 33 79 118 60 36 38 66 102 69 34 41 72 98 72 35 37 54 117 64 35 43 63 118 70 27 36 59 123 67 36 41 57 104 67 29 38 61 115 58 40 39 58 106 58 26 40 86 103 71 30 36 78 98 69 29 207 0.07 14 
