150 5 12543
0 433 151 25351 19949 19951 19953 19946 19949 0.01
1 30 298 16 8 17 25 21 10 10 13 26 14 8 7 21 23 11 9 7 15 20 12 6 9 13 26 12 8 8 13 30 19 7 9 19 30 12 8 7 14 21 15 8 8 10 16 15 7 5 18 34 15 7 8 13 32 19 5 32 0.09 18 
2 378 210 255 52 93 168 82 40 44 102 159 75 35 51 70 157 86 55 33 114 110 107 46 33 99 113 83 42 43 76 138 87 47 41 90 149 100 47 43 67 142 83 33 40 67 151 95 53 57 80 169 64 51 38 97 103 81 43 340 0.09 18 
3 410 390 98 35 49 68 40 26 21 59 69 30 26 27 29 74 32 29 19 44 103 44 22 25 48 57 57 26 21 38 105 49 14 26 45 112 41 23 22 47 58 43 27 21 40 82 46 35 19 46 119 38 17 21 46 54 39 25 147 0.06 12 
4 178 493 118 39 49 102 54 39 24 48 104 48 26 20 59 97 49 21 35 59 107 50 31 31 55 120 70 37 28 61 125 56 25 37 40 108 73 21 39 58 99 52 26 35 71 89 45 28 27 53 104 64 28 32 62 97 59 36 177 0.08 16 
5 458 393 10 3 11 6 6 4 1 16 14 16 7 5 0 32 15 3 5 17 14 3 11 5 9 0 4 1 5 9 21 10 0 1 17 16 7 4 6 22 12 6 0 7 22 6 5 11 2 0 29 6 8 0 1 2 1 7 20 0.07 14 
6 120 15 82 28 46 62 40 13 20 38 57 19 23 24 52 67 30 21 22 36 49 49 16 13 52 65 28 13 10 30 96 20 22 20 34 98 46 23 23 30 56 33 16 25 29 64 47 18 20 40 45 27 19 19 51 88 44 21 123 0.07 14 
7 313 101 189 27 59 82 69 32 40 58 137 51 31 30 82 113 74 27 22 59 92 62 23 28 66 110 65 23 33 60 118 69 31 28 58 88 68 27 25 54 130 65 35 38 42 89 57 30 30 52 119 63 38 35 72 108 80 41 252 0.05 10 
8 44 263 94 51 88 159 108 42 41 95 154 118 54 47 94 187 97 49 58 92 164 105 52 50 77 132 93 44 52 108 154 111 52 50 107 173 96 57 48 96 142 84 37 38 108 149 86 49 38 91 158 109 52 40 96 173 93 38 188 0.07 14 
9 333 31 40 18 32 61 47 22 19 34 92 34 19 19 41 58 31 18 20 30 71 30 18 17 28 71 36 22 18 47 72 38 19 19 28 67 24 23 19 44 58 40 17 19 39 69 36 16 22 35 75 44 17 17 50 63 58 15 80 0.07 14 
10 89 64 60 27 61 99 43 30 25 48 90 71 39 27 53 101 61 36 37 76 113 50 30 28 67 98 58 24 31 67 104 54 36 27 54 98 55 31 29 52 93 43 30 24 57 84 56 30 40 69 125 63 39 31 47 77 75 31 120 0.03 6 
11 98 457 231 33 72 123 76 42 38 90 158 76 38 42 88 119 70 46 35 97 132 76 35 34 82 152 86 37 42 88 142 69 32 48 97 109 86 43 30 85 137 70 39 38 79 149 72 50 34 75 153 87 41 44 73 155 83 39 308 0.02 4 
12 176 270 138 30 66 135 75 29 36 94 93 72 34 30 75 131 69 34 48 62 93 66 28 33 69 119 74 26 34 72 116 67 34 43 97 114 74 33 43 53 135 85 32 28 59 95 81 39 45 90 132 58 26 20 57 79 62 36 207 0.09 18 
13 30 433 222 37 83 117 63 40 31 58 106 85 43 43 61 118 62 41 30 60 129 78 40 38 64 113 77 37 31 65 147 67 37 40 88 129 61 39 37 56 108 77 43 31 61 117 72 39 33 80 131 75 40 42 72 121 66 43 296 0.03 6 
14 246 15 270 53 72 134 81 40 49 113 131 79 42 44 84 158 78 41 45 67 186 101 42 37 73 147 65 40 39 69 131 90 47 54 88 173 71 35 36 127 145 88 45 35 111 162 113 46 53 97 126 81 44 43 84 138 102 51 360 0.03 6 
15 443 212 207 33 56 105 52 32 36 83 114 62 38 41 59 109 73 35 26 81 114 64 29 28 69 113 76 36 35 66 102 69 39 37 64 111 65 29 42 68 111 68 28 38 55 104 75 36 27 62 129 64 29 40 62 126 64 39 276 0.03 6 
16 36 65 42 10 16 57 8 5 7 27 50 26 11 9 30 53 17 11 11 24 29 15 10 15 15 32 19 16 8 19 22 6 11 4 31 21 15 2 9 14 30 18 5 2 14 37 19 10 14 19 8 6 16 0 21 18 8 6 63 0.04 8 
17 61 48 38 5 18 40 21 11 8 14 28 13 8 12 14 23 18 10 8 21 38 23 8 11 22 33 17 7 7 14 34 15 10 7 24 31 15 9 7 21 32 16 9 11 17 24 17 7 4 17 28 12 10 9 17 40 14 8 57 0.06 12 
18 29 414 63 34 57 119 52 34 26 52 108 55 27 35 69 107 67 29 29 67 104 65 30 25 67 108 64 31 36 67 117 74 24 39 54 122 57 28 32 60 108 48 37 29 61 102 63 27 31 50 123 60 32 28 60 102 56 38 126 0.07 14 
19 396 136 114 21 57 73 56 34 31 42 84 73 35 26 54 72 53 28 26 48 119 73 29 31 69 99 60 23 21 52 112 64 34 25 68 88 62 31 27 44 88 60 24 30 50 103 53 27 32 65 129 64 28 29 55 121 48 32 171 0.05 10 
20 320 181 73 26 55 95 81 31 30 77 117 58 30 28 62 108 86 32 33 79 144 85 41 32 77 104 54 49 34 82 122 89 36 28 65 127 68 44 41 78 103 70 30 42 67 87 63 39 39 77 121 75 35 35 77 122 72 40 146 0.06 12 
21 477 228 48 17 58 97 28 23 21 41 80 39 20 24 50 62 66 18 22 68 76 61 35 26 51 78 50 27 28 47 107 59 23 23 47 59 39 15 28 41 85 50 24 33 51 95 41 22 26 54 99 37 24 16 37 56 57 26 96 0.04 8 
22 260 461 198 29 64 114 68 26 30 82 116 51 29 38 68 96 71 33 37 60 115 65 34 29 57 123 68 31 39 49 122 60 27 35 58 87 74 33 29 62 112 78 31 27 66 94 71 27 34 64 102 57 26 29 64 117 78 35 264 0.02 4 
23 383 394 77 24 71 157 65 37 44 61 155 78 41 35 66 101 49 31 39 80 125 80 33 31 45 98 49 37 38 91 114 67 40 48 84 137 61 38 39 112 125 74 34 38 94 121 73 33 46 93 92 116 32 36 98 162 70 53 154 0.02 4 
24 254 246 128 24 60 121 56 24 32 64 104 50 40 24 77 151 74 29 32 74 95 51 39 27 75 107 52 30 31 62 109 56 24 31 89 124 52 28 26 60 80 58 22 45 54 106 66 42 25 61 108 65 23 33 77 151 53 37 192 0.08 16 
25 228 209 72 14 36 60 30 16 21 43 51 42 14 20 38 59 40 20 21 40 61 35 20 20 27 60 42 17 18 35 63 31 21 15 31 71 38 19 14 30 58 41 19 14 39 56 41 19 21 32 55 42 17 13 28 65 32 16 108 0.08 16 
26 105 471 33 1 7 21 9 5 5 16 17 18 5 0 4 13 10 7 5 12 21 12 13 6 12 26 9 3 1 9 24 11 4 8 14 26 17 5 1 17 15 3 4 0 11 21 11 3 8 8 19 11 4 5 9 29 10 4 44 0.04 8 
27 341 350 190 47 89 171 112 64 43 102 131 91 46 65 112 149 86 45 52 89 165 76 57 51 72 140 73 61 42 98 165 81 43 45 77 144 97 58 45 76 189 117 44 43 98 139 93 41 45 106 185 100 59 47 101 152 109 46 285 0.07 14 
28 379 212 39 18 51 80 35 21 19 43 62 31 22 28 30 80 40 21 24 37 60 38 24 23 32 67 34 14 15 31 65 33 18 18 50 56 35 13 18 30 79 43 17 21 35 78 41 22 21 35 59 40 23 19 48 70 41 19 78 0.06 12 
29 436 30 178 34 72 161 75 38 35 89 127 93 48 38 87 134 111 49 42 100 184 70 43 33 72 133 78 47 43 75 135 98 51 52 107 155 74 57 36 110 141 115 53 60 55 178 81 40 50 105 145 109 49 50 101 148 84 55 267 0.02 4 
30 475 484 21 11 26 44 16 10 12 22 44 24 5 6 17 17 8 6 7 24 52 19 10 15 20 31 23 9 6 18 37 28 6 6 24 39 32 5 6 25 32 31 10 9 20 36 17 8 10 19 35 27 12 15 18 40 26 7 42 0.09 18 
31 76 281 147 23 68 79 33 21 22 50 75 39 22 29 41 88 39 25 20 45 80 46 32 17 42 59 43 33 25 58 91 38 24 22 72 99 40 27 32 37 62 57 29 25 48 52 48 28 32 57 95 51 27 30 40 73 46 17 196 0.02 4 
32 273 145 30 2 8 0 26 3 7 17 22 25 9 1 42 18 3 13 0 10 0 23 9 5 21 23 19 3 10 19 12 0 5 7 9 40 11 8 7 19 5 5 12 5 29 14 22 1 7 14 34 10 10 6 7 48 7 8 45 0.05 10 
33 83 477 188 49 75 186 88 48 48 103 150 105 47 39 111 183 89 57 43 104 185 91 48 51 86 193 112 48 42 111 165 81 54 42 99 167 104 53 52 100 161 84 57 43 113 149 108 33 44 104 161 102 40 38 96 152 116 47 282 0.09 18 
34 57 389 20 9 13 32 22 8 13 3 21 20 17 13 16 48 12 8 5 25 27 25 11 1 16 31 13 9 10 21 38 26 4 11 26 44 25 9 12 27 19 6 8 1 21 26 6 8 7 21 23 16 7 16 24 63 37 10 40 0.06 12 
35 302 64 75 10 21 48 22 12 13 24 36 25 12 13 19 39 23 12 11 23 47 27 11 13 24 40 30 15 13 25 44 31 11 11 28 48 29 13 10 23 41 24 14 13 24 34 28 14 13 20 45 23 14 12 22 40 21 13 100 0.08 16 
36 139 154 66 24 26 76 27 17 10 27 54 14 11 24 37 43 16 10 6 68 70 42 22 15 37 66 30 11 31 41 58 35 18 14 33 30 27 25 14 36 63 46 16 11 37 92 22 19 19 23 119 14 21 13 33 27 25 15 99 0.07 14 
37 413 115 213 32 63 88 68 38 43 74 152 71 35 32 64 115 68 34 32 79 120 83 33 31 65 110 73 42 42 67 104 63 41 35 40 104 68 36 28 55 109 55 25 30 90 127 66 42 34 80 111 70 40 39 83 116 58 27 284 0.09 18 
38 134 141 87 18 27 53 26 13 19 32 46 24 17 17 30 50 28 13 12 25 62 31 17 13 33 52 40 17 16 31 53 35 12 17 27 59 29 14 12 18 52 34 10 17 29 49 26 19 11 35 44 27 16 12 25 47 27 13 116 0.02 4 
39 378 150 47 25 48 75 43 24 20 44 86 51 19 17 56 90 52 20 21 53 74 39 19 21 47 79 44 23 26 51 75 41 23 22 41 55 37 19 21 41 74 59 28 19 54 94 43 22 16 47 104 54 21 19 51 73 49 30 94 0.09 18 
40 171 302 97 46 95 132 95 48 51 79 150 93 46 44 116 165 119 45 49 114 156 105 38 54 87 160 90 52 54 89 152 76 49 51 109 154 96 54 50 81 175 80 56 44 77 163 103 44 54 106 138 106 40 57 95 129 104 46 194 0.08 16 
41 245 451 17 11 21 37 16 8 6 21 36 24 7 4 19 20 13 6 9 5 39 14 4 9 23 31 18 4 11 32 37 17 8 8 15 27 12 5 10 19 31 22 4 6 16 18 15 10 7 8 28 19 4 9 16 23 0 10 34 0.08 16 
42 144 188 180 50 94 149 94 58 38 98 147 76 33 46 89 173 87 56 43 96 192 99 48 39 72 131 88 43 46 93 139 110 50 32 71 117 102 45 32 73 156 73 45 42 115 134 69 52 44 112 145 72 43 53 69 161 54 54 270 0.07 14 
43 399 318 20 0 9 38 4 0 5 15 27 27 7 2 12 0 6 7 8 6 33 15 8 3 8 7 14 4 3 0 28 10 9 5 24 16 7 3 0 10 16 24 12 2 0 22 4 10 7 12 1 0 0 7 9 13 6 6 30 0.03 6 
44 307 135 300 48 96 166 110 63 44 116 150 90 47 52 111 195 128 48 51 76 174 121 43 55 97 174 74 48 48 105 145 93 41 38 108 146 92 65 61 88 166 118 51 38 104 193 103 38 40 91 147 83 43 41 103 216 97 45 400 0.02 4 
45 148 270 192 51 80 171 98 41 50 93 138 91 49 62 106 133 137 52 52 104 157 77 43 39 79 187 106 54 40 104 156 115 41 54 85 159 82 58 36 112 185 102 40 50 103 190 86 51 37 86 183 110 49 58 102 155 70 41 288 0.08 16 
46 316 167 158 38 85 171 72 33 34 87 138 70 36 48 87 140 76 35 28 75 153 74 29 39 93 156 67 36 35 78 118 81 42 36 76 128 84 56 38 73 110 85 38 43 69 136 60 39 31 87 117 73 29 36 94 101 87 39 237 0.03 6 
47 100 278 159 35 73 67 60 31 22 47 100 57 27 33 65 121 64 28 29 49 93 52 32 30 55 92 47 32 24 41 105 60 26 29 65 73 80 28 21 56 79 64 27 26 56 89 71 22 39 53 127 56 23 21 73 76 49 24 212 0.02 4 
48 408 423 186 29 56 114 60 28 31 61 103 69 30 30 67 117 64 31 25 54 82 69 31 27 52 103 68 25 27 75 123 73 30 28 55 138 50 32 24 59 101 52 31 24 58 108 56 32 22 68 135 61 31 33 73 98 67 30 248 0.03 6 
49 147 43 52 10 30 36 30 11 15 26 74 18 11 22 17 50 20 14 7 31 53 24 16 9 23 45 30 11 10 18 44 11 15 10 30 51 22 16 7 25 61 33 10 12 30 19 18 15 5 29 39 22 16 14 20 58 41 14 78 0.08 16 
50 396 473 108 12 30 79 46 13 16 31 74 32 21 16 25 54 36 16 14 34 47 37 24 19 43 50 32 23 15 30 79 33 18 24 34 54 37 17 12 38 69 33 18 18 35 49 32 17 26 40 48 37 19 19 40 56 46 16 144 0.03 6 
51 102 139 79 38 65 135 65 43 41 66 117 77 45 37 78 157 77 42 47 88 105 84 36 40 83 118 75 34 35 72 152 92 43 32 67 111 94 35 33 81 125 84 46 42 70 152 91 47 44 85 159 73 34 31 89 101 73 38 158 0.08 16 
52 53 208 75 11 23 45 23 10 10 29 44 28 8 16 28 52 21 11 6 27 43 31 10 4 16 31 30 12 13 32 45 20 13 12 30 56 26 12 11 23 45 27 17 15 34 48 32 11 11 18 39 17 20 10 26 36 27 10 100 0.06 12 
53 135 92 134 32 74 98 71 31 33 63 99 74 29 30 71 99 80 30 35 80 114 83 30 28 78 140 71 31 32 68 134 84 42 37 57 89 50 32 31 63 105 82 31 35 76 124 68 34 31 70 128 79 40 39 64 90 51 34 201 0.06 12 
54 309 141 17 11 20 29 15 11 9 16 29 14 9 8 17 30 27 5 6 17 27 19 7 7 19 32 11 12 5 14 40 16 8 8 14 25 16 5 7 19 29 10 8 10 20 37 13 6 5 19 39 20 9 9 16 23 17 11 34 0.05 10 
55 395 350 135 19 53 75 52 21 18 36 75 47 19 22 42 65 41 20 17 45 87 46 21 22 57 74 39 21 17 39 80 43 19 24 48 79 53 18 25 40 89 38 23 20 48 80 51 20 26 45 69 34 20 23 39 77 50 21 180 0.02 4 
56 226 29 75 14 34 39 35 17 12 23 60 31 9 12 17 46 25 15 10 28 39 20 15 8 20 32 29 12 6 14 58 23 10 7 22 16 26 14 12 25 49 23 16 9 30 38 35 15 15 38 46 27 15 13 24 55 23 10 100 0.04 8 
57 301 151 20 8 25 31 18 11 9 22 23 14 9 9 13 43 11 15 8 13 38 20 9 8 7 31 21 9 9 14 24 22 13 7 16 41 21 12 9 23 27 15 10 9 13 34 13 12 13 17 44 16 9 6 25 44 21 8 40 0.04 8 
58 96 366 38 4 14 16 20 9 7 26 28 28 3 10 9 37 6 16 7 22 27 8 10 12 16 38 22 8 14 20 43 10 7 10 17 29 25 6 9 30 32 23 4 11 8 0 20 9 8 16 33 15 10 4 0 31 14 6 57 0.06 12 
59 116 235 123 18 46 81 35 20 21 41 73 38 18 16 39 58 47 21 23 41 54 43 24 21 45 60 42 16 15 51 56 34 18 21 40 80 49 20 22 41 63 39 18 22 49 79 34 17 20 37 57 45 21 17 45 73 39 18 164 0.02 4 
60 300 372 31 10 37 34 32 16 13 35 51 34 13 20 23 67 30 17 14 24 50 31 12 14 40 59 28 12 11 39 47 34 12 12 30 53 24 14 13 35 55 27 16 13 25 62 25 14 17 20 52 27 14 15 24 51 29 17 62 0.02 4 
61 489 320 141 23 36 86 65 28 29 53 63 49 23 21 44 80 48 28 23 63 97 43 21 30 55 82 57 19 19 62 68 43 13 21 54 88 54 18 23 58 72 46 25 32 45 92 55 18 21 68 57 46 31 23 52 102 45 25 188 0.07 14 
62 386 329 74 31 84 116 58 30 33 84 125 63 40 43 74 118 67 36 39 63 142 59 36 37 63 154 64 41 35 64 112 69 44 35 97 120 63 30 38 71 136 81 36 31 74 107 71 32 42 68 82 60 33 29 56 138 64 36 148 0.02 4 
63 408 93 39 15 30 68 42 15 20 33 63 37 21 15 49 66 35 22 26 43 41 34 16 29 28 65 33 16 18 37 70 44 16 20 33 54 34 17 14 35 68 39 13 21 39 71 35 20 17 36 86 35 21 15 38 70 50 23 78 0.04 8 
64 377 118 184 47 100 141 91 43 38 103 169 77 38 47 86 135 79 41 47 98 142 100 48 37 76 142 99 38 47 79 167 85 50 38 86 151 93 42 47 95 185 109 39 42 82 160 105 46 57 96 178 98 52 51 94 167 101 49 276 0.02 4 
65 17 100 86 44 70 136 76 38 46 80 163 69 40 42 74 172 110 46 48 74 127 75 50 38 97 142 98 43 35 77 139 78 45 51 79 198 85 46 48 69 123 95 34 35 66 128 81 50 44 83 172 78 35 42 83 163 77 40 172 0.08 16 
66 82 364 60 12 23 52 25 12 13 27 45 31 11 16 28 53 24 14 15 25 43 34 14 12 26 58 26 11 12 26 44 37 16 15 22 59 24 13 16 34 48 30 17 13 34 41 36 15 17 30 43 34 14 14 29 45 35 18 90 0.04 8 
67 170 382 24 6 6 11 17 7 2 9 16 12 6 8 12 34 28 11 3 4 24 14 9 12 8 27 18 7 9 18 20 14 5 14 18 0 11 3 6 11 24 16 7 8 4 14 7 1 0 10 41 11 4 3 7 16 8 6 36 0.08 16 
68 109 44 102 27 37 77 60 23 25 52 95 44 22 27 50 81 44 25 29 43 87 49 30 22 42 99 52 20 27 47 73 39 28 24 58 87 42 22 27 39 100 52 29 29 42 82 44 32 29 45 85 40 27 24 53 109 56 19 153 0.04 8 
69 341 451 225 35 64 138 65 28 37 68 116 80 38 42 74 117 71 42 37 68 143 83 43 42 98 115 91 37 42 82 134 65 33 46 69 143 72 35 35 84 106 99 35 32 65 114 82 47 39 68 125 78 38 43 78 145 69 32 300 0.07 14 
70 82 104 180 33 58 91 70 33 22 63 106 64 34 27 52 80 49 33 35 69 101 60 25 28 52 102 66 31 26 48 93 53 32 31 64 122 46 25 27 56 109 44 31 30 57 82 61 28 22 71 91 51 31 34 63 81 49 33 240 0.06 12 
71 298 396 222 49 70 103 83 41 35 92 122 107 33 31 93 130 62 44 39 75 110 62 31 31 69 135 80 34 31 62 106 88 37 32 74 105 64 35 33 77 133 65 40 34 72 118 73 28 45 79 105 73 37 36 88 134 85 32 296 0.06 12 
72 425 210 300 40 104 169 102 35 52 110 178 99 57 57 96 175 122 46 46 121 185 99 55 62 114 169 102 45 50 120 133 105 51 51 107 197 111 62 58 105 172 91 50 50 94 148 100 49 40 101 176 125 44 59 101 114 94 50 400 0.09 18 
73 487 174 114 33 53 115 59 33 30 35 93 60 25 27 64 114 59 34 38 68 107 75 34 26 55 84 62 20 20 45 90 47 23 25 46 89 57 24 28 49 82 55 22 28 55 110 68 33 22 46 85 66 29 29 51 82 73 25 171 0.09 18 
74 412 232 91 56 77 130 105 52 41 95 181 78 53 39 98 169 109 51 59 79 145 74 32 48 93 168 93 34 49 81 166 83 54 39 92 171 79 39 49 82 123 79 54 46 83 135 100 50 39 84 145 78 53 45 103 120 80 46 182 0.03 6 
75 291 71 39 12 7 19 14 5 4 14 14 5 12 2 5 31 13 4 4 13 12 5 6 8 13 18 13 12 7 16 11 7 6 14 7 18 16 7 4 9 16 16 11 5 15 23 14 1 8 17 14 17 2 6 7 9 6 5 52 0.06 12 
76 253 91 96 30 54 47 52 24 29 58 43 24 25 20 47 102 33 28 19 50 85 66 27 32 60 118 42 17 9 53 115 38 22 27 45 85 71 19 24 33 87 43 36 30 48 88 42 20 16 65 85 66 26 18 57 69 43 28 144 0.04 8 
77 345 408 294 43 122 203 90 39 57 89 158 121 49 54 123 187 85 52 53 94 153 110 44 56 86 185 103 53 64 92 202 96 40 43 123 204 107 48 62 76 185 79 54 49 84 200 71 60 43 79 174 90 45 60 75 175 119 37 392 0.05 10 
78 136 153 54 10 27 49 22 16 14 35 37 31 20 9 19 58 36 13 11 26 49 30 13 11 25 53 26 16 7 38 38 37 11 15 20 55 30 21 13 18 60 25 16 15 32 63 22 13 13 24 47 20 10 12 26 32 23 18 81 0.03 6 
79 350 102 30 3 12 13 7 5 7 9 18 19 0 4 11 13 11 7 2 6 11 9 3 5 4 13 11 5 6 8 34 10 5 5 5 25 15 4 8 8 14 5 5 5 18 13 6 3 4 6 24 6 7 9 12 14 8 4 40 0.09 18 
80 191 136 152 40 69 162 81 38 36 80 116 82 32 34 58 143 76 40 43 81 123 68 32 30 71 102 91 33 35 78 131 55 39 46 73 186 85 32 40 104 153 92 39 30 58 131 76 37 40 53 166 95 27 39 78 126 80 33 228 0.08 16 
81 123 89 87 42 92 146 86 45 36 84 152 77 50 46 106 122 94 41 49 79 162 75 43 52 73 162 71 45 50 86 152 91 37 48 78 160 92 48 49 87 164 84 51 36 78 148 71 46 42 84 178 85 49 50 78 153 75 47 174 0.05 10 
82 339 487 201 27 80 93 74 31 33 73 102 57 38 27 58 102 61 30 42 56 126 55 29 33 82 158 76 31 30 53 122 77 35 40 80 167 62 32 32 53 129 70 37 27 71 147 66 32 45 52 115 40 41 39 64 118 71 34 268 0.04 8 
83 358 248 58 14 13 26 25 15 17 17 48 20 11 9 38 66 30 11 23 36 49 17 6 11 23 41 41 16 14 25 58 25 18 12 25 35 25 10 24 42 10 36 11 14 29 41 14 7 18 49 61 28 17 27 42 49 29 16 87 0.09 18 
84 434 452 174 21 41 104 60 29 43 52 129 74 23 23 52 142 67 21 33 57 103 65 30 28 51 68 67 37 34 62 104 39 29 30 45 98 59 30 24 44 112 80 23 21 58 114 40 42 30 57 69 56 32 33 36 86 70 26 232 0.05 10 
85 217 170 23 11 22 37 30 12 9 24 24 18 8 9 13 49 23 15 15 18 51 32 9 16 16 40 13 12 16 13 50 12 10 13 26 30 26 10 17 26 50 23 9 10 15 35 28 15 9 17 42 22 13 10 20 30 18 17 46 0.09 18 
86 302 443 56 29 63 103 49 30 32 53 89 60 23 28 49 98 49 28 27 63 102 60 29 28 59 106 44 29 23 55 105 49 24 30 56 86 49 33 26 72 87 55 28 24 57 90 52 26 27 57 80 50 28 28 57 81 46 29 112 0.04 8 
87 226 498 48 32 47 73 53 26 24 59 65 49 30 20 50 78 42 25 34 48 48 59 14 30 51 75 38 18 22 62 65 50 28 27 51 85 53 26 29 55 88 33 28 14 42 80 61 29 18 50 99 49 29 18 40 82 52 27 96 0.07 14 
88 146 268 158 31 80 132 79 33 36 76 127 69 40 33 67 138 92 43 36 89 117 80 41 30 89 142 89 42 43 77 155 67 39 42 96 142 90 41 44 66 161 81 34 33 87 117 62 42 31 69 146 80 35 45 78 148 94 42 237 0.05 10 
89 107 159 39 7 11 26 8 9 3 7 0 8 5 11 18 12 7 7 2 22 13 11 8 2 8 1 22 10 1 5 31 22 11 11 13 31 10 1 2 5 12 1 0 0 15 10 17 1 6 9 33 3 0 6 3 15 8 0 52 0.04 8 
90 178 475 67 39 63 116 64 28 35 60 121 56 35 41 57 69 60 32 34 60 131 61 32 31 62 118 66 43 41 51 103 54 41 35 80 123 54 24 32 83 120 71 35 30 71 116 94 45 29 76 107 48 30 38 67 116 57 33 134 0.02 4 
91 302 274 33 12 24 62 32 13 20 32 25 42 20 12 38 66 11 14 14 31 64 26 18 23 27 75 14 14 14 46 21 21 12 13 36 68 40 12 25 40 55 31 13 16 22 64 15 15 11 44 72 29 24 18 27 54 36 17 66 0.05 10 
92 211 2 120 16 46 65 49 21 23 41 81 35 20 16 38 91 35 29 26 54 77 50 21 14 41 59 36 24 22 40 75 38 15 20 36 71 25 17 20 43 59 26 20 14 39 44 47 20 22 37 53 35 24 24 33 103 46 29 160 0.08 16 
93 181 111 69 32 70 129 73 32 36 77 91 84 26 32 74 128 81 40 34 73 108 62 27 42 44 128 76 38 36 64 128 51 18 41 69 132 56 28 32 80 89 76 35 24 65 116 75 35 33 55 128 77 30 25 83 118 47 32 138 0.07 14 
94 290 2 246 28 76 147 59 50 53 96 136 74 48 39 72 122 82 38 46 66 122 65 45 47 80 134 63 51 28 67 115 95 31 45 88 157 78 44 46 57 141 71 33 51 96 132 88 33 52 69 134 61 41 42 92 130 81 43 328 0.05 10 
95 339 100 68 34 73 126 82 37 39 58 102 74 27 29 58 133 74 31 35 71 90 69 30 29 58 99 62 39 29 79 117 70 31 34 61 128 66 35 37 70 117 78 41 36 74 129 77 31 36 59 147 69 31 39 69 125 57 28 136 0.08 16 
96 38 396 88 24 49 67 53 16 22 35 79 54 22 18 39 73 42 21 21 48 75 47 27 24 45 57 46 20 22 52 67 39 23 19 46 74 54 23 24 44 73 33 22 22 39 92 36 24 22 52 83 47 23 20 30 70 36 25 132 0.06 12 
97 322 420 243 57 72 146 74 52 44 88 141 88 35 39 65 125 90 30 38 77 131 65 37 52 75 124 81 34 37 76 169 79 33 44 89 111 89 43 35 59 111 76 42 41 101 158 75 49 50 85 129 77 47 38 83 141 84 35 324 0.02 4 
98 443 339 110 27 63 98 43 25 29 56 90 60 27 34 58 118 61 24 26 54 89 54 28 36 50 53 52 21 24 49 86 62 26 22 62 73 59 35 31 67 64 50 30 26 65 76 46 24 36 59 82 43 36 29 49 75 49 37 165 0.08 16 
99 378 364 128 24 71 94 69 39 38 62 98 57 27 25 62 106 67 24 30 55 107 46 25 30 68 100 55 22 42 50 95 77 29 33 97 116 54 28 34 74 103 59 43 32 43 123 50 33 31 64 106 58 31 32 67 122 65 32 192 0.06 12 
100 276 241 46 25 28 86 29 18 17 64 87 43 22 22 55 89 44 28 23 58 83 52 29 21 49 83 33 21 25 45 90 52 19 31 55 104 43 22 27 42 50 45 27 32 47 55 34 20 24 52 92 32 18 35 49 75 33 30 92 0.06 12 
101 16 326 182 50 108 152 83 55 47 86 184 71 46 39 84 174 85 43 46 104 162 100 52 45 82 153 78 38 49 94 150 118 44 42 117 148 73 49 41 80 176 89 41 56 98 181 106 51 42 103 159 94 43 48 118 147 105 43 273 0.06 12 
102 452 25 116 26 60 89 62 25 24 45 123 57 31 23 62 84 59 27 28 40 83 63 30 31 54 93 36 31 32 56 98 63 22 31 55 136 69 22 25 66 110 60 32 27 59 83 44 30 33 47 96 56 19 24 70 90 58 25 174 0.04 8 
103 449 34 36 12 6 30 19 17 8 18 32 16 10 8 13 10 19 3 12 18 72 15 6 11 22 14 17 12 12 31 34 9 6 10 12 49 14 12 10 8 30 18 7 8 3 28 20 6 12 18 39 5 12 4 24 29 0 5 54 0.08 16 
104 89 40 51 25 50 90 57 25 22 64 90 58 28 27 52 82 42 24 28 60 97 45 20 30 48 90 57 23 30 47 78 70 27 30 45 102 63 20 23 44 90 41 26 26 53 68 44 29 26 44 92 58 20 38 49 87 44 26 102 0.02 4 
105 171 286 42 18 36 81 47 15 25 38 76 53 16 18 40 72 33 17 24 46 69 43 17 21 48 75 36 24 20 41 69 47 17 22 48 78 42 19 19 41 69 43 26 22 45 78 47 22 23 48 64 41 21 20 47 67 55 23 84 0.09 18 
106 500 330 174 37 92 110 99 46 41 88 187 92 34 34 81 124 89 49 45 86 133 88 47 35 97 165 85 42 33 82 134 101 51 48 71 141 88 46 38 79 143 85 44 37 96 154 76 39 47 76 166 88 43 60 77 141 79 50 261 0.05 10 
107 90 123 225 43 72 120 77 40 42 76 116 88 34 44 82 144 56 37 32 88 130 68 33 35 59 126 61 36 48 78 152 66 34 45 78 140 84 44 39 83 145 87 35 47 56 111 87 34 33 74 115 80 47 36 80 114 71 36 300 0.04 8 
108 281 218 178 47 78 168 106 42 42 68 144 77 41 38 78 144 65 46 46 80 144 87 40 49 82 177 76 44 33 85 157 88 56 46 98 151 87 47 41 83 119 104 42 48 73 127 79 40 53 89 142 93 38 37 95 184 82 38 267 0.06 12 
109 228 437 88 42 64 167 84 45 37 101 184 88 44 43 82 149 90 41 37 79 169 73 42 35 95 192 93 34 47 71 167 72 48 43 86 151 73 52 41 100 136 82 33 42 89 139 93 43 38 84 111 80 50 34 89 154 80 34 176 0.09 18 
110 46 211 75 32 70 123 57 43 28 78 146 68 36 33 69 129 69 33 34 68 112 85 37 35 79 102 86 26 31 84 137 80 34 41 83 122 70 40 43 56 119 57 36 28 65 128 64 39 43 89 134 60 42 35 57 128 72 45 150 0.07 14 
111 307 17 99 55 80 156 64 48 48 92 192 104 35 35 81 116 86 49 53 84 169 96 45 45 92 177 85 43 56 130 173 74 40 45 106 178 109 58 41 97 157 88 41 42 77 168 104 51 37 101 158 83 46 54 126 157 121 61 198 0.08 16 
112 32 252 84 8 30 27 12 20 10 26 36 13 11 14 31 58 20 18 13 18 39 23 11 9 17 39 17 17 15 23 54 29 10 13 35 58 24 10 10 28 42 39 19 14 22 28 26 18 6 26 36 18 17 16 28 32 30 15 112 0.04 8 
113 203 67 30 6 32 40 28 12 15 29 33 33 14 16 25 45 28 12 9 22 43 47 18 12 33 49 28 13 7 23 47 31 16 9 29 59 29 17 15 21 37 45 8 14 27 55 30 13 13 38 61 29 18 20 21 35 41 20 60 0.02 4 
114 208 64 72 14 34 60 40 15 16 39 49 44 25 17 31 53 32 20 18 44 74 44 18 15 41 62 29 19 20 35 59 40 19 22 31 59 31 16 19 49 71 41 21 16 44 71 30 20 15 31 63 24 15 16 44 73 31 16 108 0.04 8 
115 486 498 39 6 4 25 12 8 6 10 21 10 3 7 9 28 5 3 4 13 16 20 4 6 3 30 19 8 6 11 8 16 6 7 19 20 13 5 2 20 25 6 5 6 18 22 10 1 7 8 34 13 4 7 13 40 14 6 52 0.03 6 
116 336 264 14 3 1 40 14 10 3 6 11 0 17 6 0 36 14 11 2 16 31 0 7 12 16 0 8 0 2 7 22 2 5 4 31 33 16 5 4 1 8 18 14 8 25 46 12 4 11 12 41 16 8 0 10 32 5 8 28 0.05 10 
117 330 144 159 23 53 63 65 28 24 41 75 40 32 30 62 74 57 23 20 41 94 45 32 30 37 75 46 27 29 50 81 53 32 25 42 109 53 29 23 59 94 58 27 32 53 94 42 18 23 45 102 49 25 28 58 86 41 25 212 0.08 16 
118 353 117 20 6 18 35 17 12 10 22 20 23 10 9 25 33 26 10 9 34 28 21 9 9 14 30 12 10 6 23 32 22 9 6 22 42 19 10 12 9 16 22 14 16 16 43 18 14 10 18 30 9 8 13 19 30 14 11 40 0.03 6 
119 303 307 87 36 90 144 91 50 35 81 143 108 37 54 91 128 74 52 38 84 109 95 40 38 90 122 85 49 45 82 123 88 50 40 91 179 88 41 48 85 161 83 36 43 106 173 84 51 48 99 160 81 42 47 79 167 75 52 174 0.06 12 
120 278 265 83 46 76 135 70 36 34 89 134 77 32 40 85 157 80 46 41 76 118 70 35 44 81 123 69 46 43 75 136 91 46 45 89 138 94 49 42 74 146 77 36 34 69 153 84 33 36 99 131 106 37 47 78 114 88 39 166 0.03 6 
121 279 339 264 44 83 134 85 49 42 70 165 89 43 48 104 127 92 38 38 80 150 72 49 49 97 171 84 51 44 90 147 86 42 40 69 172 74 45 38 81 157 93 48 45 86 148 82 51 41 88 136 103 41 42 79 143 101 42 352 0.04 8 
122 194 180 282 43 71 164 100 54 51 88 148 91 47 50 103 146 97 35 41 88 150 89 48 54 69 166 107 50 43 74 185 94 44 37 103 146 77 44 34 85 177 100 48 42 83 157 100 36 47 83 161 79 42 53 74 134 101 50 376 0.05 10 
123 477 173 24 5 10 23 11 5 4 11 15 11 6 4 8 22 11 7 4 11 17 10 6 7 14 19 18 3 6 13 21 11 4 6 10 24 12 6 4 16 23 12 6 7 13 15 9 6 5 13 23 11 6 6 12 25 7 5 36 0.06 12 
124 238 283 288 59 101 144 118 46 38 98 163 101 47 42 97 148 93 60 36 100 215 72 48 51 95 174 109 48 43 100 173 120 42 53 96 160 88 55 51 102 147 110 45 55 114 161 87 63 40 97 188 101 43 36 114 122 94 59 384 0.02 4 
125 352 470 189 30 72 106 60 31 24 67 117 60 28 26 61 108 50 28 34 58 101 64 30 32 55 124 57 26 35 66 102 74 29 30 62 87 62 29 24 55 118 53 31 36 72 126 68 25 33 63 104 78 38 30 62 91 77 27 252 0.03 6 
126 383 417 87 36 66 146 80 55 32 106 153 82 46 42 106 122 89 44 49 69 124 88 45 54 68 136 77 35 32 74 119 87 35 39 122 147 72 39 40 76 148 96 28 29 83 130 97 52 54 84 147 86 42 34 64 134 110 40 174 0.04 8 
127 356 393 59 22 56 90 61 29 38 68 86 43 36 35 56 102 56 35 36 89 96 57 28 31 44 99 48 37 21 47 94 58 32 32 64 80 61 28 27 53 107 90 30 29 68 141 46 32 26 53 104 75 19 32 68 72 49 27 118 0.08 16 
128 67 199 124 27 50 81 55 35 33 62 120 63 34 32 72 105 60 33 32 74 113 57 36 36 65 114 68 24 28 53 87 60 29 35 60 112 65 35 26 61 112 50 36 34 73 106 51 32 38 63 107 62 29 33 51 118 59 27 186 0.03 6 
129 223 127 27 15 26 50 26 12 14 25 50 26 12 12 30 46 28 16 10 29 41 25 10 13 25 50 27 12 15 27 36 29 13 15 31 41 33 12 17 28 45 25 12 18 25 51 27 11 12 21 37 25 14 15 30 56 33 16 54 0.06 12 
130 214 251 39 9 2 21 7 7 3 8 29 15 5 9 11 25 14 7 1 8 2 12 9 4 11 13 16 0 9 8 7 18 8 2 12 40 10 3 10 10 19 12 5 8 19 20 10 9 6 17 14 2 8 6 13 10 15 8 52 0.02 4 
131 165 187 234 32 70 107 60 39 53 69 111 69 39 44 63 114 68 44 38 69 153 79 36 42 84 108 48 40 32 73 115 49 35 42 101 121 87 52 31 69 150 99 45 27 93 120 73 45 36 76 170 73 38 27 71 158 72 49 312 0.02 4 
132 398 42 176 39 86 141 93 48 41 107 131 86 38 38 83 171 86 48 48 80 162 74 52 47 99 145 79 35 44 83 148 70 49 50 93 155 82 45 45 85 137 103 47 40 97 130 82 46 39 74 134 80 37 52 73 170 99 50 264 0.02 4 
133 237 55 168 44 100 151 84 35 43 92 126 91 36 44 75 153 69 49 49 97 160 99 44 36 91 144 88 44 43 98 117 67 46 45 90 130 98 39 45 79 148 72 44 36 74 155 67 33 44 91 133 92 41 48 94 165 69 46 252 0.02 4 
134 290 477 73 32 95 130 77 34 34 94 118 66 32 30 67 130 67 33 36 94 147 85 39 45 65 134 68 35 29 82 114 74 28 34 75 106 89 37 46 55 137 71 36 45 70 153 85 35 45 74 137 67 34 44 71 107 62 40 146 0.09 18 
135 64 32 210 40 64 100 74 29 40 69 110 68 41 30 67 101 63 39 27 73 132 75 29 30 75 116 78 37 39 71 99 74 31 38 64 114 83 40 32 71 97 54 36 37 66 118 56 35 37 62 99 66 29 32 65 137 69 40 280 0.09 18 
136 4 423 77 33 68 104 75 32 42 76 134 63 44 41 73 123 89 39 33 70 114 66 37 43 64 138 73 39 36 80 148 83 45 44 77 135 75 44 39 79 120 82 42 31 64 117 87 42 32 83 137 82 41 37 70 125 70 41 154 0.05 10 
137 177 215 146 32 92 119 75 39 41 51 160 84 37 42 76 82 70 36 33 81 131 72 38 38 80 107 83 40 30 81 106 71 35 45 59 112 59 40 42 83 99 73 27 33 66 129 68 42 36 71 129 53 32 29 60 119 59 36 219 0.05 10 
138 477 306 100 27 44 82 46 18 21 43 87 51 22 23 44 106 66 20 21 53 107 46 22 26 46 87 48 31 36 51 63 38 28 25 46 85 58 25 33 52 106 33 29 23 60 83 47 19 39 54 74 41 22 23 47 86 71 27 150 0.08 16 
139 468 161 192 36 61 121 67 29 19 76 130 69 27 27 81 138 51 38 30 53 98 69 33 25 72 93 59 25 32 55 100 65 30 30 60 114 51 33 36 60 113 82 41 29 55 102 66 31 35 67 106 53 30 39 47 103 63 42 256 0.07 14 
140 209 174 126 28 63 117 69 32 30 56 116 63 26 26 77 89 70 26 24 70 104 61 26 32 69 101 54 25 27 57 95 53 37 28 71 94 56 30 25 68 104 66 28 35 65 104 62 33 24 65 106 54 33 33 60 96 49 30 189 0.08 16 
141 290 178 72 20 32 73 40 19 14 44 65 36 16 18 38 52 27 18 16 31 53 42 19 17 30 53 39 19 15 33 66 40 19 19 35 59 37 17 22 31 53 37 19 14 34 61 39 14 20 34 66 34 19 19 39 61 40 19 108 0.09 18 
142 496 49 177 29 60 125 64 29 40 65 106 44 32 26 50 94 69 20 28 43 75 77 32 30 56 105 60 29 23 59 80 63 33 29 52 79 68 30 28 46 124 56 29 38 68 94 45 29 31 51 91 59 34 31 60 69 63 29 236 0.02 4 
143 393 86 17 8 24 26 26 11 13 16 38 19 20 7 19 38 22 8 6 8 41 13 7 4 25 34 24 6 7 12 24 13 8 3 12 16 27 8 11 12 39 11 11 9 7 11 22 6 9 15 25 15 4 9 20 29 9 8 34 0.02 4 
144 81 375 267 44 75 124 93 37 45 88 147 76 47 35 69 174 70 49 48 107 154 96 48 40 100 167 88 36 50 82 160 70 50 41 104 176 104 48 37 102 164 85 46 36 112 157 84 49 41 73 151 104 52 40 73 144 76 47 356 0.08 16 
145 161 438 264 46 81 149 86 46 37 74 186 76 50 37 93 181 87 49 49 70 184 103 37 41 73 153 89 34 33 100 153 85 52 39 112 162 88 46 48 91 162 98 42 48 74 134 93 43 55 71 181 93 53 48 80 169 98 42 352 0.09 18 
146 487 58 165 14 46 64 59 20 22 76 78 43 28 40 49 109 55 25 28 49 82 75 20 25 45 94 57 35 27 59 68 46 30 38 83 93 50 48 20 77 85 46 30 22 52 92 60 32 29 65 90 43 24 24 78 102 48 27 220 0.03 6 
147 120 450 72 12 26 51 27 14 13 26 84 28 18 21 41 75 50 21 20 42 92 38 15 17 29 81 33 24 20 36 57 26 16 14 22 60 46 14 23 43 73 23 18 18 29 55 26 17 22 22 57 20 19 13 30 68 27 22 108 0.05 10 
148 446 176 144 30 54 110 64 40 32 67 103 71 33 40 84 132 83 33 35 67 135 56 38 36 77 122 68 44 43 56 117 62 39 32 76 138 60 36 43 78 116 86 33 32 71 85 64 27 29 58 113 70 26 36 96 106 58 39 216 0.08 16 
149 370 407 43 19 38 80 42 20 19 45 61 50 20 18 47 75 41 25 23 58 86 41 19 29 28 88 44 13 27 44 74 48 19 19 44 102 43 20 26 60 68 41 18 18 45 73 57 17 21 35 66 35 25 23 28 63 41 16 86 0.05 10 
150 396 456 47 19 53 79 45 23 21 45 85 54 23 20 52 84 38 25 21 60 86 53 21 23 54 71 47 21 24 56 91 50 25 28 55 87 40 27 21 47 71 42 24 23 46 84 33 24 23 51 89 51 19 18 39 85 44 24 94 0.06 12 
