200 5 16503
0 199 92 32886 23196 23190 23195 23194 23199 0.01
1 245 475 42 6 15 35 12 5 6 12 20 12 6 5 13 19 15 6 7 10 26 14 6 6 21 30 13 8 6 18 20 12 6 6 14 24 11 7 7 14 25 16 7 8 15 21 10 6 8 11 23 12 4 5 17 20 14 7 56 0.05 10 
2 77 408 26 14 34 65 21 3 5 15 63 19 12 13 26 30 28 12 13 23 71 17 12 5 13 38 41 12 10 23 61 11 10 15 25 62 17 10 15 30 56 28 12 17 25 66 18 14 20 16 25 27 17 5 20 54 20 12 52 0.04 8 
3 495 445 140 36 84 116 67 36 28 83 102 63 31 29 74 116 65 35 39 71 125 60 42 32 72 136 63 35 45 71 124 56 36 41 59 98 61 36 28 76 138 66 28 41 75 97 55 39 29 79 124 63 40 28 69 125 78 27 210 0.07 14 
4 282 442 74 15 32 72 40 22 19 34 64 34 21 20 40 62 38 16 21 34 51 31 16 18 41 56 29 17 15 40 63 42 19 19 40 59 32 14 18 32 53 30 17 22 28 61 41 17 18 42 65 36 17 16 39 59 33 19 111 0.07 14 
5 52 306 108 15 31 69 49 16 16 26 56 28 14 14 47 57 23 15 17 30 53 35 18 20 46 69 38 28 17 37 79 43 17 16 50 57 36 16 15 33 58 27 18 19 45 55 35 12 21 32 49 38 20 14 34 70 35 19 144 0.04 8 
6 361 348 57 5 28 28 11 3 16 20 3 6 6 3 20 34 9 17 5 19 35 12 7 21 30 28 10 8 4 15 46 23 12 2 34 7 24 5 4 24 43 14 10 9 18 21 18 3 0 25 30 10 11 12 11 25 7 3 76 0.05 10 
7 133 269 60 10 16 34 21 10 15 18 35 20 9 7 19 41 16 10 12 25 36 18 8 11 30 42 27 9 10 17 31 17 8 10 19 37 22 16 11 29 39 21 8 6 21 27 20 11 9 17 38 23 13 7 14 27 15 12 80 0.02 4 
8 415 195 39 5 25 11 5 8 4 13 19 9 6 6 13 25 16 8 5 8 29 9 2 6 11 17 14 10 3 16 24 7 7 7 10 22 7 6 6 7 18 18 7 5 18 25 12 3 4 9 14 12 7 6 30 24 18 4 52 0.08 16 
9 437 200 71 29 88 126 71 32 27 67 135 71 32 29 69 97 64 31 36 53 107 57 29 36 55 129 102 32 39 59 115 83 37 33 70 115 83 32 42 61 114 88 29 43 86 136 70 32 28 76 143 77 34 43 63 134 61 36 142 0.04 8 
10 45 216 31 17 37 45 32 11 12 31 59 31 16 17 31 50 30 17 19 32 49 35 19 18 28 42 30 19 13 25 50 28 13 12 30 53 37 13 13 31 52 34 14 15 29 37 29 15 16 24 58 29 13 15 34 61 37 18 62 0.07 14 
11 336 97 126 21 31 56 51 22 24 49 69 28 21 12 32 57 47 14 21 55 51 58 22 21 59 83 62 25 20 54 54 31 20 19 54 59 43 21 14 43 80 38 17 23 28 83 16 19 21 41 65 46 22 23 54 70 25 28 168 0.05 10 
12 97 39 65 32 67 135 55 35 27 46 64 60 42 22 59 102 66 26 36 59 103 31 34 31 69 109 57 39 32 49 95 44 31 47 63 114 88 32 43 51 144 56 28 31 64 120 52 34 36 61 104 60 26 34 54 125 49 26 130 0.09 18 
13 111 331 170 35 101 132 85 44 50 97 159 88 40 34 87 147 93 43 51 96 158 99 32 34 95 148 96 53 42 91 150 88 36 45 70 119 75 37 42 69 165 90 35 42 101 119 89 50 36 76 144 92 38 44 95 162 92 45 255 0.02 4 
14 99 318 282 39 80 153 87 54 48 91 134 86 52 47 76 171 93 39 46 88 136 100 52 41 100 140 103 45 38 87 163 97 37 42 86 165 101 47 35 87 154 80 44 53 84 137 83 48 41 109 139 99 54 57 103 133 80 47 376 0.04 8 
15 82 51 25 13 29 32 33 5 15 27 55 18 12 8 27 45 11 8 14 16 44 23 16 17 10 48 18 10 19 39 32 18 18 19 31 40 29 9 15 33 49 27 12 13 24 23 24 14 14 26 45 41 10 7 26 37 34 11 50 0.06 12 
16 349 231 86 45 107 132 84 37 40 91 149 98 46 36 68 159 96 38 37 81 163 72 32 42 103 142 97 40 36 77 123 73 49 36 75 134 95 38 35 83 165 88 45 54 64 137 104 51 39 87 157 101 37 37 95 131 75 47 172 0.06 12 
17 274 88 114 19 40 51 54 12 21 35 70 33 11 15 44 49 33 15 16 48 64 18 21 20 48 67 38 16 15 45 67 33 12 22 42 95 46 24 18 31 57 54 16 18 45 43 51 20 17 33 30 31 18 21 50 93 15 23 152 0.06 12 
18 213 445 32 20 42 46 33 15 17 29 61 29 12 25 16 70 37 13 16 18 67 19 17 26 16 64 34 9 17 21 42 35 16 10 52 29 23 16 25 26 64 35 15 18 12 46 29 19 12 30 48 29 16 8 51 30 39 2 64 0.08 16 
19 273 191 75 13 31 37 27 20 12 26 56 24 15 9 20 33 17 12 9 35 39 20 15 22 17 55 36 23 14 25 12 25 20 11 33 43 25 7 8 30 49 8 19 14 12 36 14 12 18 38 31 13 23 8 10 71 34 21 100 0.07 14 
20 201 391 100 46 89 182 81 52 46 117 168 83 48 38 121 192 95 48 55 127 181 104 52 59 113 141 85 48 58 91 172 101 46 55 112 176 93 48 51 97 158 98 41 58 131 164 82 53 50 123 173 86 55 43 102 165 105 51 200 0.02 4 
21 146 43 246 43 81 148 62 38 35 111 142 60 55 41 95 120 81 45 44 125 123 89 33 31 98 132 62 44 39 73 150 71 48 40 71 149 86 38 48 64 106 109 34 36 82 161 73 37 35 84 137 85 44 48 79 160 92 47 328 0.09 18 
22 432 25 120 26 57 106 72 29 28 60 135 60 23 28 70 131 59 39 31 49 98 64 28 27 65 102 51 33 24 47 75 47 25 35 74 135 51 32 33 74 116 52 31 30 66 76 65 32 25 52 107 81 28 29 61 92 67 27 180 0.04 8 
23 361 47 249 43 71 159 70 33 45 84 155 67 49 47 93 119 80 49 36 72 126 76 49 45 92 143 92 35 37 76 138 92 40 38 86 145 84 46 41 90 150 76 38 40 73 129 67 42 34 77 131 71 37 43 99 158 72 44 332 0.09 18 
24 485 183 264 32 76 173 96 42 40 68 203 92 35 51 106 169 96 58 43 94 145 97 44 39 98 164 103 58 64 97 131 72 45 39 79 132 84 43 45 102 140 104 48 41 108 171 79 36 42 85 165 122 30 34 79 177 80 32 352 0.04 8 
25 294 319 42 9 24 23 13 12 17 22 57 20 10 2 1 49 10 11 11 21 14 20 13 2 5 19 34 5 9 27 79 13 10 9 26 7 14 13 21 18 32 34 0 13 17 50 23 13 9 20 54 28 12 8 24 61 16 9 63 0.03 6 
26 46 418 22 2 5 13 6 5 5 5 13 12 5 7 21 14 12 8 1 8 12 12 8 2 9 19 7 9 3 9 6 9 5 3 6 29 9 6 6 9 21 11 6 2 15 28 11 4 7 12 30 10 7 3 11 16 8 2 33 0.03 6 
27 39 304 204 27 61 111 68 38 32 57 119 78 35 29 75 124 82 31 27 62 103 53 34 33 77 121 58 34 27 71 100 53 41 36 67 101 52 34 27 56 107 64 33 33 73 122 69 34 38 54 96 56 41 43 60 117 56 28 272 0.06 12 
28 140 266 84 18 49 68 36 17 22 28 85 38 23 21 41 86 45 27 16 26 74 39 16 19 50 69 33 18 19 49 60 34 23 26 55 63 35 23 18 47 67 42 17 19 45 57 42 20 26 36 59 34 29 25 48 63 44 26 126 0.09 18 
29 424 36 75 6 29 41 25 13 13 25 25 27 17 7 20 51 29 9 7 14 28 7 8 19 20 25 33 17 13 35 43 26 10 6 26 39 24 9 15 24 28 19 11 2 14 51 17 19 4 17 51 41 11 14 25 57 20 15 100 0.05 10 
30 457 113 77 45 60 136 66 35 44 66 124 72 40 47 69 137 74 39 40 75 143 83 44 34 84 141 64 35 34 86 126 83 40 42 89 128 93 33 44 72 121 83 45 31 71 112 74 30 37 60 128 78 44 40 88 117 95 33 154 0.09 18 
31 422 490 39 15 41 61 40 15 17 40 65 38 17 14 35 66 35 20 20 43 72 41 24 17 45 57 39 16 20 35 78 39 21 16 33 65 43 19 22 46 75 33 17 20 27 89 42 21 23 34 67 31 20 21 43 67 34 22 78 0.08 16 
32 42 443 93 18 25 55 35 15 15 30 64 31 15 13 29 43 27 15 17 27 47 24 13 14 31 48 27 17 14 28 50 37 15 16 32 61 35 16 15 31 49 26 16 16 31 54 38 14 17 29 60 30 15 16 32 41 32 13 124 0.08 16 
33 25 387 213 34 81 132 76 35 30 82 147 86 45 39 80 132 61 31 41 74 146 71 42 34 73 110 45 32 43 69 134 85 26 41 79 93 56 42 34 80 112 70 37 43 88 111 61 30 30 55 108 65 51 34 78 121 65 36 284 0.07 14 
34 495 148 186 25 68 119 84 30 35 54 116 47 26 33 58 91 60 26 34 64 103 64 34 35 56 126 64 26 24 55 92 85 33 36 76 84 58 23 32 61 100 61 40 24 68 107 47 39 29 48 114 51 30 33 66 142 60 25 248 0.05 10 
35 147 488 20 10 30 35 25 7 8 17 39 12 8 11 18 38 8 14 7 14 44 28 13 5 27 32 21 7 9 17 45 16 8 11 21 48 24 11 10 12 23 14 9 16 17 27 27 7 12 13 38 18 13 10 22 34 25 8 40 0.08 16 
36 215 79 38 20 31 62 35 18 16 39 83 29 17 16 37 74 43 26 20 36 75 34 16 20 42 61 37 19 22 44 61 34 18 22 39 59 40 22 21 35 64 33 16 17 39 63 36 18 24 41 59 31 22 16 40 80 39 20 76 0.06 12 
37 49 244 94 25 48 96 50 18 28 53 70 52 20 20 33 71 40 23 25 53 76 53 26 25 56 91 39 18 19 42 69 43 29 24 46 84 37 22 20 42 99 45 24 26 39 73 46 25 25 46 90 38 25 25 41 99 48 20 141 0.02 4 
38 36 185 252 51 74 149 76 49 54 72 147 60 36 35 77 124 96 49 34 77 127 62 38 42 77 152 69 41 44 79 151 100 41 43 98 142 106 33 38 89 101 62 47 45 105 172 77 51 41 82 135 60 38 49 64 151 79 37 336 0.05 10 
39 154 191 132 20 51 94 40 18 22 44 88 50 26 17 38 48 45 25 28 38 71 40 17 19 35 88 53 18 28 42 80 46 14 21 42 61 48 21 17 48 75 48 19 22 42 90 33 19 23 44 71 41 18 24 44 91 43 24 176 0.08 16 
40 384 287 92 21 53 71 54 20 21 54 70 51 24 25 46 74 53 22 26 41 77 50 22 19 46 83 57 21 20 43 90 43 26 21 38 70 45 20 22 50 64 54 23 25 37 79 38 18 27 37 87 45 20 21 56 83 46 28 138 0.05 10 
41 165 231 16 9 16 17 19 5 11 13 33 10 13 6 16 51 11 11 4 4 32 18 4 10 29 23 13 9 1 11 24 15 6 9 9 26 11 8 13 22 28 15 14 11 23 38 5 3 8 18 10 27 5 7 19 25 0 4 32 0.07 14 
42 425 173 98 22 48 66 53 19 25 47 82 54 22 24 51 78 44 24 27 54 91 52 22 22 54 93 61 29 25 57 83 51 24 29 48 84 47 23 27 51 90 45 21 20 55 89 49 26 23 43 85 56 26 31 51 84 42 25 147 0.06 12 
43 387 473 84 35 71 152 72 34 36 81 162 81 46 44 79 178 60 35 48 102 145 86 36 49 87 154 68 50 36 78 122 77 37 35 78 135 91 39 39 86 128 94 37 34 83 137 92 41 38 82 163 78 45 35 77 153 94 40 168 0.05 10 
44 271 106 73 30 58 111 54 44 32 87 121 76 30 33 74 121 72 40 40 62 119 83 31 28 60 127 70 39 42 82 114 81 34 37 81 127 70 44 39 75 143 68 37 40 80 142 82 29 35 70 124 77 31 37 77 116 64 41 146 0.02 4 
45 110 10 276 38 73 137 88 54 53 76 161 106 50 52 108 178 75 44 52 82 136 74 39 46 88 156 97 49 46 82 158 104 43 42 100 132 88 44 49 83 173 105 51 53 74 141 77 42 50 105 157 107 45 46 97 129 88 43 368 0.02 4 
46 337 492 102 21 51 107 48 30 18 44 85 44 21 20 50 104 45 25 19 41 58 64 25 26 51 107 44 30 18 91 88 34 35 21 58 77 61 20 20 45 100 36 21 24 83 71 35 33 33 50 70 55 28 21 37 96 55 20 153 0.03 6 
47 465 45 98 38 93 172 108 59 42 80 157 116 46 42 110 158 98 52 48 81 153 108 52 44 107 158 106 54 40 109 191 90 38 56 97 192 117 42 48 100 175 102 48 49 109 171 107 48 42 80 155 99 52 60 99 145 79 46 196 0.07 14 
48 265 446 97 48 84 194 88 56 51 81 140 100 54 56 100 136 95 48 52 116 145 80 48 45 75 171 101 46 39 102 165 113 41 37 80 135 94 47 43 101 156 105 56 36 107 185 109 52 60 111 178 95 33 47 86 159 108 41 194 0.03 6 
49 480 248 80 21 38 58 44 11 13 37 42 40 16 21 42 79 52 18 23 39 123 30 15 17 31 61 33 14 14 26 85 54 20 27 36 80 36 26 12 23 48 36 20 24 46 59 58 29 18 22 67 18 28 22 32 70 53 19 120 0.06 12 
50 42 88 126 27 51 109 61 38 35 57 119 65 31 28 61 101 69 30 31 64 114 70 33 32 68 87 51 30 25 65 112 68 26 29 70 92 53 35 30 76 111 52 30 27 53 117 69 31 37 70 96 53 26 32 50 115 68 36 189 0.07 14 
51 353 274 225 39 65 109 60 35 34 86 143 79 36 45 77 124 86 42 39 70 119 83 32 45 80 147 94 36 29 67 127 64 37 40 70 116 86 33 32 78 133 57 40 32 68 112 60 31 31 72 142 89 38 33 60 132 65 44 300 0.02 4 
52 171 467 74 16 30 55 34 17 22 29 60 36 16 23 42 49 40 17 20 31 65 38 23 20 31 58 38 22 16 40 58 35 21 15 42 66 37 17 16 28 60 32 14 19 32 89 27 17 18 37 62 42 18 17 30 58 40 17 111 0.02 4 
53 45 28 39 5 18 24 9 6 5 6 22 5 8 6 12 42 11 12 12 5 12 6 4 9 0 15 15 2 2 13 23 0 5 5 10 20 13 3 2 7 16 13 4 7 15 35 12 6 1 9 20 11 9 2 14 29 5 4 52 0.09 18 
54 38 72 97 41 99 144 83 37 47 110 177 106 43 54 106 143 64 58 54 105 121 92 38 55 75 147 101 53 48 130 140 103 50 36 90 175 85 64 53 72 112 100 46 46 121 125 90 47 60 77 169 130 53 62 101 198 120 47 194 0.06 12 
55 179 365 97 35 82 184 83 55 48 88 175 79 38 50 74 248 104 40 40 94 179 119 40 66 106 139 110 45 39 114 141 84 53 40 107 157 118 58 45 105 149 109 59 52 93 156 106 46 48 94 166 86 46 54 140 193 109 48 194 0.05 10 
56 247 472 70 30 55 141 72 37 26 64 143 87 35 41 74 139 96 32 30 47 133 71 37 33 70 146 55 28 34 50 138 80 43 31 79 124 61 45 39 74 147 85 35 32 80 118 53 33 28 64 141 82 31 32 64 113 69 27 140 0.03 6 
57 395 136 192 33 52 100 51 39 42 66 103 57 27 22 56 87 52 31 29 59 116 69 39 31 60 89 46 33 31 70 117 74 33 35 80 121 60 35 22 56 90 57 27 29 74 92 66 28 36 63 110 48 36 33 64 105 54 24 256 0.02 4 
58 143 285 159 21 58 88 53 31 21 48 86 61 21 29 66 85 40 25 22 54 101 45 29 22 59 98 44 26 22 64 79 54 28 24 43 86 58 26 31 51 101 62 26 25 55 81 60 26 23 48 75 45 31 30 60 107 52 26 212 0.02 4 
59 70 335 82 18 47 54 37 22 27 39 80 43 22 15 35 55 37 14 17 44 79 40 24 18 39 60 40 23 18 47 73 42 22 19 47 63 33 17 21 53 60 38 19 17 43 73 49 19 20 39 84 47 18 21 35 68 38 22 123 0.09 18 
60 318 253 90 15 49 51 21 12 15 34 35 24 20 13 26 50 27 8 19 26 42 37 12 21 27 54 25 17 14 37 58 25 8 16 33 50 36 12 12 24 48 34 13 17 26 49 32 16 15 24 30 18 12 13 28 47 31 19 120 0.09 18 
61 353 457 231 36 76 140 64 39 34 72 158 87 39 32 67 134 100 33 41 65 134 89 40 35 76 114 90 43 35 67 104 71 45 43 79 157 78 29 43 70 131 75 45 45 66 149 79 43 35 68 142 73 30 44 83 113 93 40 308 0.08 16 
62 95 25 54 15 18 40 22 12 14 25 65 38 11 17 39 43 28 16 12 19 35 24 15 10 44 42 23 15 12 34 47 19 17 16 24 50 25 13 17 32 47 26 4 20 29 35 19 16 14 34 48 17 8 10 25 48 32 11 81 0.04 8 
63 275 318 36 7 18 18 23 9 9 18 38 10 5 12 17 18 6 10 7 25 40 17 1 12 27 39 7 11 7 27 24 33 8 6 22 38 10 11 6 8 28 29 5 7 14 28 19 10 7 13 37 21 4 7 9 12 13 7 54 0.09 18 
64 271 494 11 4 15 0 13 6 6 11 21 15 8 4 10 14 11 7 3 11 14 6 8 6 11 10 16 7 4 5 11 11 5 6 4 11 10 5 5 2 6 8 10 4 10 16 5 0 3 16 18 14 4 4 13 24 14 8 22 0.06 12 
65 279 92 80 39 66 133 95 40 36 88 125 75 45 31 80 171 97 30 30 75 159 66 34 43 91 106 93 44 42 91 150 93 34 32 66 155 84 48 50 92 181 99 39 38 75 137 50 35 45 75 158 98 46 47 85 143 61 29 160 0.06 12 
66 114 41 171 30 67 95 52 34 26 51 78 57 18 27 32 88 60 26 29 49 94 45 29 32 68 93 63 25 29 48 86 60 24 20 44 105 61 25 21 59 84 53 31 34 51 80 81 19 29 58 93 63 30 29 51 92 55 27 228 0.03 6 
67 440 449 231 46 69 119 86 33 35 84 103 56 50 47 58 104 59 35 39 102 119 84 32 44 52 134 85 49 37 79 153 63 37 45 82 129 64 40 41 94 119 90 46 49 80 144 71 40 39 77 103 70 30 41 94 98 78 28 308 0.03 6 
68 206 335 96 54 106 149 75 36 44 88 178 90 57 44 85 141 86 52 42 103 148 124 48 42 94 152 98 49 45 94 139 125 49 45 108 146 115 44 41 86 172 86 47 38 79 174 83 52 36 67 178 94 52 42 101 184 105 44 192 0.09 18 
69 26 388 53 28 39 75 61 34 25 45 72 47 21 34 38 76 35 31 30 54 99 60 20 31 55 118 67 27 27 53 97 50 19 35 59 84 58 23 21 54 101 48 30 19 39 86 67 22 29 46 64 58 21 20 78 71 51 19 106 0.08 16 
70 205 215 59 24 55 113 72 31 24 58 103 64 28 28 56 98 64 26 33 50 98 47 27 31 67 88 68 30 33 45 92 52 33 35 51 108 74 35 30 66 88 53 30 28 55 104 70 25 27 59 86 58 33 31 48 99 67 33 118 0.08 16 
71 318 90 132 7 45 76 71 29 30 43 74 39 18 26 35 71 36 21 26 53 56 43 24 16 40 101 49 20 25 37 64 39 17 21 40 81 49 18 16 36 83 29 17 28 33 108 32 24 12 52 73 56 19 26 47 70 41 8 176 0.04 8 
72 469 51 144 24 42 83 45 21 19 59 101 40 20 24 47 71 33 22 26 49 92 38 18 19 47 74 48 20 16 52 73 53 26 25 46 71 51 24 22 56 96 59 26 18 49 64 39 29 22 49 84 65 21 21 59 92 56 25 192 0.06 12 
73 117 308 20 9 19 31 19 11 9 16 38 29 9 16 22 29 20 10 8 28 31 28 8 10 25 45 17 12 10 14 47 19 5 15 17 33 19 5 15 12 29 20 6 7 21 23 22 9 10 21 25 20 9 9 16 34 21 8 40 0.08 16 
74 497 16 102 16 21 44 43 12 15 39 57 22 12 24 49 88 52 16 8 23 77 13 9 14 28 25 69 13 12 42 61 37 16 19 30 84 30 13 19 33 70 22 14 17 35 51 45 15 21 31 21 36 19 20 60 38 21 25 136 0.05 10 
75 44 221 141 31 60 87 54 18 30 56 101 61 26 27 46 70 59 19 17 53 113 42 22 25 50 98 37 30 20 51 89 28 32 22 72 97 48 22 28 65 70 55 35 19 45 83 69 29 26 46 108 45 17 26 54 78 36 22 188 0.07 14 
76 186 283 273 44 100 171 104 38 36 102 173 83 39 39 83 155 90 43 43 95 160 96 42 48 79 167 112 42 38 107 148 79 34 50 73 158 109 54 54 102 168 76 50 51 93 173 100 47 44 85 131 81 51 49 83 170 91 45 364 0.02 4 
77 348 297 142 41 63 122 75 44 30 77 107 85 43 41 85 149 85 42 33 74 117 57 36 50 66 140 77 32 33 79 129 64 31 38 71 134 68 31 36 50 126 65 45 31 91 131 62 35 25 79 112 68 32 41 78 117 52 34 213 0.08 16 
78 286 462 160 35 85 143 89 43 29 85 141 68 36 30 78 154 78 31 42 99 183 68 34 39 74 138 93 43 45 94 109 66 39 32 74 111 66 27 44 76 130 72 34 45 78 134 98 44 47 68 143 78 50 49 68 142 74 41 240 0.05 10 
79 418 437 42 14 22 42 19 6 10 19 38 16 11 12 22 39 24 9 11 21 31 24 11 9 21 43 24 10 9 23 32 23 10 10 25 31 18 9 10 22 36 21 9 11 21 33 24 8 11 19 35 24 10 12 20 42 21 9 63 0.06 12 
80 274 203 54 19 37 37 30 18 18 28 50 32 16 17 19 71 30 11 10 31 51 22 11 18 21 56 19 7 9 20 25 22 22 10 0 24 41 10 12 21 54 13 7 15 27 50 24 8 12 19 56 11 8 9 13 42 30 9 81 0.09 18 
81 196 148 80 17 37 71 39 19 19 40 88 41 18 20 37 72 48 17 20 36 73 48 20 15 39 69 34 20 18 33 71 39 19 19 35 56 33 19 22 50 82 42 19 17 33 64 41 20 24 30 64 33 17 15 36 59 41 16 120 0.03 6 
82 299 228 60 12 31 54 29 13 16 36 48 36 15 19 23 45 30 13 19 30 45 29 11 16 22 46 29 15 15 24 56 29 13 14 29 40 32 18 15 31 44 30 18 16 29 49 32 15 12 23 51 35 14 17 20 68 30 15 90 0.04 8 
83 474 261 62 17 34 62 35 20 15 32 66 35 16 18 29 61 35 18 12 30 62 30 12 14 27 51 36 17 17 27 63 34 15 12 36 50 24 14 14 22 43 25 14 13 42 51 32 14 13 32 49 27 12 14 28 58 30 14 93 0.09 18 
84 444 339 80 15 42 67 39 20 20 46 72 32 21 16 40 60 43 19 22 31 61 43 25 19 39 59 31 21 19 52 60 41 19 15 51 72 36 20 22 35 72 37 21 18 45 49 54 17 20 48 72 33 18 22 35 57 42 17 120 0.03 6 
85 135 278 59 26 59 86 68 28 33 53 109 66 33 31 54 99 50 32 31 55 87 60 34 25 45 77 53 27 29 51 80 61 36 34 59 95 70 29 23 57 99 58 34 31 67 95 61 28 30 58 86 63 30 31 54 88 53 35 118 0.03 6 
86 0 5 65 30 58 132 49 29 30 71 98 69 38 30 78 113 56 27 21 55 102 63 28 23 55 105 63 33 23 56 115 67 36 30 52 129 61 40 39 53 111 71 26 37 69 112 56 39 27 62 99 64 25 31 67 104 56 38 130 0.08 16 
87 493 490 99 56 106 163 95 62 62 106 137 103 41 54 106 162 130 40 52 111 172 96 41 62 98 138 92 43 52 111 126 90 55 56 89 184 89 40 57 116 159 100 59 47 83 180 81 43 47 101 203 107 66 62 87 150 105 60 198 0.07 14 
88 456 164 98 25 47 90 49 28 37 60 62 29 23 21 53 101 39 25 26 49 87 72 27 19 43 92 43 22 29 50 67 66 26 25 58 63 48 26 22 57 67 44 25 29 32 107 54 30 30 35 96 46 25 20 56 79 40 24 147 0.06 12 
89 455 461 156 31 43 80 47 27 30 47 99 56 21 26 53 98 52 20 24 58 85 45 30 21 54 75 52 29 22 40 86 51 24 23 55 84 42 21 22 51 102 45 26 21 46 87 40 28 22 57 74 44 23 28 50 105 49 24 208 0.04 8 
90 14 52 87 51 76 149 86 43 46 83 133 105 49 36 77 117 98 40 40 74 143 101 46 37 101 136 89 38 51 71 136 68 51 36 73 147 103 45 43 73 133 102 46 40 97 177 98 36 35 98 165 75 36 50 85 145 81 40 174 0.05 10 
91 405 456 92 49 97 155 79 46 48 70 159 67 50 45 78 149 68 32 43 85 162 68 42 43 90 126 99 45 37 86 166 98 50 33 77 194 107 39 51 83 175 90 60 40 87 153 74 46 52 78 130 100 38 38 104 149 80 44 184 0.02 4 
92 135 110 210 42 71 133 76 35 30 80 126 78 36 44 74 160 73 38 38 62 143 60 36 30 56 134 85 35 45 67 131 64 37 33 68 119 93 42 26 89 113 64 33 35 55 138 54 40 32 84 127 105 52 35 85 121 71 27 280 0.07 14 
93 16 108 88 38 86 145 85 40 43 96 117 85 42 33 98 135 87 33 36 90 158 80 38 44 99 142 71 31 45 75 176 87 48 35 91 144 89 37 42 72 137 92 40 52 89 183 82 41 38 98 137 96 35 51 71 139 77 35 176 0.03 6 
94 255 141 78 20 39 48 28 10 20 49 92 28 28 25 28 45 46 23 23 32 70 32 19 18 23 61 35 18 24 37 74 31 26 16 31 33 27 19 19 33 68 41 20 17 36 49 39 23 16 30 75 34 25 19 38 56 41 24 117 0.08 16 
95 3 285 54 24 47 84 56 34 28 46 78 48 21 26 60 82 57 28 29 59 84 58 30 23 57 92 63 22 30 56 99 45 27 36 41 77 44 26 30 49 99 48 24 29 47 81 59 29 30 60 90 67 23 27 46 95 49 28 108 0.05 10 
96 71 331 78 14 25 75 41 8 6 25 34 37 14 12 31 43 36 13 6 5 67 16 6 11 51 34 44 9 10 6 36 28 15 19 25 61 27 8 7 35 23 47 6 12 27 49 32 9 9 19 55 18 12 11 33 64 29 18 104 0.06 12 
97 232 34 70 19 41 39 18 22 21 56 92 23 22 14 43 66 27 18 24 46 35 34 27 21 29 22 48 22 14 48 66 41 8 18 50 39 35 18 26 43 14 44 18 9 25 43 36 28 14 31 38 43 20 14 30 69 39 11 105 0.06 12 
98 155 338 100 45 109 182 102 54 44 104 192 111 37 63 77 180 123 47 47 109 172 105 55 50 86 168 118 51 50 109 210 115 45 48 85 152 112 47 49 107 169 77 52 55 129 143 79 53 60 121 142 107 42 59 139 208 83 45 200 0.02 4 
99 355 110 195 37 72 108 73 40 32 72 107 70 29 25 63 124 52 31 39 68 98 79 39 40 56 87 82 19 33 42 66 58 29 33 64 145 58 39 32 56 120 68 50 30 71 113 85 46 36 62 131 53 30 32 61 114 60 32 260 0.06 12 
100 465 306 154 27 71 95 60 32 29 97 134 84 44 31 73 116 79 31 40 83 114 88 38 41 65 133 85 38 37 75 156 82 39 30 63 129 81 45 40 77 122 68 30 37 83 146 62 39 33 58 126 65 38 35 74 160 97 43 231 0.05 10 
101 81 57 243 43 62 147 81 41 44 67 178 91 34 39 88 139 92 31 39 72 133 82 32 49 76 128 73 47 42 79 146 76 33 31 66 147 84 52 40 90 156 101 31 42 93 129 64 37 49 87 159 93 43 42 80 125 69 41 324 0.04 8 
102 404 66 62 12 30 74 16 14 12 32 36 35 20 13 40 52 27 15 21 31 70 38 11 18 30 34 31 9 13 29 43 35 15 17 24 64 23 19 17 38 53 31 17 9 21 62 40 14 18 24 43 33 10 21 23 58 25 18 93 0.08 16 
103 195 460 66 22 80 89 93 33 33 47 92 90 31 23 48 94 69 25 34 92 118 52 26 45 69 82 92 26 33 80 128 69 42 36 44 129 61 37 32 44 103 72 29 24 77 115 84 45 32 59 90 69 32 28 47 149 67 26 132 0.07 14 
104 406 431 23 17 10 19 38 19 14 16 43 29 8 8 25 40 30 14 11 23 52 11 8 9 34 23 18 6 8 21 34 19 14 15 28 58 21 10 10 24 30 22 7 12 21 40 27 10 6 15 56 20 12 14 28 33 21 9 46 0.05 10 
105 225 81 34 1 15 28 15 12 8 42 38 7 11 6 14 39 12 7 2 24 37 28 3 11 13 21 22 5 12 29 33 21 4 6 11 19 29 2 10 5 34 17 11 8 0 40 10 5 17 27 18 22 6 11 19 0 15 6 51 0.03 6 
106 6 138 116 29 52 70 82 22 32 55 92 57 26 23 57 118 46 23 27 68 88 45 28 40 73 116 45 35 23 60 116 44 34 27 46 117 74 38 29 56 109 62 36 31 51 111 44 26 30 57 122 64 27 29 70 89 52 34 174 0.08 16 
107 46 383 28 13 28 41 27 12 14 29 58 32 16 17 40 47 33 12 14 26 43 38 17 14 31 53 24 17 15 24 48 28 16 12 31 53 32 16 11 28 49 27 13 10 24 48 32 15 13 34 57 24 12 15 27 57 27 11 56 0.07 14 
108 0 310 78 39 66 134 82 31 32 85 148 76 37 35 67 116 80 43 45 83 162 80 37 34 64 145 66 42 40 67 146 74 36 33 82 119 82 42 34 79 131 66 39 35 86 134 94 32 37 84 122 67 45 40 86 132 77 45 156 0.04 8 
109 425 465 81 38 85 153 104 40 33 96 132 70 36 41 70 140 93 43 52 78 136 88 31 42 59 174 89 28 35 80 136 74 38 49 94 152 81 52 26 71 148 95 42 39 71 123 69 39 35 77 152 73 38 33 105 164 105 45 162 0.04 8 
110 431 86 122 35 64 109 46 26 34 96 111 58 36 27 64 112 71 40 29 47 70 58 35 40 61 109 45 26 28 60 80 55 29 30 62 118 58 19 26 47 108 63 30 25 62 80 55 32 27 73 123 62 26 27 65 117 48 43 183 0.06 12 
111 208 301 48 24 40 84 40 23 25 40 78 58 20 26 52 82 38 20 26 48 75 56 24 27 55 72 42 26 28 50 69 49 22 26 56 73 47 26 21 42 74 49 26 25 38 87 50 26 24 42 89 55 22 21 37 70 54 19 96 0.03 6 
112 331 419 86 20 46 72 43 22 18 44 53 44 25 23 41 78 34 18 24 42 80 50 16 18 40 91 48 20 15 37 74 39 25 20 40 74 34 24 25 51 54 37 22 22 42 60 46 23 22 38 70 35 18 24 42 90 52 23 129 0.03 6 
113 348 496 110 28 48 94 68 26 28 43 80 49 31 31 64 98 49 28 29 47 97 63 31 30 43 105 54 23 30 61 109 63 30 32 53 102 58 28 23 50 100 56 30 22 62 87 43 31 30 55 84 51 26 26 45 90 67 25 165 0.08 16 
114 475 176 267 48 77 147 93 36 50 80 158 93 37 44 77 157 84 51 51 86 130 101 51 36 90 144 94 43 42 100 125 97 43 39 95 137 99 40 39 78 165 90 38 35 86 133 70 47 36 92 130 93 50 40 69 148 73 42 356 0.04 8 
115 197 484 195 37 62 119 72 31 40 62 125 53 34 30 56 101 74 36 35 66 125 55 28 32 72 105 71 33 35 65 134 59 33 36 75 114 56 31 28 68 124 52 38 35 62 103 57 35 32 59 104 51 38 27 51 124 60 32 260 0.05 10 
116 135 11 57 14 12 50 25 11 6 18 0 24 11 9 9 25 15 14 4 3 31 19 9 7 10 41 1 8 10 7 37 18 8 4 29 49 8 8 20 25 23 11 6 7 25 9 5 4 3 10 29 21 10 6 27 22 9 15 76 0.05 10 
117 486 14 140 34 87 143 61 39 36 82 107 58 39 30 70 106 66 27 27 73 121 66 38 30 84 98 71 31 41 55 121 56 28 29 73 121 63 27 36 57 129 77 33 40 59 134 55 31 34 78 140 67 40 40 77 141 65 29 210 0.09 18 
118 300 321 72 18 40 59 37 17 18 42 68 34 18 17 34 71 35 20 20 31 60 27 22 17 29 59 32 16 20 29 76 39 15 20 37 63 35 19 18 33 58 36 16 17 29 80 32 18 17 33 47 40 14 18 33 59 29 16 108 0.05 10 
119 62 270 213 38 73 125 69 31 37 96 123 79 28 32 83 112 60 35 27 71 117 73 30 46 63 140 65 35 38 74 118 79 38 39 64 104 74 31 30 86 110 91 37 29 74 108 90 33 35 64 111 57 33 38 87 131 66 30 284 0.07 14 
120 4 97 288 44 77 154 88 49 51 70 147 93 37 37 101 157 98 43 41 113 158 89 62 46 92 173 122 48 53 121 149 76 37 40 92 149 92 59 53 105 142 125 55 58 81 150 104 53 40 112 161 98 49 56 103 156 79 37 384 0.06 12 
121 429 466 78 22 38 69 44 18 17 36 61 45 20 14 33 62 34 19 16 45 44 40 21 20 38 68 41 22 18 39 75 50 17 21 41 55 42 20 15 43 75 36 16 22 35 67 41 16 23 31 64 35 18 21 30 67 38 21 117 0.05 10 
122 142 170 102 27 48 81 56 26 22 56 88 53 23 24 41 71 44 27 26 59 90 42 22 32 44 104 54 25 28 57 68 61 24 23 43 83 45 25 28 65 87 49 20 22 50 98 36 24 24 48 66 57 26 22 56 103 44 24 153 0.04 8 
123 26 210 102 20 52 103 51 25 17 72 80 51 32 28 57 119 53 30 24 25 73 30 20 33 65 93 50 22 24 48 99 42 25 20 56 68 43 25 19 67 105 54 27 23 49 83 54 28 22 39 87 43 26 23 49 71 53 30 153 0.07 14 
124 246 138 57 3 30 35 16 4 6 39 51 29 7 7 22 25 25 4 8 14 25 19 6 17 34 22 19 4 10 8 19 9 14 8 15 22 24 12 10 28 48 27 17 10 16 54 12 10 11 18 57 37 9 9 15 29 18 13 76 0.04 8 
125 409 270 28 5 3 39 20 10 5 7 19 17 3 11 17 17 10 4 7 29 20 5 15 4 10 6 12 7 6 21 29 15 3 5 26 27 1 2 5 24 33 10 6 5 15 1 9 5 1 7 24 17 5 6 19 8 20 5 42 0.02 4 
126 15 391 72 39 84 117 72 26 33 73 86 79 32 38 85 123 74 34 32 80 92 71 45 28 65 134 83 47 32 56 131 80 32 24 80 139 87 23 40 62 170 78 36 57 63 124 50 45 36 66 80 83 29 31 74 96 71 46 144 0.05 10 
127 50 237 120 37 79 71 38 35 34 45 89 85 23 28 41 110 65 36 27 79 120 74 29 35 42 128 44 30 28 68 117 51 29 25 54 125 55 34 33 51 84 81 45 32 72 86 59 31 25 51 114 66 29 32 48 99 64 32 180 0.02 4 
128 63 348 140 29 63 103 58 32 38 74 117 76 30 36 68 98 66 35 33 57 109 61 37 47 62 134 63 45 47 75 111 72 31 38 70 125 69 25 29 75 141 72 31 41 86 105 86 28 28 88 120 63 28 29 82 117 78 26 210 0.03 6 
129 61 107 154 39 66 160 59 41 45 82 169 81 41 46 50 123 69 41 54 91 146 74 42 32 74 93 70 40 41 80 125 73 51 24 79 84 73 40 34 83 125 65 41 43 82 143 109 35 27 55 142 103 28 35 86 133 75 40 231 0.02 4 
130 361 257 53 28 48 77 53 23 28 46 107 59 37 26 36 51 83 33 26 37 81 46 26 23 53 101 71 32 35 47 90 49 28 21 37 86 57 22 24 49 84 73 23 25 45 101 54 26 35 48 80 59 27 29 42 93 68 21 106 0.06 12 
131 477 124 146 35 67 127 71 33 36 78 145 80 34 37 75 103 65 37 32 76 96 73 37 42 81 99 84 35 35 71 125 62 40 37 91 97 51 31 39 93 148 62 43 44 64 117 87 45 30 78 124 71 33 30 81 122 63 34 219 0.07 14 
132 418 456 85 42 71 139 92 38 46 103 131 86 47 43 92 146 94 47 40 80 172 82 43 44 76 151 86 38 49 98 150 91 39 43 82 148 103 36 44 82 163 96 48 43 68 158 67 43 41 78 174 89 38 50 86 127 81 40 170 0.04 8 
133 152 441 123 24 37 67 56 28 11 31 62 30 25 17 47 46 49 22 12 40 56 44 26 31 46 60 41 24 26 54 65 41 23 21 27 89 43 35 15 32 71 32 25 19 60 51 35 20 15 43 53 13 24 18 37 104 38 24 164 0.07 14 
134 477 484 34 14 40 69 31 17 18 36 56 39 16 18 39 57 35 14 20 40 63 38 13 18 35 56 25 18 20 29 64 27 14 13 31 59 37 20 13 27 51 41 17 14 29 54 37 15 14 43 52 30 14 15 31 67 36 17 68 0.08 16 
135 107 491 132 35 73 103 48 29 35 74 130 72 31 30 87 100 56 28 34 70 85 59 29 27 49 111 95 28 34 59 113 57 36 28 76 103 55 40 33 56 141 79 41 35 60 87 52 22 33 49 133 69 27 33 82 117 73 35 198 0.06 12 
136 417 12 170 50 82 131 85 37 47 73 111 76 39 34 110 157 63 42 29 99 162 71 45 55 69 134 96 42 32 105 160 69 48 46 85 147 67 45 34 68 124 66 50 34 83 128 83 38 31 84 141 64 44 35 79 148 89 45 255 0.05 10 
137 401 358 112 22 63 71 50 22 31 67 114 62 33 24 55 106 51 31 25 49 108 56 29 22 42 106 50 33 27 49 116 53 30 29 42 97 49 25 26 48 108 55 34 22 66 86 67 26 21 57 69 61 28 30 59 74 55 20 168 0.05 10 
138 450 41 90 2 36 64 31 8 21 23 37 33 24 7 39 44 45 16 9 19 24 19 15 13 34 48 45 10 13 14 72 26 16 14 35 53 21 21 25 27 62 21 15 25 26 35 23 17 12 35 39 33 25 7 21 60 23 21 120 0.04 8 
139 190 145 258 45 93 131 81 41 34 77 166 77 52 47 78 121 80 40 51 84 132 77 46 39 80 126 68 53 53 78 183 104 51 33 88 148 88 40 35 86 137 103 54 41 75 183 82 43 35 93 167 104 49 42 87 130 94 35 344 0.06 12 
140 262 460 30 15 25 43 30 19 14 30 49 33 10 17 36 61 27 14 14 30 52 26 10 20 28 37 28 11 14 30 46 41 13 18 34 59 26 13 16 28 52 29 15 13 31 66 27 21 17 30 56 35 16 16 24 49 25 15 60 0.08 16 
141 146 377 110 28 51 123 62 22 27 56 106 51 30 31 45 85 58 22 27 60 105 56 32 29 54 101 59 18 26 54 88 41 25 30 44 83 49 27 33 38 69 59 28 27 52 103 53 24 33 70 96 69 30 33 66 102 61 19 165 0.06 12 
142 131 347 178 37 71 146 79 41 46 75 137 80 53 37 101 159 85 51 51 83 131 92 44 39 75 153 90 42 50 97 151 68 38 45 100 152 104 57 37 83 122 75 54 53 95 159 81 38 36 86 161 92 46 50 99 141 100 42 267 0.05 10 
143 413 264 78 9 25 30 25 8 13 34 42 27 17 15 30 67 39 15 10 30 54 24 13 7 39 28 20 18 7 24 27 27 17 12 29 44 28 14 10 33 47 20 7 11 13 51 45 12 8 35 53 31 12 11 46 37 17 23 104 0.02 4 
144 329 274 89 40 92 173 85 40 36 71 123 70 48 38 99 137 91 49 45 85 161 95 49 46 84 137 75 51 49 72 145 115 43 49 89 128 117 45 51 89 170 73 35 41 111 156 90 41 33 91 148 70 46 52 68 147 77 44 178 0.04 8 
145 371 242 59 28 62 90 53 24 30 57 100 64 24 23 62 105 60 29 33 51 96 62 25 25 69 88 52 25 26 67 91 65 29 28 54 113 65 32 32 47 104 47 22 33 49 110 51 29 35 65 97 54 30 32 59 95 57 28 118 0.07 14 
146 452 305 270 39 78 147 79 43 41 89 126 75 51 48 102 161 98 40 50 103 141 92 43 35 107 140 107 43 38 80 142 99 39 41 83 146 90 47 46 94 129 105 51 44 94 170 83 36 48 107 156 86 40 52 84 173 85 46 360 0.09 18 
147 0 242 165 27 47 81 51 26 24 56 103 46 31 25 57 110 52 29 29 52 98 57 29 22 51 97 53 25 28 46 110 56 29 29 68 89 59 23 24 53 104 55 28 31 52 93 56 24 26 63 107 67 27 32 56 99 60 25 220 0.04 8 
148 115 27 40 26 46 49 21 12 24 56 58 46 24 11 59 60 49 22 29 33 62 50 12 18 45 95 48 18 18 43 67 37 18 29 25 88 39 22 19 30 75 45 15 14 28 62 30 15 8 40 69 41 24 16 57 75 43 21 80 0.06 12 
149 330 419 164 38 78 119 88 35 43 86 115 85 45 37 70 161 84 49 36 68 130 67 37 46 98 134 91 38 47 92 122 69 39 36 69 150 76 33 34 79 152 94 38 33 91 114 68 44 42 81 155 81 45 41 93 137 92 39 246 0.06 12 
150 384 94 38 12 21 39 14 12 9 13 41 19 11 7 21 22 23 10 11 28 18 16 7 7 11 32 15 11 10 14 45 26 8 13 19 32 22 4 8 19 51 13 7 9 18 27 12 8 10 17 44 18 9 10 17 36 19 10 57 0.09 18 
151 134 109 32 8 19 40 8 6 9 18 24 8 8 3 18 16 20 8 7 17 17 28 8 10 15 21 18 9 7 13 38 13 7 9 14 36 20 5 11 19 33 8 6 12 11 38 19 8 7 16 27 12 4 9 7 42 20 9 48 0.07 14 
152 352 466 96 15 40 61 35 14 9 38 71 30 14 17 40 41 25 14 20 25 52 39 12 20 42 64 21 14 13 31 59 20 16 18 26 64 32 18 16 27 64 32 15 12 34 54 25 9 16 29 50 31 15 15 30 39 29 18 128 0.08 16 
153 130 182 122 47 73 107 91 26 37 57 97 53 27 33 58 97 69 30 26 61 128 63 31 26 50 94 48 39 23 65 87 50 39 27 55 110 51 26 29 64 112 46 35 25 70 118 94 28 29 45 114 69 36 27 61 114 74 33 183 0.05 10 
154 281 352 60 11 36 59 27 14 17 25 46 28 13 14 32 46 17 8 15 22 26 18 16 22 32 38 35 8 19 25 53 21 14 13 33 40 37 13 20 15 26 48 17 7 31 36 17 23 10 21 57 17 15 15 25 44 28 13 90 0.07 14 
155 43 448 63 38 62 139 55 32 35 50 99 70 36 37 58 122 59 32 26 71 113 62 25 32 63 102 65 26 24 49 106 69 36 28 65 112 81 22 36 71 123 78 32 24 78 100 63 30 27 44 97 44 28 46 59 126 64 37 126 0.08 16 
156 268 71 20 6 0 17 13 5 0 5 17 6 3 6 14 15 9 3 2 8 11 22 7 5 10 0 7 3 8 8 6 6 4 2 12 31 14 4 3 16 13 11 2 5 6 28 14 3 7 2 9 2 0 3 3 26 0 2 30 0.05 10 
157 125 380 42 25 43 71 46 28 11 41 69 43 13 19 30 75 44 22 18 41 58 67 14 25 40 64 50 25 21 46 57 38 31 19 50 61 42 22 13 39 91 53 10 24 34 68 30 31 21 29 66 47 28 12 44 99 51 21 84 0.08 16 
158 479 264 60 38 54 84 51 31 38 52 73 41 30 23 56 108 68 23 33 66 128 43 33 30 64 108 62 24 29 47 90 85 28 28 63 78 48 30 28 58 140 64 33 39 48 95 62 35 30 65 102 60 34 26 72 110 48 22 120 0.09 18 
159 437 330 46 23 47 71 40 29 19 46 72 54 23 24 41 75 47 20 18 52 75 38 24 20 35 76 44 30 20 42 86 43 19 19 42 81 44 24 21 51 66 37 20 16 50 94 50 24 26 41 67 52 25 21 37 66 53 23 92 0.07 14 
160 126 109 102 17 32 69 32 15 22 32 58 37 21 18 32 43 48 19 15 48 76 30 19 22 29 63 29 14 18 38 42 40 24 15 29 85 44 11 19 26 67 32 13 12 34 66 17 16 14 27 44 46 16 11 37 58 31 17 136 0.03 6 
161 392 125 89 44 80 181 79 50 51 100 121 83 52 43 78 190 77 43 36 83 130 70 48 49 84 135 81 40 40 90 121 72 40 35 112 171 99 51 38 66 172 103 54 36 70 135 85 58 42 85 205 98 45 44 82 152 78 40 178 0.09 18 
162 386 265 89 45 74 179 112 45 51 82 145 86 44 34 69 154 78 38 44 88 123 86 45 36 93 149 94 54 44 84 141 100 48 40 110 118 62 34 39 90 171 78 44 39 121 148 86 48 66 92 192 88 61 45 100 140 72 37 178 0.04 8 
163 61 157 148 30 83 132 65 39 42 68 131 58 45 34 78 101 78 43 29 69 141 81 33 32 89 138 79 42 37 72 121 74 37 40 78 121 82 41 42 70 101 68 33 38 74 156 76 34 32 66 102 67 44 36 85 129 72 35 222 0.03 6 
164 345 32 97 53 104 161 80 52 57 97 165 92 51 57 70 126 85 51 48 107 157 74 42 35 85 138 108 49 46 76 185 102 52 56 93 147 79 54 56 115 168 83 45 38 104 135 113 53 55 90 187 79 39 41 100 158 101 41 194 0.06 12 
165 294 112 52 37 52 102 47 22 16 65 95 46 33 30 32 93 42 16 30 34 83 51 25 28 49 65 48 33 29 43 87 43 29 30 55 101 43 27 23 69 107 54 25 25 55 70 59 24 30 54 77 34 19 26 52 61 79 27 104 0.05 10 
166 385 77 93 14 39 34 24 16 21 30 65 21 16 12 35 50 24 12 19 37 39 37 14 8 31 56 32 9 17 20 59 18 11 16 35 42 39 12 17 19 37 30 23 14 28 45 21 14 22 37 35 30 17 12 37 46 20 17 124 0.08 16 
167 323 19 26 5 17 8 11 2 7 23 38 6 9 0 20 36 13 2 7 0 6 19 1 8 24 81 10 1 13 0 15 0 5 5 22 25 24 7 8 21 0 21 12 4 29 34 35 10 7 20 7 14 10 3 14 22 28 8 39 0.03 6 
168 464 391 93 41 80 159 110 57 40 77 169 89 54 54 89 183 90 50 55 87 186 77 49 53 86 157 108 38 58 73 129 102 55 34 110 162 86 44 49 100 167 82 48 57 102 157 67 46 38 120 122 116 53 46 87 168 104 39 186 0.08 16 
169 36 268 213 27 111 105 81 38 36 68 107 86 32 43 61 120 83 34 36 82 147 53 40 29 72 117 60 24 37 65 122 82 40 31 75 100 83 37 30 59 92 75 32 41 72 78 74 30 43 53 122 82 33 25 80 120 83 44 284 0.09 18 
170 422 216 282 36 87 153 97 34 49 121 148 75 42 47 114 190 88 31 40 76 144 122 49 50 92 141 123 44 50 81 169 91 37 46 87 134 97 56 49 116 169 107 48 50 121 157 87 47 38 113 172 97 50 48 99 137 93 52 376 0.08 16 
171 295 184 32 9 14 16 0 5 13 28 38 9 5 2 19 28 4 12 0 25 20 6 7 9 4 15 24 0 8 0 16 23 3 3 2 36 19 5 3 19 42 5 12 11 22 34 30 3 5 15 39 15 9 3 0 33 13 12 48 0.09 18 
172 386 53 276 45 106 178 74 51 46 83 179 93 43 43 80 145 104 50 43 101 151 84 38 38 74 162 106 41 43 93 144 99 43 49 107 152 92 43 37 85 140 92 44 44 102 137 79 45 50 103 149 86 43 37 98 132 96 45 368 0.04 8 
173 380 241 74 42 59 122 72 34 42 77 113 82 42 36 68 116 80 39 37 79 111 83 32 39 59 116 70 42 31 80 139 89 40 39 60 122 76 40 31 63 141 84 37 30 74 141 82 29 42 88 112 86 39 29 78 105 80 40 148 0.02 4 
174 417 335 111 10 45 62 39 13 25 28 73 32 14 13 35 82 24 12 20 50 71 24 21 21 37 134 33 10 20 39 74 47 14 17 39 75 9 11 19 40 42 24 17 12 40 84 42 12 15 47 19 35 20 9 30 75 42 16 148 0.09 18 
175 217 40 204 30 72 128 64 29 27 65 110 73 30 27 79 99 80 38 39 74 128 77 36 34 68 129 64 28 34 68 128 65 37 36 77 134 69 41 31 70 122 65 37 30 78 118 64 27 34 75 120 60 39 39 56 97 58 34 272 0.06 12 
176 425 338 44 10 20 37 22 11 13 22 45 25 10 10 23 32 22 10 9 16 46 21 9 12 26 41 12 11 10 20 37 24 11 15 22 48 18 7 13 22 28 24 8 9 22 32 15 11 9 21 40 17 10 11 22 41 16 11 66 0.09 18 
177 254 248 174 44 99 130 86 39 38 92 125 97 46 42 82 160 77 43 45 85 174 87 35 40 79 136 80 38 48 78 167 84 46 57 100 143 89 49 34 77 167 83 39 41 109 170 90 53 37 74 161 81 48 43 77 125 68 46 261 0.08 16 
178 311 383 228 28 66 117 68 48 43 76 107 65 33 38 77 148 86 37 38 85 118 61 40 32 57 158 82 41 34 65 141 83 48 43 75 112 65 49 33 71 148 74 53 36 70 140 76 32 35 81 140 62 37 34 74 140 99 35 304 0.03 6 
179 374 201 168 24 44 101 51 24 28 55 84 61 32 30 60 83 54 33 29 53 104 55 29 32 43 108 48 32 28 66 80 64 31 28 64 82 51 29 30 68 93 56 24 28 52 94 66 24 29 47 77 46 35 31 64 84 52 22 224 0.06 12 
180 141 340 63 9 11 37 18 5 11 21 43 18 19 9 20 29 34 14 6 7 26 20 6 8 28 31 13 6 12 28 45 22 11 6 12 35 25 12 13 12 42 22 5 11 13 19 15 10 10 15 52 20 13 10 28 20 23 11 84 0.05 10 
181 216 298 41 20 23 99 28 22 17 20 39 34 9 11 57 60 38 19 23 19 82 51 18 24 27 57 33 15 19 51 48 43 31 17 33 97 52 21 22 31 42 32 6 16 39 108 43 25 18 26 111 28 24 17 29 60 44 25 82 0.03 6 
182 148 117 150 35 72 105 74 41 40 78 136 81 32 32 74 104 86 39 44 80 109 75 41 43 78 148 84 39 34 75 109 60 37 41 86 138 62 34 39 74 116 76 42 32 71 140 88 34 32 78 120 80 40 35 59 140 66 39 225 0.02 4 
183 162 23 120 34 99 94 65 26 32 64 95 40 24 44 68 71 38 26 22 48 104 59 27 28 58 124 78 22 39 53 124 58 20 35 56 121 77 19 25 65 118 59 22 26 44 131 49 26 36 49 102 68 30 21 76 130 86 39 180 0.08 16 
184 152 7 30 9 15 20 19 8 4 15 20 11 5 10 15 20 16 10 9 20 19 11 6 6 13 30 16 8 8 20 20 18 5 4 12 22 19 6 7 15 17 14 8 7 17 17 15 5 7 13 31 19 8 8 11 26 15 6 45 0.03 6 
185 430 265 20 5 10 12 10 4 3 5 14 11 6 4 11 16 10 5 5 11 18 8 5 6 7 14 6 4 5 6 15 7 5 4 11 18 6 6 3 5 13 9 4 5 8 16 11 7 2 12 17 6 4 3 10 11 9 5 30 0.02 4 
186 59 38 108 19 38 63 35 23 16 32 71 44 17 18 36 42 42 18 13 38 54 38 16 15 35 60 25 12 24 32 55 33 19 14 31 64 26 15 19 44 61 23 18 13 33 62 21 16 18 21 58 33 20 13 42 56 38 22 144 0.09 18 
187 151 165 147 28 44 77 47 22 21 47 87 47 28 21 40 98 55 27 19 50 72 51 28 22 41 74 41 20 22 50 78 50 24 25 43 82 59 27 23 53 88 58 28 26 42 89 41 25 27 37 88 39 27 23 59 84 57 26 196 0.06 12 
188 487 108 42 10 25 30 23 9 9 20 37 18 12 10 22 40 27 10 11 17 42 30 13 9 26 35 33 9 9 13 39 17 14 10 15 25 20 12 14 14 37 16 10 13 17 9 21 11 11 26 31 25 11 8 22 28 22 11 63 0.08 16 
189 20 339 118 29 55 112 66 35 23 51 102 69 24 24 53 105 63 24 32 59 91 69 28 24 63 89 51 30 24 62 109 68 36 28 64 103 65 30 31 66 115 64 31 25 64 91 55 25 36 61 116 55 32 29 54 86 50 31 177 0.04 8 
190 437 372 87 7 35 46 27 13 21 25 53 24 15 15 32 36 25 15 14 42 45 23 11 14 27 46 28 16 12 25 58 26 16 8 42 75 35 19 14 24 34 28 15 14 27 32 42 14 19 37 43 31 10 13 22 45 36 17 116 0.02 4 
191 50 23 180 43 84 175 87 44 40 86 187 88 47 35 93 129 90 45 47 91 170 98 44 47 80 163 74 41 48 83 185 86 37 51 81 170 78 49 37 93 144 95 39 40 96 197 109 53 41 96 112 87 48 41 70 154 92 51 270 0.04 8 
192 318 412 258 47 106 125 107 42 48 99 140 70 39 31 94 125 82 35 43 93 166 84 34 33 99 131 90 35 47 72 130 85 32 44 107 164 65 36 55 87 155 78 38 33 89 178 81 45 44 76 133 94 47 56 95 152 77 34 344 0.08 16 
193 496 397 96 47 101 166 80 46 43 99 144 87 53 46 110 149 104 48 46 94 160 77 49 44 86 148 93 40 51 79 147 120 56 43 93 153 79 44 52 96 172 76 39 54 79 159 92 53 42 94 174 87 55 49 97 160 106 54 192 0.02 4 
194 483 43 144 36 59 128 66 27 26 76 99 59 39 43 77 115 62 32 37 68 125 72 30 40 63 114 70 36 36 72 103 62 38 46 66 111 84 39 30 64 112 84 33 38 57 122 95 38 38 60 116 84 43 42 67 125 80 47 216 0.05 10 
195 392 207 40 20 26 52 67 17 30 35 92 44 31 16 49 53 27 17 19 50 72 54 20 7 34 61 28 24 22 44 59 29 25 19 30 73 35 25 26 33 57 49 13 13 74 61 32 18 16 35 77 61 20 21 60 85 46 21 80 0.02 4 
196 153 201 270 39 70 172 97 50 47 116 147 104 38 49 96 183 79 43 37 106 133 107 54 50 85 174 72 56 53 96 166 95 47 43 103 163 78 44 46 75 126 96 33 52 96 135 91 49 52 80 158 97 45 51 96 177 99 55 360 0.07 14 
197 201 395 34 8 18 16 16 10 4 14 25 12 4 9 11 11 11 5 7 13 30 21 6 14 16 25 31 11 11 23 25 1 9 11 12 6 13 13 9 18 14 4 11 10 28 46 25 11 10 17 46 20 11 14 24 14 15 7 51 0.07 14 
198 245 374 174 35 57 111 59 26 22 45 88 57 31 31 49 111 55 26 26 57 94 45 32 28 52 92 56 27 32 53 97 61 25 25 55 91 47 24 24 71 126 54 23 27 51 97 47 18 27 62 81 56 24 33 58 78 57 30 232 0.03 6 
199 338 440 170 33 73 176 98 45 38 74 152 84 48 46 88 163 82 42 53 88 154 67 48 33 67 155 87 49 50 69 144 95 45 32 85 125 103 47 48 81 119 75 45 34 84 147 101 36 45 87 108 89 51 46 101 143 73 40 255 0.04 8 
200 133 322 213 31 69 108 70 35 34 71 115 77 38 40 70 142 63 29 31 63 130 74 32 38 71 124 54 36 39 76 125 66 30 31 65 108 67 38 37 72 125 86 36 29 58 100 83 32 31 75 111 62 28 38 74 100 64 35 284 0.06 12 
