150 20 11965
0 350 471 23955 17099 17092 17097 17097 17108 17102 17101 17092 17089 17113 17115 17106 17098 17094 17099 17099 17091 17093 17099 17110 0.01
1 19 296 24 8 14 59 14 6 2 7 24 8 7 4 7 12 12 7 5 2 19 16 4 6 3 18 20 12 9 8 23 9 5 2 5 20 28 4 5 2 14 2 7 7 16 16 0 1 5 6 21 8 6 15 12 21 22 1 9 9 11 0 9 10 12 26 28 9 6 7 11 10 4 36 0.03 6 
2 202 465 153 18 60 87 42 23 19 58 91 50 27 37 64 65 40 20 38 51 64 47 30 24 75 84 56 30 21 53 53 58 27 9 48 85 53 22 26 58 52 64 24 17 76 108 46 31 19 55 61 41 22 24 46 85 21 25 23 50 71 38 34 20 42 83 55 19 14 33 107 65 17 204 0.03 6 
3 403 243 84 23 37 62 42 21 20 32 72 55 22 17 53 68 34 18 17 37 64 31 16 15 43 57 49 14 24 45 60 35 17 20 35 46 50 19 13 41 74 50 19 23 38 85 30 16 20 48 63 31 16 15 46 59 48 21 20 41 63 41 17 30 33 61 47 22 19 35 67 26 20 126 0.07 14 
4 262 149 92 19 41 77 54 26 23 36 90 40 27 25 42 79 53 27 21 39 65 50 22 24 51 77 48 22 22 53 76 49 19 18 40 71 46 21 22 47 78 37 24 20 53 78 43 23 22 56 71 39 20 20 40 74 38 19 19 43 78 50 20 24 53 69 53 27 24 49 85 50 22 138 0.02 4 
5 491 424 194 58 103 162 79 47 45 77 175 92 49 36 81 176 72 56 57 117 195 119 46 46 106 179 106 40 53 84 175 105 62 61 100 174 106 48 45 99 203 73 46 54 79 175 92 36 50 95 190 73 49 46 133 125 79 42 54 91 142 85 41 40 89 156 138 50 44 67 153 75 44 291 0.03 6 
6 236 65 81 46 81 166 89 46 39 70 148 84 40 34 79 125 89 42 35 81 134 73 42 32 66 147 69 44 35 79 143 70 44 45 92 148 95 37 45 75 138 87 37 37 98 131 90 40 36 66 130 95 43 35 71 141 79 48 37 67 138 91 37 37 71 130 98 34 34 90 145 79 37 162 0.06 12 
7 221 170 114 27 50 93 51 22 24 61 88 48 25 25 60 104 51 30 22 55 97 65 28 27 46 82 64 30 30 60 91 47 31 30 49 106 66 22 25 55 103 52 24 30 52 83 66 32 32 46 76 67 29 30 62 96 60 27 32 60 110 62 26 24 62 82 62 24 29 56 93 51 27 171 0.06 12 
8 145 16 96 14 34 39 27 17 20 41 68 35 13 15 24 35 38 10 9 33 26 35 14 17 34 87 43 18 7 34 42 25 17 13 21 58 24 10 15 43 57 43 14 20 34 50 35 16 22 21 66 26 17 20 24 36 35 17 16 23 65 35 14 19 29 75 33 22 9 29 57 25 13 128 0.07 14 
9 134 408 96 12 39 47 26 19 15 22 45 27 15 17 32 58 28 12 15 36 56 31 14 18 34 41 38 13 15 24 49 35 11 18 27 52 29 19 13 28 46 37 17 17 34 45 41 16 14 31 53 38 18 19 36 54 32 14 14 34 47 36 19 13 35 72 29 15 12 30 57 30 13 128 0.07 14 
10 220 126 102 24 56 86 54 30 22 44 89 48 21 27 56 85 48 26 25 62 83 46 28 21 51 95 50 24 21 60 94 54 25 21 47 83 59 30 21 44 91 57 30 23 40 117 66 28 29 50 85 45 27 25 51 78 42 32 22 38 91 42 26 29 47 100 59 24 25 49 76 53 29 153 0.04 8 
11 386 254 114 21 41 59 30 18 18 41 47 29 24 15 48 50 37 21 17 55 69 29 18 19 28 41 31 15 20 31 64 45 18 10 31 49 43 20 22 37 44 39 19 19 44 64 36 14 14 34 77 37 19 21 18 78 61 19 18 39 39 34 19 18 25 67 54 19 16 45 79 50 23 152 0.03 6 
12 25 245 30 4 8 17 11 5 4 12 13 8 5 4 12 18 4 4 5 7 12 10 5 3 11 17 6 4 4 10 17 8 6 3 9 17 9 5 3 13 21 11 3 4 10 12 13 6 5 11 16 12 2 5 10 20 12 4 4 9 13 8 5 3 10 18 6 5 4 7 14 11 4 40 0.04 8 
13 169 278 32 2 21 44 10 8 7 26 15 20 12 2 1 25 11 14 15 20 50 14 12 13 9 26 33 1 10 8 9 20 8 7 32 42 2 6 10 15 45 33 9 1 26 33 30 5 6 9 14 6 7 12 13 29 17 6 1 13 24 5 6 8 29 45 22 15 8 9 11 8 5 48 0.05 10 
14 308 378 273 52 96 162 79 34 46 106 145 75 54 52 100 177 112 41 51 117 141 100 48 58 94 163 112 52 56 77 166 90 41 44 101 122 96 42 48 88 150 77 40 46 97 170 83 47 35 107 160 102 50 46 109 162 106 44 60 101 169 103 44 53 92 130 100 39 53 95 139 104 46 364 0.09 18 
15 480 95 122 34 50 106 65 26 27 57 114 59 36 29 53 112 68 30 31 64 90 55 34 25 65 88 51 32 31 48 113 55 36 33 71 121 68 27 27 61 85 69 29 35 65 120 51 34 27 50 102 55 34 27 58 98 62 25 30 62 117 59 30 33 72 91 61 30 36 60 90 60 26 183 0.03 6 
16 342 465 136 33 59 103 91 37 38 65 115 67 37 32 55 102 62 39 29 72 133 76 41 36 85 122 61 37 40 58 116 65 28 38 62 100 65 30 31 55 132 64 34 40 82 115 67 37 33 60 119 57 34 26 48 128 55 36 34 56 108 60 29 38 54 138 71 28 39 78 104 56 39 204 0.04 8 
17 102 249 184 57 86 142 99 54 52 82 175 85 41 43 114 146 86 43 41 92 145 82 46 40 84 139 89 47 45 82 145 84 50 47 111 183 90 41 41 89 143 76 47 34 97 181 98 41 39 96 181 92 44 51 94 143 95 56 41 87 154 103 50 40 99 135 75 42 43 84 151 87 49 276 0.02 4 
18 303 132 46 14 14 30 8 12 7 34 55 37 4 13 31 43 17 9 18 9 54 35 4 12 33 59 43 6 8 33 42 28 14 18 40 21 16 15 11 16 32 10 13 7 26 62 23 15 6 9 59 27 20 16 26 5 21 10 18 40 31 26 15 13 10 16 26 12 6 30 71 18 11 69 0.07 14 
19 232 344 48 5 12 21 23 1 4 15 30 0 17 4 21 9 30 4 3 11 55 20 7 7 26 21 17 10 13 20 23 26 6 7 16 43 13 2 8 33 28 35 1 7 23 28 0 9 5 28 21 9 7 3 30 52 25 7 3 28 22 14 4 2 17 5 13 7 11 0 17 26 1 64 0.08 16 
20 296 16 86 35 76 127 58 50 46 80 147 98 41 31 85 161 72 44 50 82 151 88 33 32 88 139 74 37 47 89 143 81 45 39 70 184 104 48 49 73 160 78 41 36 79 143 67 40 38 76 153 104 56 45 121 111 114 50 46 106 148 89 48 42 66 143 86 30 35 79 138 71 41 172 0.08 16 
21 316 292 15 2 7 34 11 12 1 15 17 11 10 0 5 33 8 5 11 16 26 27 5 8 25 27 12 13 5 14 19 21 5 9 16 37 15 8 8 20 50 5 9 7 33 23 1 4 4 21 26 10 6 7 16 19 0 8 11 3 34 10 10 12 20 25 14 8 7 31 9 2 7 30 0.05 10 
22 444 218 153 31 50 77 48 21 28 57 84 42 21 19 51 105 43 22 29 44 101 51 17 29 49 77 42 25 25 39 106 56 21 21 55 93 59 24 25 49 81 62 24 23 47 81 54 25 19 49 103 52 21 31 40 71 55 22 23 47 87 52 29 25 42 100 55 32 31 40 84 58 22 204 0.05 10 
23 310 128 51 8 16 31 19 6 9 17 32 22 9 6 15 36 12 6 7 26 33 14 10 5 16 24 20 7 7 18 30 10 11 7 17 25 14 7 10 19 33 14 11 9 18 28 15 10 9 17 35 16 8 10 15 31 13 7 6 21 34 15 6 12 16 25 11 12 6 12 36 21 9 68 0.06 12 
24 115 42 182 40 78 158 87 53 41 105 154 102 50 42 97 151 93 36 38 106 150 85 48 48 79 136 81 53 43 70 143 87 55 53 74 161 90 46 32 88 150 80 52 38 108 145 89 44 42 89 119 97 41 57 83 145 82 49 53 97 164 91 46 48 95 118 106 39 37 95 165 93 46 273 0.08 16 
25 5 2 43 24 30 62 39 19 17 39 65 45 24 20 49 85 37 20 16 33 64 45 23 17 32 83 48 20 17 34 55 40 25 22 44 61 55 23 18 35 90 45 19 16 53 65 46 23 27 45 72 32 18 16 44 72 50 25 25 48 64 47 19 22 36 65 41 24 26 42 69 44 30 86 0.04 8 
26 142 92 60 28 48 101 72 30 26 49 95 49 27 29 62 107 51 27 34 57 93 62 26 28 60 92 57 25 24 56 114 71 25 24 48 115 56 25 31 68 84 46 34 33 68 96 49 30 24 55 101 74 34 32 50 109 63 32 30 47 87 58 34 31 56 110 58 34 27 70 102 55 33 120 0.06 12 
27 482 165 48 19 34 75 43 30 18 42 82 59 19 23 37 88 62 24 18 61 77 50 19 24 45 73 40 22 27 55 104 59 24 30 45 79 51 24 26 59 94 55 20 20 46 73 37 15 21 41 81 32 19 20 37 81 54 25 22 56 64 44 28 27 45 104 46 21 29 55 88 53 27 96 0.04 8 
28 297 97 28 12 35 78 32 13 10 21 53 27 12 14 27 56 23 10 18 29 46 28 9 13 15 54 22 13 14 27 55 26 16 10 28 56 27 6 16 32 44 23 13 13 30 56 35 13 14 27 71 24 13 12 35 47 26 13 9 25 66 34 16 10 31 61 27 17 15 28 48 35 15 56 0.02 4 
29 16 337 12 5 12 18 6 8 4 12 16 15 5 6 3 23 13 6 2 15 29 12 7 2 13 13 10 5 6 7 21 12 4 5 15 26 17 6 11 10 21 15 4 5 13 29 15 3 6 11 18 18 6 3 14 27 7 3 6 10 34 13 9 1 12 30 20 3 6 14 20 18 6 24 0.02 4 
30 166 125 129 21 40 109 51 21 13 36 68 35 22 26 55 66 40 19 21 31 80 52 17 19 52 58 35 22 20 43 86 54 18 19 41 43 33 21 24 42 82 40 22 16 26 85 57 20 20 46 66 45 17 16 62 95 49 21 24 45 69 42 16 15 44 99 60 22 18 53 76 36 17 172 0.02 4 
31 307 125 18 10 10 26 31 3 1 23 36 29 7 14 8 48 15 6 9 19 54 25 3 9 5 39 11 9 10 29 24 20 12 10 12 55 40 10 10 16 38 8 8 6 25 15 14 12 12 15 32 21 17 1 26 16 20 3 12 24 6 22 10 12 15 36 20 9 12 20 42 24 6 36 0.09 18 
32 68 259 45 15 13 22 19 2 9 13 22 18 4 9 19 29 19 5 6 15 35 7 8 9 14 14 32 9 8 12 29 9 16 6 16 18 4 8 9 8 25 6 8 7 7 18 15 7 2 15 32 14 9 1 10 14 5 6 9 12 25 6 10 4 20 41 22 6 16 19 26 14 3 60 0.02 4 
33 471 132 93 12 30 47 33 18 13 35 69 37 18 13 28 43 21 14 16 35 47 30 19 18 32 34 32 11 19 35 45 35 15 18 26 48 28 15 17 35 44 22 18 15 28 64 35 14 13 41 63 31 16 15 28 46 34 20 18 33 39 31 16 14 29 55 27 18 12 30 55 39 10 124 0.02 4 
34 458 3 22 3 6 14 11 3 3 1 23 19 3 5 15 21 19 8 6 14 12 19 6 3 9 8 8 9 4 4 5 3 4 6 12 13 0 14 7 10 5 12 5 4 5 30 14 0 9 17 16 9 6 4 8 2 12 5 7 0 14 17 4 4 12 32 6 0 11 16 2 17 2 33 0.08 16 
35 241 128 198 39 114 131 94 54 58 92 172 98 61 63 94 151 100 41 49 117 196 87 55 44 107 141 99 40 49 119 182 91 45 60 103 156 78 53 41 111 173 92 50 64 101 208 111 48 52 112 222 101 40 55 97 208 91 63 40 81 172 116 42 44 97 167 100 44 45 99 158 121 43 297 0.05 10 
36 478 67 48 6 22 24 14 8 8 20 26 10 5 9 16 26 17 6 5 19 26 12 10 9 13 33 14 7 9 15 28 16 8 6 13 26 18 8 6 14 34 17 7 10 16 19 19 5 7 10 22 14 10 8 14 27 19 8 6 14 22 14 8 7 14 19 18 6 8 16 26 10 9 64 0.09 18 
37 226 76 50 11 21 50 21 16 15 27 40 26 7 10 19 46 24 14 14 16 36 20 11 17 23 44 25 8 8 29 39 34 15 12 26 33 28 11 14 25 54 25 13 12 33 41 31 11 10 18 43 17 11 11 21 39 15 14 11 28 33 23 11 11 28 38 24 13 12 32 55 30 10 75 0.05 10 
38 320 483 194 47 73 183 93 36 48 95 149 97 47 65 90 186 107 42 42 95 163 114 51 55 100 171 95 42 48 122 130 100 42 46 112 158 92 49 53 99 142 128 39 40 92 175 94 44 39 78 215 83 58 47 77 161 90 54 42 93 166 102 56 46 88 179 118 40 52 83 175 107 57 291 0.03 6 
39 40 296 276 39 87 159 79 33 42 94 141 105 35 46 86 155 101 47 55 80 131 97 48 32 72 111 76 44 45 94 203 94 37 62 100 196 95 55 40 92 176 99 60 43 83 138 103 45 54 102 174 100 36 56 107 138 101 40 45 81 144 67 40 38 83 155 65 40 54 97 158 74 36 368 0.09 18 
40 82 256 85 37 76 147 86 35 36 82 137 94 55 38 88 158 84 40 52 98 147 103 43 45 98 146 69 51 37 68 165 89 35 56 96 167 70 38 42 88 121 85 43 40 90 115 94 36 37 80 183 87 43 35 90 147 97 41 44 83 122 75 33 39 88 127 78 43 36 69 189 63 51 170 0.05 10 
41 200 411 240 31 80 137 86 34 39 81 144 91 37 31 69 164 71 38 34 71 140 97 42 36 72 173 90 30 44 83 118 61 30 42 97 133 87 37 36 73 118 83 48 38 78 132 97 38 39 70 152 80 40 48 88 159 66 41 29 77 130 86 40 33 67 133 94 45 43 80 129 70 31 320 0.08 16 
42 279 42 30 7 10 0 11 0 8 0 46 14 0 0 25 38 12 4 8 0 3 10 14 8 8 20 8 11 11 43 5 9 1 3 14 50 0 0 1 15 15 26 0 2 13 0 1 13 5 6 34 0 9 0 15 3 0 0 0 20 13 0 7 0 0 18 10 8 2 16 3 14 12 40 0.05 10 
43 9 106 30 13 26 45 25 14 17 33 46 26 21 16 29 57 28 17 18 35 44 37 19 12 36 59 26 14 12 34 44 35 11 13 26 34 23 15 17 26 57 29 17 18 31 57 24 12 11 20 40 36 16 16 53 63 36 12 10 31 46 24 12 15 29 56 31 18 15 28 50 35 14 60 0.02 4 
44 46 490 32 12 10 25 15 0 12 19 35 20 9 10 8 35 10 0 9 21 48 3 7 0 29 35 23 6 5 12 49 34 3 9 20 20 16 3 13 6 27 18 9 12 8 23 3 0 19 22 36 0 10 8 18 21 13 6 11 5 22 25 13 10 26 24 25 12 12 36 27 16 8 48 0.08 16 
45 136 473 180 39 92 141 91 54 40 91 125 92 52 41 103 139 95 33 64 85 146 120 41 51 88 198 74 38 33 111 187 75 35 38 69 146 72 44 42 69 171 118 42 34 84 161 94 38 47 108 138 103 26 49 116 196 107 50 26 124 117 107 48 55 84 154 62 38 41 82 221 100 35 270 0.07 14 
46 353 8 142 33 87 111 81 36 46 65 130 61 30 26 70 117 55 33 35 77 110 75 20 36 67 113 84 38 32 74 162 64 36 31 64 91 87 35 28 53 141 76 35 26 65 111 79 39 31 71 111 84 31 27 66 116 81 33 35 95 129 69 25 36 54 99 60 42 45 83 117 73 31 213 0.05 10 
47 409 222 30 3 17 24 13 5 4 18 12 4 3 0 20 7 8 1 6 0 20 8 0 2 13 39 28 8 2 2 28 8 5 3 17 13 0 4 1 0 9 17 0 2 14 17 13 1 3 10 12 6 0 0 10 20 1 2 9 17 28 14 7 0 8 20 22 4 4 0 21 35 7 40 0.09 18 
48 336 405 146 32 78 122 51 40 38 78 119 100 36 30 76 117 67 27 29 70 160 70 39 26 70 106 62 46 46 79 136 53 44 39 71 131 73 37 34 68 116 72 43 28 75 120 67 36 39 80 153 81 41 34 78 139 90 38 28 76 148 69 43 32 75 106 71 39 24 87 122 70 34 219 0.06 12 
49 323 343 57 30 79 93 55 35 24 55 117 76 29 36 58 84 53 26 21 49 103 70 34 41 44 77 82 28 21 76 94 59 16 31 58 99 43 30 24 68 94 55 22 21 58 91 63 20 31 74 87 38 24 34 58 91 51 28 24 40 79 94 23 29 47 65 69 32 26 57 101 77 33 114 0.06 12 
50 271 123 19 10 20 26 16 11 8 15 45 19 7 9 24 33 15 5 10 24 38 18 11 12 10 35 22 8 8 16 28 16 9 5 10 39 16 12 6 18 32 16 14 13 14 19 26 6 10 22 25 19 11 7 20 33 12 5 12 16 39 22 7 7 9 30 25 11 11 24 48 17 7 38 0.08 16 
51 32 128 38 6 20 53 34 6 8 8 13 4 1 11 35 27 21 0 9 8 0 17 14 13 14 57 24 11 4 17 26 17 7 9 20 42 14 13 5 11 14 43 0 11 34 12 14 17 8 26 19 18 8 2 34 31 35 11 9 31 22 30 8 13 27 17 30 2 7 10 28 18 13 57 0.08 16 
52 423 231 73 39 72 141 68 36 33 80 132 72 44 35 81 142 84 38 36 69 136 67 37 42 81 138 58 32 34 77 140 78 32 42 70 127 67 44 31 80 142 81 35 33 77 107 86 36 32 68 109 70 31 41 85 145 75 31 30 64 116 74 41 40 72 116 64 39 29 63 118 68 35 146 0.04 8 
53 269 319 64 31 52 109 71 39 29 57 105 73 36 28 78 100 71 28 42 50 113 75 32 31 55 96 63 26 34 63 134 53 35 33 67 94 65 30 28 53 92 56 37 33 65 116 80 30 34 66 100 72 32 33 51 102 61 32 33 62 113 64 37 38 60 115 67 36 27 56 101 58 31 128 0.09 18 
54 407 355 44 7 16 22 31 14 15 15 54 15 16 12 20 31 27 11 1 40 41 22 10 16 24 38 27 7 6 32 26 37 6 8 14 19 24 10 13 17 28 18 21 4 14 56 25 10 4 32 46 18 15 15 26 46 25 16 15 11 8 38 14 12 25 38 35 18 9 8 25 18 10 66 0.06 12 
55 184 100 87 40 101 134 74 39 42 87 130 89 36 35 95 142 90 41 46 79 130 90 48 39 78 173 78 45 39 87 151 78 35 33 90 119 71 50 47 69 116 99 45 48 92 155 82 50 42 98 126 88 40 55 94 128 67 34 44 106 141 100 37 52 96 154 95 36 40 78 159 92 48 174 0.07 14 
56 443 85 189 36 48 114 80 28 36 59 94 42 37 26 45 129 57 34 26 47 115 60 40 36 41 94 80 34 29 58 95 65 38 25 84 91 70 22 33 67 127 70 33 31 60 95 49 30 31 83 102 62 37 40 44 93 59 35 28 46 128 67 35 34 62 126 48 29 37 63 105 55 32 252 0.09 18 
57 479 350 39 11 20 52 51 13 13 47 73 33 25 20 29 39 39 15 18 56 71 48 16 13 44 61 35 13 17 62 45 18 21 15 41 57 45 9 18 43 65 40 22 9 42 70 34 20 21 49 68 31 15 26 39 71 55 14 15 56 62 44 17 19 51 69 52 18 19 42 64 33 20 78 0.05 10 
58 131 314 171 24 61 91 61 34 24 54 87 41 27 32 80 69 39 26 23 46 137 43 21 41 35 100 50 27 19 74 81 63 34 26 66 109 63 52 19 46 106 44 34 31 52 89 48 29 30 76 99 46 23 25 37 76 48 31 25 61 82 48 29 34 52 120 60 24 26 76 103 58 27 228 0.06 12 
59 376 395 64 13 32 54 33 16 13 34 61 26 15 17 34 50 28 18 14 27 65 32 15 13 28 46 28 14 18 25 49 32 17 16 31 55 37 22 15 37 43 33 19 17 35 53 25 12 17 31 59 26 19 18 25 56 34 15 17 23 68 40 17 14 39 53 27 19 15 26 52 37 15 96 0.03 6 
60 196 383 37 17 38 72 42 15 18 38 51 30 14 20 42 72 32 17 18 44 58 41 21 18 37 54 40 16 15 33 68 41 16 15 31 64 38 20 22 46 60 30 20 17 45 43 34 17 21 45 58 33 19 17 29 66 30 18 16 35 60 29 15 17 39 71 34 15 19 48 60 39 16 74 0.02 4 
61 433 322 36 5 17 26 9 4 6 8 23 9 8 3 7 16 10 7 5 12 12 10 6 4 10 22 14 7 5 10 15 14 5 6 11 22 13 8 5 16 19 13 5 4 10 22 13 6 6 13 19 10 4 6 16 22 14 4 5 10 24 11 5 6 6 16 12 7 8 10 15 10 6 48 0.02 4 
62 124 467 17 7 29 23 16 6 7 14 35 14 7 7 15 20 14 5 8 16 38 13 8 7 16 29 10 8 7 13 21 17 8 9 11 29 16 7 11 18 23 15 9 4 16 25 14 6 7 13 35 23 9 9 18 27 15 9 7 12 25 9 12 9 14 10 15 8 11 24 36 14 4 34 0.04 8 
63 122 130 75 46 70 125 76 41 29 99 100 60 36 29 83 154 76 32 45 77 94 76 39 34 81 138 83 35 40 72 90 72 38 31 61 125 80 32 34 84 150 70 40 43 57 111 74 29 32 70 100 72 36 42 63 99 62 33 35 84 113 71 27 47 83 113 57 47 39 56 126 59 42 150 0.09 18 
64 192 152 165 28 57 90 60 32 27 55 90 45 22 33 55 91 47 23 29 44 98 46 22 27 57 82 52 29 22 72 92 55 27 26 48 80 54 25 27 60 86 47 24 33 49 106 60 23 31 47 77 57 20 27 64 90 57 27 29 51 100 73 28 24 68 88 45 29 21 54 85 63 27 220 0.02 4 
65 56 75 225 27 53 165 68 30 44 77 105 72 38 43 72 104 90 41 36 99 116 93 38 37 68 113 66 29 41 82 127 85 36 30 65 113 77 33 33 67 118 71 43 41 70 143 50 35 26 91 152 82 38 33 83 171 51 44 46 75 135 71 37 42 94 119 67 41 34 95 156 72 31 300 0.09 18 
66 127 500 177 28 47 126 57 33 34 52 117 60 27 31 66 119 53 15 28 69 95 51 17 38 54 104 52 31 24 67 127 48 37 25 72 117 63 42 35 46 101 55 28 28 49 96 57 25 19 35 77 65 34 31 62 108 63 24 24 67 105 64 33 33 52 113 53 31 25 70 100 49 29 236 0.04 8 
67 413 321 33 18 33 33 29 22 11 27 95 38 24 22 27 68 33 20 10 37 42 32 20 14 40 66 10 13 17 40 51 28 19 13 31 23 25 18 18 24 51 24 13 18 33 20 41 28 10 15 53 15 22 10 48 72 44 14 16 22 41 27 10 15 31 66 31 10 8 36 44 48 13 66 0.07 14 
68 141 272 38 8 12 44 21 5 17 21 21 5 5 11 28 24 29 6 11 26 32 23 10 15 40 25 22 8 14 16 71 22 4 13 27 0 30 7 8 35 56 23 17 21 11 40 0 1 12 28 36 31 21 3 17 71 14 5 10 29 35 21 17 9 23 34 30 12 8 14 21 5 13 57 0.03 6 
69 488 131 264 48 76 148 77 40 49 103 139 90 44 45 73 113 79 37 34 72 126 102 49 42 90 174 84 42 42 73 182 71 41 41 88 137 78 38 36 99 126 74 48 52 76 136 94 55 44 90 127 90 45 39 90 155 90 42 46 103 161 89 48 52 92 164 107 53 40 74 129 86 47 352 0.05 10 
70 221 495 73 35 70 146 74 31 40 79 145 81 44 50 72 112 51 43 38 63 112 59 44 31 95 137 49 29 33 64 146 71 21 35 66 108 97 39 30 69 119 83 36 44 64 73 77 39 37 68 128 100 40 37 78 161 69 29 27 75 110 62 31 29 105 97 57 34 33 56 154 57 52 146 0.08 16 
71 466 312 97 53 81 125 113 46 52 94 165 103 60 61 84 178 81 55 58 91 163 70 45 57 106 150 90 57 51 87 156 114 55 43 88 143 82 50 53 64 139 91 56 60 102 186 90 55 53 104 188 85 45 43 102 160 81 55 41 103 179 73 53 55 99 227 95 49 36 84 182 112 54 194 0.02 4 
72 7 435 174 30 61 107 55 28 24 54 106 68 30 32 57 113 60 32 33 49 106 58 34 32 66 99 50 35 33 62 84 52 26 23 61 81 57 27 34 60 98 52 25 34 58 81 49 34 29 53 94 65 25 33 55 107 50 30 35 63 106 51 35 24 57 79 57 29 28 54 90 56 29 232 0.06 12 
73 475 315 65 37 50 113 73 37 30 47 120 75 33 26 55 92 66 24 30 56 86 63 23 28 76 104 59 31 30 72 127 59 32 25 61 108 55 31 35 54 133 55 27 35 58 102 64 28 31 71 98 64 35 24 52 101 77 34 35 67 143 75 32 27 79 123 65 27 27 65 99 53 34 130 0.09 18 
74 333 134 46 11 21 39 21 10 12 22 40 23 8 12 20 40 20 11 8 19 34 24 12 12 20 35 16 12 10 21 37 23 11 13 20 42 23 11 11 27 36 23 10 13 19 35 17 14 12 17 32 18 11 14 18 35 21 14 10 17 39 20 13 12 17 42 22 11 10 21 43 22 15 69 0.04 8 
75 457 434 91 41 99 165 99 46 41 93 159 100 58 43 84 131 77 32 39 88 146 92 40 43 119 124 85 54 36 122 137 81 45 54 88 159 76 47 47 83 176 81 39 46 95 169 84 47 41 86 160 94 52 48 108 161 78 36 37 68 118 66 36 38 106 138 94 38 43 88 183 79 44 182 0.02 4 
76 374 270 99 43 116 147 96 51 57 85 172 108 50 56 99 169 115 57 52 130 165 106 53 48 82 191 101 58 35 86 185 98 42 40 83 160 94 53 46 92 153 111 56 45 69 180 70 45 55 90 175 105 42 34 80 156 101 44 41 105 185 94 48 55 97 141 73 45 43 85 127 94 57 198 0.02 4 
77 345 137 33 19 39 50 37 17 18 32 46 37 15 19 33 58 33 18 20 38 55 38 17 19 29 58 38 19 16 30 64 38 17 15 39 59 31 13 18 33 55 30 14 13 28 60 29 17 18 34 46 32 13 16 36 52 41 14 14 34 48 30 16 17 37 49 28 13 15 38 48 31 14 66 0.09 18 
78 25 256 207 36 73 122 74 38 28 73 108 80 30 38 71 112 75 38 32 70 116 75 32 31 61 100 73 39 38 69 96 82 32 41 73 133 72 29 29 79 118 61 40 38 62 124 79 31 40 66 138 73 36 30 83 122 78 32 40 77 99 83 41 31 78 126 58 30 41 58 107 58 31 276 0.08 16 
79 314 101 261 37 93 138 74 49 37 80 166 71 44 49 86 172 93 58 43 79 150 103 46 44 69 128 83 35 45 83 163 89 47 47 77 134 80 39 37 68 129 95 39 40 82 136 89 42 47 91 143 74 48 40 99 162 74 38 43 82 165 85 38 49 88 135 84 47 51 101 171 84 35 348 0.08 16 
80 243 209 164 43 74 117 73 44 36 67 186 69 40 31 62 155 97 37 35 97 164 106 39 49 86 141 88 38 28 88 127 59 33 50 71 101 82 38 30 73 127 77 32 38 70 122 96 36 53 69 120 69 46 49 94 160 106 33 45 96 146 67 33 36 113 148 75 44 29 109 146 121 33 246 0.06 12 
81 153 17 196 42 63 183 111 51 48 84 163 126 47 49 102 142 72 42 42 84 158 114 50 48 101 204 114 46 60 77 122 108 42 38 104 138 103 37 42 91 213 96 48 43 94 159 95 44 48 95 164 101 56 54 103 164 115 41 43 70 175 127 55 54 77 141 98 42 39 105 196 93 43 294 0.03 6 
82 451 67 96 13 34 52 25 18 11 35 75 29 20 18 29 48 26 12 19 27 60 25 14 12 35 65 23 15 17 44 60 42 13 15 36 60 37 16 17 32 61 41 16 10 41 48 39 17 12 29 45 35 20 15 29 56 34 17 19 32 55 40 21 12 28 41 26 14 12 35 55 26 16 128 0.09 18 
83 29 414 41 17 43 59 51 18 14 33 91 40 23 14 25 72 33 13 18 48 86 38 12 20 36 53 29 17 23 44 78 56 24 22 67 59 40 26 16 38 51 27 24 17 39 61 45 19 21 49 69 42 20 22 45 89 32 18 19 57 73 37 12 13 25 50 42 20 20 50 71 41 16 82 0.03 6 
84 235 492 186 26 68 77 44 37 36 39 120 62 40 29 83 78 54 31 30 52 129 51 25 26 83 72 66 36 32 83 70 60 32 35 52 140 69 23 33 87 107 53 36 22 63 104 66 39 24 68 138 57 27 26 65 80 73 25 20 53 114 67 32 18 53 110 69 25 33 58 109 89 26 248 0.07 14 
85 404 444 72 37 77 149 83 39 45 71 142 74 31 35 69 106 48 40 30 59 135 68 28 33 68 106 75 31 38 70 123 70 33 31 83 138 65 32 36 74 140 65 35 30 67 99 61 33 44 75 123 72 43 40 68 103 71 28 40 53 124 85 46 28 82 148 57 34 33 57 128 55 45 144 0.07 14 
86 458 339 14 8 32 20 9 11 4 34 24 13 7 7 11 29 18 0 7 9 15 22 8 6 20 36 5 12 2 15 36 17 9 5 22 35 17 11 5 9 0 11 3 9 12 28 8 7 9 11 24 9 1 10 10 32 10 9 8 31 10 3 8 8 9 26 19 12 7 19 11 4 4 28 0.05 10 
87 453 157 70 17 37 55 38 20 13 44 59 27 20 16 32 71 36 17 19 32 55 34 14 15 26 65 39 17 16 33 66 28 17 20 29 56 27 18 21 24 78 40 18 19 35 61 54 23 21 41 51 38 16 16 40 61 26 12 18 28 54 31 18 20 41 52 24 19 21 30 54 38 13 105 0.06 12 
88 394 271 52 16 14 60 22 11 10 40 53 31 15 18 21 37 19 8 14 9 40 22 12 14 44 62 37 13 18 27 43 30 17 12 13 37 13 12 9 15 24 30 15 8 18 49 29 10 8 48 34 15 4 15 37 64 30 9 8 16 38 26 16 14 10 42 28 22 17 10 36 29 13 78 0.09 18 
89 94 367 171 26 51 106 63 29 22 51 89 56 27 23 54 117 48 24 31 64 119 53 28 24 66 117 63 23 25 66 108 63 27 25 58 106 61 26 24 66 85 58 23 31 54 99 58 24 27 63 95 55 29 31 53 102 65 25 28 46 102 58 22 33 60 113 66 27 31 59 80 62 33 228 0.08 16 
90 340 203 240 50 80 156 76 37 35 70 127 65 43 33 90 150 92 42 43 96 139 81 44 38 68 108 87 37 46 70 124 75 43 44 93 140 90 33 38 90 131 91 42 38 64 124 57 35 42 76 114 87 38 31 91 141 77 44 30 74 150 66 48 46 82 118 71 33 37 84 132 79 38 320 0.06 12 
91 71 296 267 39 75 209 98 38 35 74 152 100 40 52 84 140 80 52 48 86 102 85 48 44 85 128 85 35 57 73 163 69 48 47 85 162 91 45 24 67 175 113 44 33 86 162 104 24 46 99 130 84 49 44 92 135 86 55 31 96 162 104 49 45 74 145 92 53 34 110 146 101 45 356 0.03 6 
92 342 91 86 47 81 184 82 52 49 118 143 101 35 45 70 134 79 33 39 86 144 71 46 57 87 135 70 44 41 82 123 69 33 39 70 114 92 49 44 88 169 100 30 46 91 150 101 28 36 96 134 90 37 49 85 161 111 34 58 88 159 63 44 49 112 175 86 38 35 78 129 74 40 172 0.04 8 
93 303 150 45 18 50 103 40 22 18 41 76 29 28 21 46 102 29 11 23 42 65 46 20 17 63 71 41 22 16 66 75 45 23 19 30 72 64 33 22 45 80 48 15 18 43 47 39 19 23 37 75 51 22 25 45 111 62 16 32 45 71 37 26 33 54 77 45 21 21 40 63 58 26 90 0.02 4 
94 366 421 150 35 74 117 80 44 30 79 120 72 41 41 77 144 66 36 28 59 116 71 43 46 93 108 92 41 43 82 106 71 44 30 79 120 86 41 44 69 139 88 34 31 72 100 89 42 36 69 141 85 34 33 65 141 71 43 37 53 132 61 30 36 71 141 84 42 39 88 136 64 34 225 0.05 10 
95 462 134 69 15 27 43 30 10 13 20 37 21 11 11 26 39 22 11 11 27 38 17 10 14 29 40 23 12 12 17 40 17 12 11 17 44 19 12 12 17 36 24 6 10 17 43 21 12 12 12 37 19 9 10 25 42 24 10 7 26 35 30 16 12 25 38 16 10 12 23 40 30 10 92 0.07 14 
96 89 444 168 19 82 74 59 28 19 49 115 49 38 27 43 118 84 41 26 62 84 33 36 23 65 134 44 26 28 64 73 79 27 28 49 97 57 17 26 59 96 55 26 27 59 79 51 24 32 38 77 56 19 29 44 105 53 32 35 68 115 53 39 35 56 74 77 26 27 53 92 65 29 224 0.08 16 
97 376 299 178 49 98 156 94 42 30 95 156 78 54 40 105 152 122 39 44 76 144 81 52 40 75 134 95 45 46 78 160 74 33 41 91 163 75 43 49 59 147 104 42 38 124 154 100 36 42 82 166 98 39 60 74 177 117 57 38 66 152 85 46 41 91 164 82 45 38 75 164 93 35 267 0.06 12 
98 423 352 135 23 36 65 36 25 18 43 87 43 24 26 48 69 46 23 18 40 80 49 19 20 45 86 38 22 26 51 64 41 19 21 48 69 43 23 25 49 80 35 19 21 44 62 38 23 24 41 76 37 20 24 49 79 41 21 25 43 80 41 22 22 48 76 52 23 24 51 75 48 23 180 0.09 18 
99 179 20 106 28 60 111 62 29 22 50 81 38 22 32 61 94 65 36 25 48 66 64 23 28 53 91 62 23 25 62 89 53 28 24 59 116 64 24 28 67 80 52 30 20 50 108 63 30 30 43 66 49 31 25 54 94 61 27 30 40 72 56 27 31 59 72 78 17 28 74 88 61 28 159 0.06 12 
100 436 311 65 31 85 118 45 29 31 61 126 54 26 32 65 179 93 33 26 76 78 85 32 32 75 113 82 42 42 51 109 70 31 30 47 83 61 43 25 54 157 46 29 28 66 105 78 36 27 58 102 49 37 33 70 126 78 39 20 90 105 81 39 40 85 154 54 33 31 64 128 73 26 130 0.03 6 
101 212 482 270 45 117 150 102 45 56 99 177 97 38 46 113 152 89 38 41 86 156 86 38 42 77 152 96 48 51 66 188 107 43 42 109 135 70 43 37 74 126 86 46 41 96 128 93 45 49 99 183 79 36 51 104 151 112 40 40 100 130 98 38 30 78 116 69 45 48 83 135 119 36 360 0.05 10 
102 257 319 14 8 10 31 16 5 9 10 24 16 4 7 12 14 19 5 6 12 22 13 8 5 13 24 10 6 7 11 19 12 6 6 9 20 14 11 6 12 15 16 8 7 17 23 11 5 6 20 22 17 6 6 10 13 14 5 9 17 25 9 5 7 12 27 13 4 5 9 23 16 9 28 0.03 6 
103 99 43 93 40 85 130 97 40 34 76 187 84 46 47 65 177 107 51 52 98 217 85 37 44 90 204 117 37 59 97 134 88 52 39 74 147 108 43 48 107 119 107 46 57 111 159 100 45 47 93 193 106 30 50 95 134 66 44 46 90 140 93 37 54 74 152 123 49 51 79 126 69 41 186 0.05 10 
104 43 60 60 16 46 41 30 11 16 37 54 21 17 11 24 63 23 19 16 35 57 41 19 15 29 56 25 16 24 38 54 28 12 20 31 58 36 11 14 20 72 34 15 12 8 26 42 12 11 31 28 35 16 12 49 66 34 17 7 38 33 29 17 13 36 41 19 19 18 37 60 29 19 90 0.09 18 
105 92 43 267 40 102 137 97 45 51 77 134 70 43 46 95 131 86 46 40 74 132 79 43 31 98 135 104 51 50 71 202 74 54 50 75 148 89 35 44 84 144 90 47 44 69 140 80 45 40 91 171 95 47 36 81 141 109 43 43 78 137 81 37 34 58 152 110 47 49 66 147 78 50 356 0.05 10 
106 250 243 44 26 54 86 38 22 20 49 70 54 23 22 49 75 44 19 20 40 64 53 23 27 36 76 35 19 18 40 97 45 24 26 45 57 52 28 24 40 79 37 23 18 34 71 52 29 25 37 91 54 20 17 43 70 63 30 21 37 81 29 24 20 39 72 53 19 15 45 66 41 28 88 0.08 16 
107 379 383 35 23 47 28 57 27 15 28 60 36 23 15 38 37 48 19 17 22 97 40 18 23 27 48 32 12 12 40 52 13 15 14 38 85 36 7 14 24 52 25 19 18 49 88 25 16 20 35 104 50 16 22 24 41 43 19 19 40 43 38 15 19 24 61 1 26 23 15 74 55 20 70 0.04 8 
108 198 479 132 18 50 74 42 18 28 43 72 52 31 24 49 66 41 22 17 39 67 44 24 22 50 79 46 18 26 43 85 46 24 19 41 75 51 22 25 39 89 42 18 21 42 71 42 21 25 39 82 42 30 22 35 73 46 18 25 44 80 39 26 25 39 63 43 18 19 47 61 38 23 176 0.09 18 
109 267 332 25 11 18 56 24 15 18 17 37 21 19 8 27 37 30 8 9 30 35 22 10 15 21 55 29 14 13 32 51 21 10 11 30 49 24 10 15 33 55 33 14 14 22 37 26 10 11 28 34 21 14 11 27 42 17 14 7 16 48 16 16 10 21 34 28 14 11 28 38 22 18 50 0.03 6 
110 295 332 170 37 96 173 68 39 39 66 149 114 35 53 84 109 92 37 36 94 139 90 37 37 80 195 68 34 39 82 126 110 37 56 90 131 72 43 36 69 133 90 32 42 78 163 79 44 38 79 147 108 54 58 93 138 101 57 39 110 162 96 36 45 91 143 79 40 36 105 147 90 42 255 0.06 12 
111 490 175 58 31 67 82 73 33 28 58 94 45 36 23 53 111 62 26 32 56 89 51 24 24 62 91 63 31 27 51 93 52 35 27 56 112 66 30 23 58 98 74 36 26 53 95 44 30 26 56 85 52 35 29 49 115 58 28 35 46 95 68 20 30 57 98 59 25 26 49 86 67 24 116 0.07 14 
112 89 83 134 17 63 125 76 25 43 84 137 71 33 32 61 107 69 33 28 50 98 59 32 25 73 148 53 25 32 65 138 69 30 35 50 113 68 39 34 54 118 62 34 33 71 172 60 38 35 74 90 69 23 31 74 117 55 34 34 62 91 45 31 32 54 96 37 26 35 72 129 68 37 201 0.09 18 
113 202 480 177 27 67 88 69 26 34 61 95 62 23 33 52 107 57 38 28 73 87 66 33 25 46 91 49 31 33 69 93 52 31 21 74 107 58 25 22 57 115 59 30 38 50 91 72 34 29 67 91 43 31 33 51 108 50 28 31 66 114 51 25 34 53 119 48 28 25 65 110 46 24 236 0.09 18 
114 207 381 88 49 103 164 90 37 39 76 168 73 51 37 104 129 109 35 40 89 156 100 43 48 73 159 82 48 37 82 124 73 43 47 83 148 73 40 46 105 142 89 35 47 99 186 100 45 44 79 137 99 42 40 87 136 97 46 54 72 156 101 47 37 91 130 103 37 44 96 129 72 42 176 0.08 16 
115 402 355 138 29 71 95 58 27 29 66 123 76 39 28 73 102 77 30 31 53 111 71 30 31 82 100 67 32 30 55 124 56 32 39 56 111 82 36 31 67 113 75 41 35 58 104 56 34 35 58 127 65 30 33 77 98 68 32 32 64 103 60 38 30 82 90 79 28 36 66 111 72 32 207 0.07 14 
116 123 337 69 11 25 38 21 11 8 20 32 26 13 11 24 43 25 11 7 21 36 25 12 10 19 38 20 10 8 22 37 16 9 13 28 33 23 10 12 26 39 18 10 14 28 39 28 7 13 28 40 23 9 8 21 47 24 14 11 29 35 18 11 14 29 49 23 11 12 29 37 25 6 92 0.05 10 
117 290 189 168 26 47 88 60 24 29 63 103 65 32 22 60 92 59 24 27 68 92 58 31 24 67 105 61 28 28 47 109 47 35 23 47 64 54 32 27 56 94 40 30 26 64 74 52 24 20 53 88 61 27 26 39 81 55 22 27 52 110 57 26 34 58 94 46 29 35 64 78 54 36 224 0.04 8 
118 89 146 20 5 7 22 12 10 8 19 24 18 2 4 5 8 16 0 6 4 17 7 11 4 3 16 10 7 9 12 17 13 3 7 8 19 9 6 7 5 0 15 5 4 7 11 8 5 4 7 6 7 7 1 7 28 14 5 2 2 16 5 6 6 4 4 5 1 4 6 4 14 5 30 0.07 14 
119 211 183 291 60 98 140 85 38 43 106 141 107 49 52 91 147 71 40 47 99 179 84 53 49 109 164 102 55 47 103 159 82 38 49 100 142 88 59 60 105 159 75 37 40 91 174 98 58 37 84 146 91 39 55 112 172 79 43 55 107 162 93 52 46 90 204 102 42 58 90 150 86 47 388 0.06 12 
120 208 371 108 16 34 81 34 18 20 32 68 46 14 21 47 60 40 21 22 38 50 33 13 15 34 75 30 16 19 30 43 36 11 20 37 75 33 14 19 38 70 39 10 20 34 56 38 19 19 27 51 39 17 21 41 46 48 13 17 32 76 45 25 22 55 53 36 20 16 35 88 35 15 144 0.02 4 
121 102 87 58 27 56 102 44 29 26 42 119 57 34 25 65 102 53 31 26 54 101 49 25 29 51 109 67 27 21 56 78 58 25 31 74 76 49 29 37 57 85 57 32 32 64 106 61 27 32 53 99 57 31 34 47 93 69 31 24 43 106 51 24 24 56 109 51 26 33 58 78 43 31 116 0.03 6 
122 352 400 194 50 119 183 95 57 45 102 180 112 48 39 119 195 86 38 44 101 169 106 56 53 91 137 111 49 57 99 137 89 50 49 78 149 89 41 41 88 186 100 49 58 95 136 99 50 41 79 189 113 46 48 96 146 96 40 52 107 205 111 48 57 75 152 118 45 56 87 188 77 41 291 0.09 18 
123 132 259 54 8 24 51 24 6 15 15 30 24 12 8 19 41 13 11 13 18 25 18 8 9 31 31 17 6 8 20 37 22 8 10 15 27 19 7 10 21 41 15 9 9 23 41 21 4 9 17 25 18 8 10 22 22 11 5 6 11 29 15 13 8 20 38 23 7 7 9 32 22 8 72 0.06 12 
124 216 351 96 29 37 76 48 21 19 67 61 46 25 27 50 85 58 27 19 45 74 50 23 23 48 59 41 22 25 51 102 49 25 19 57 84 70 17 20 41 69 64 20 24 42 81 47 20 27 47 89 34 24 17 61 83 53 22 27 38 90 58 27 25 30 79 60 28 25 56 76 50 23 144 0.02 4 
125 427 488 36 10 10 21 11 7 3 8 32 12 0 10 12 36 13 3 4 13 10 10 2 14 11 18 8 4 7 2 18 14 11 2 24 31 19 1 1 13 11 7 4 7 12 15 14 0 6 12 27 15 5 2 15 22 11 3 7 11 18 4 5 4 11 40 3 7 5 14 16 3 8 48 0.02 4 
126 115 27 68 36 54 109 77 38 36 81 112 70 35 28 63 127 64 27 28 73 104 61 29 34 73 109 77 38 28 73 127 76 37 35 55 135 56 40 38 59 129 71 35 29 81 128 62 34 33 65 115 58 25 29 62 136 55 30 33 64 138 69 35 32 59 128 63 31 33 68 104 57 36 136 0.07 14 
127 83 120 57 6 26 11 10 13 14 14 0 30 12 5 14 49 18 10 10 14 11 27 16 9 11 76 23 13 12 11 9 17 22 15 0 47 39 0 3 26 34 22 13 12 20 21 20 16 0 31 31 16 10 12 28 53 15 12 5 12 27 36 13 7 17 44 10 10 15 12 2 32 16 76 0.02 4 
128 147 424 56 28 60 104 55 33 19 50 77 34 26 21 48 84 44 32 35 64 88 53 28 22 60 90 53 23 32 51 100 44 31 31 41 79 68 23 24 42 91 71 31 34 46 69 53 32 19 57 74 72 26 20 77 78 53 26 25 59 81 67 29 25 62 120 57 30 23 50 94 38 24 112 0.06 12 
129 392 191 177 29 49 107 49 25 27 55 71 54 31 31 57 92 65 28 27 65 91 50 29 23 58 83 66 32 34 53 90 61 35 28 61 80 62 32 23 41 94 71 29 23 55 100 51 26 23 54 96 51 36 24 71 96 72 26 28 73 86 58 37 24 72 96 68 25 24 47 93 70 23 236 0.08 16 
130 149 375 52 16 34 52 18 12 11 25 25 33 13 13 30 58 30 13 9 17 41 18 17 14 32 35 20 9 5 22 46 41 13 15 32 46 15 11 15 22 45 27 10 10 28 35 19 14 11 25 40 25 8 6 28 38 32 12 7 33 45 29 19 11 32 57 21 9 9 22 28 28 11 78 0.03 6 
131 274 150 160 44 83 151 90 48 41 96 113 78 54 28 85 152 73 42 38 71 146 68 43 43 83 149 71 41 34 88 129 77 41 49 85 124 83 25 44 81 125 79 53 36 80 147 56 48 40 61 123 66 35 35 77 141 89 38 28 61 145 68 32 43 103 163 76 34 44 65 122 89 47 240 0.02 4 
132 344 269 237 40 74 113 60 37 38 92 168 54 44 42 66 122 90 46 42 89 114 86 40 37 89 125 61 32 45 97 167 87 39 31 74 158 64 38 36 66 118 76 47 49 83 130 94 49 46 80 135 83 40 36 61 134 77 45 43 82 148 85 46 34 76 128 102 44 32 79 155 64 44 316 0.02 4 
133 38 322 136 26 63 116 73 32 32 75 123 62 25 30 84 115 81 27 28 57 113 51 34 34 77 125 61 35 42 65 116 53 36 35 64 123 61 29 34 56 106 60 41 32 67 125 61 38 29 68 127 59 40 32 74 121 54 40 34 57 110 60 40 30 70 111 72 30 31 54 129 75 33 204 0.06 12 
134 253 215 11 5 16 22 6 4 4 10 2 8 7 4 20 20 10 4 7 3 18 13 4 6 20 17 11 7 4 10 19 10 6 5 12 16 17 5 6 9 18 14 3 6 4 7 12 6 3 6 17 5 5 8 11 21 15 4 2 19 18 11 7 1 16 20 13 5 7 18 21 11 5 22 0.09 18 
135 32 215 152 47 62 162 100 32 35 65 125 56 28 42 74 123 85 55 34 63 135 66 30 38 99 106 70 37 38 85 152 94 31 40 70 110 76 39 36 84 115 60 42 40 90 130 90 42 32 75 89 72 36 23 78 166 59 37 53 94 120 98 38 36 95 121 75 33 31 76 114 70 33 228 0.04 8 
136 403 82 174 27 52 82 48 24 33 62 128 71 23 32 61 69 42 29 30 48 102 64 25 33 58 66 57 22 29 67 83 69 35 32 53 83 59 28 26 52 111 65 20 26 67 86 68 22 31 61 71 56 21 32 49 100 64 29 43 39 93 44 30 21 58 116 55 26 35 65 95 47 34 232 0.02 4 
137 204 250 300 47 98 159 107 59 42 94 199 92 55 43 85 161 119 51 38 104 142 113 53 56 103 154 111 49 60 101 204 77 52 44 78 158 101 54 50 104 143 100 42 47 86 160 78 42 44 105 142 122 59 58 125 166 108 48 42 96 175 113 47 49 88 183 83 52 47 90 191 106 55 400 0.05 10 
138 110 275 66 16 31 58 28 17 19 32 44 30 17 15 30 57 31 19 15 35 56 34 16 16 33 57 27 21 17 31 64 28 14 16 34 55 37 12 17 34 48 35 18 15 36 51 29 18 14 37 54 35 14 14 26 54 35 13 15 28 63 32 19 19 39 53 29 17 19 23 63 33 13 99 0.05 10 
139 0 363 90 37 108 169 87 42 45 82 131 87 49 50 87 155 89 50 45 87 151 113 55 41 97 168 80 41 49 74 131 92 49 36 97 173 87 49 44 78 126 78 40 40 81 137 65 43 54 86 128 83 54 52 100 162 75 40 45 106 170 94 48 49 78 191 109 34 50 81 151 70 48 180 0.08 16 
140 471 368 192 51 105 152 96 45 40 94 147 81 45 42 99 186 116 46 43 77 166 95 53 53 80 173 80 45 55 109 171 114 38 48 96 171 95 51 44 109 146 95 53 47 104 139 89 49 57 110 147 102 54 55 92 186 109 39 48 111 171 108 40 40 91 196 106 52 48 102 140 113 39 288 0.07 14 
141 260 478 64 28 53 114 55 29 37 69 88 73 29 43 53 87 46 34 30 64 97 76 28 31 76 112 56 36 38 82 134 53 27 23 44 111 74 25 30 66 94 56 31 28 55 108 71 31 31 83 117 70 34 29 55 139 48 25 32 48 101 41 32 33 76 108 61 32 25 82 105 59 29 128 0.04 8 
142 105 44 108 13 30 64 43 16 18 33 61 37 18 15 29 63 42 15 20 30 56 32 18 22 27 73 41 16 21 36 54 32 17 15 44 47 41 19 19 46 62 30 19 20 37 62 41 22 15 43 69 39 16 19 32 62 33 16 15 31 50 35 19 19 30 55 43 17 14 33 52 29 22 144 0.04 8 
143 255 101 126 22 46 68 40 19 24 52 63 41 24 15 45 79 30 19 24 55 73 54 18 22 45 84 44 18 20 40 71 42 20 21 35 71 49 27 15 42 70 36 17 22 40 56 31 25 18 39 65 50 17 19 31 63 46 20 17 51 60 44 24 19 43 64 38 23 26 44 66 36 22 168 0.05 10 
144 299 184 140 36 79 130 67 35 32 57 114 76 39 33 59 115 66 31 36 69 121 71 38 35 73 117 69 27 40 58 119 63 34 32 77 104 79 40 32 76 129 72 38 30 69 134 65 32 35 70 135 60 34 31 79 99 64 27 41 56 137 59 38 41 72 129 72 32 33 80 104 55 39 210 0.08 16 
145 255 456 66 18 32 60 26 16 16 30 50 34 14 14 36 57 34 15 17 32 56 40 15 16 28 45 35 16 14 35 62 26 18 14 37 51 26 16 18 37 57 28 15 13 31 45 26 17 15 28 57 33 17 15 34 51 30 17 15 39 49 38 17 14 28 53 34 14 15 27 57 28 16 99 0.08 16 
146 84 97 44 11 19 33 19 11 11 24 44 21 10 9 24 31 19 9 12 22 33 24 9 10 15 41 21 12 13 18 42 20 12 9 24 39 20 10 10 28 49 24 12 10 20 39 25 8 10 20 32 25 9 13 16 43 22 12 11 21 33 26 13 10 17 38 23 9 13 21 31 22 12 66 0.07 14 
147 426 281 89 35 89 142 105 37 42 101 171 94 46 39 80 129 89 37 46 91 129 84 51 34 95 148 81 33 35 107 163 103 46 51 76 154 99 53 39 73 194 78 40 38 69 155 80 39 37 100 141 93 50 44 101 144 75 55 39 84 118 109 48 33 103 154 82 35 48 81 202 99 39 178 0.06 12 
148 394 424 42 11 10 7 12 7 8 1 35 5 6 11 10 18 14 2 4 10 27 10 4 7 13 28 10 5 7 8 18 12 8 1 14 31 23 5 4 10 30 3 7 8 7 2 22 11 7 7 11 20 14 6 24 41 23 6 3 8 1 11 10 7 0 3 0 5 8 16 42 22 8 56 0.05 10 
149 136 153 171 20 26 107 60 23 15 39 98 55 24 32 67 101 50 34 25 55 150 58 35 29 55 108 76 31 30 64 93 55 24 22 90 95 71 27 39 47 148 42 34 18 50 100 41 32 35 71 145 34 31 27 64 47 46 26 20 50 120 46 20 19 65 120 46 30 22 57 80 37 21 228 0.04 8 
150 332 57 85 49 71 147 95 48 39 75 129 75 38 40 69 159 109 34 47 88 121 81 36 42 93 148 68 41 51 75 151 68 37 50 79 149 71 41 41 69 146 82 53 51 80 135 98 33 41 88 134 98 46 48 98 142 101 39 47 85 169 69 46 42 94 141 76 43 36 99 158 81 41 170 0.02 4 
