25 10 2088
0 185 177 4278 2748 2751 2751 2751 2747 2749 2751 2749 2753 2751 0.01
1 88 259 225 38 73 136 67 33 34 81 156 73 29 32 84 139 72 34 30 83 116 80 41 39 72 113 76 41 41 64 110 69 47 36 64 151 73 36 43 77 120 75 42 39 84 121 73 42 40 75 121 67 42 32 77 117 70 42 45 80 134 68 38 300 0.02 4 
2 285 38 77 40 73 123 87 48 44 70 129 67 46 36 69 128 69 34 34 73 95 72 40 28 63 113 72 38 46 78 121 73 35 46 75 142 69 33 37 92 130 63 35 39 68 115 72 46 36 66 112 66 53 38 78 164 91 43 40 60 116 48 29 154 0.04 8 
3 280 193 34 12 46 56 31 19 20 37 61 27 10 19 34 62 42 32 16 26 44 52 16 14 24 96 31 12 16 22 53 36 19 19 24 44 32 17 15 20 81 40 24 18 49 43 37 15 23 33 84 33 11 20 33 59 24 24 15 30 50 25 9 68 0.03 6 
4 412 394 45 18 41 91 53 20 20 45 72 43 24 19 46 65 46 26 19 60 73 40 19 22 36 93 38 25 21 47 65 43 25 25 43 74 44 21 23 42 72 46 19 19 37 73 49 28 23 35 74 43 16 22 49 89 38 16 29 36 80 45 20 90 0.07 14 
5 307 163 142 36 65 149 86 28 41 53 116 51 38 30 64 98 86 31 29 73 100 90 43 36 70 135 88 26 38 63 104 55 32 35 72 91 73 29 43 51 125 78 39 20 67 91 48 31 35 58 131 64 33 38 55 107 44 39 43 64 155 74 33 213 0.06 12 
6 214 485 77 33 79 116 69 33 33 70 118 65 41 43 78 121 63 44 32 81 125 85 42 39 93 115 86 41 30 60 126 85 40 43 82 141 85 39 30 67 155 70 34 39 88 142 79 46 35 87 150 83 44 37 64 152 71 42 35 81 130 76 33 154 0.04 8 
7 368 263 24 6 29 64 25 4 22 20 62 15 11 11 19 40 26 12 13 22 22 19 16 14 27 33 29 15 8 28 44 21 8 12 31 46 19 15 19 40 26 26 7 13 35 55 22 7 4 22 35 32 12 14 23 42 22 8 17 30 28 21 16 48 0.03 6 
8 221 185 22 5 7 21 8 5 4 13 16 16 4 5 7 14 5 5 4 9 18 9 2 7 10 13 6 6 3 12 17 8 7 7 15 27 10 5 5 20 18 10 6 3 6 14 14 8 4 11 23 8 4 6 10 19 12 3 8 7 13 11 5 33 0.03 6 
9 325 81 216 30 65 128 73 36 42 65 120 101 44 43 83 120 85 39 41 64 145 58 34 41 81 88 53 35 35 53 116 97 42 35 53 96 75 39 24 78 77 60 31 37 67 154 62 41 36 70 112 75 38 46 72 135 64 45 36 49 87 81 27 288 0.09 18 
10 336 429 62 24 54 114 75 34 36 59 74 63 25 25 47 94 57 37 23 55 116 85 22 30 54 113 63 35 29 80 109 48 29 35 64 88 55 38 29 63 123 74 34 36 59 108 53 23 25 58 100 57 30 27 67 126 52 35 30 63 128 79 25 124 0.08 16 
11 355 17 267 36 77 152 116 58 37 89 162 84 45 53 79 117 92 41 35 79 171 97 59 42 65 153 102 39 46 89 159 78 32 37 78 168 78 42 47 117 164 93 40 58 99 160 84 38 47 94 145 106 48 41 69 170 105 45 44 93 146 104 40 356 0.06 12 
12 48 282 56 14 31 51 29 10 12 31 43 34 16 11 22 46 31 13 15 24 49 35 9 14 29 50 25 13 14 25 35 38 12 15 31 57 24 14 13 19 44 29 9 19 34 51 27 9 10 31 54 29 16 16 20 39 37 10 17 25 44 35 12 84 0.04 8 
13 324 466 225 26 108 129 59 34 40 67 114 78 41 34 63 150 52 33 45 73 108 64 37 33 67 136 65 40 38 87 114 85 29 37 74 173 65 43 42 61 124 70 36 22 64 107 75 30 41 94 120 78 48 43 80 131 67 29 45 88 124 75 37 300 0.08 16 
14 285 86 291 49 84 145 113 49 37 105 169 96 49 38 107 176 113 51 48 79 166 114 41 41 110 157 112 39 60 85 161 80 54 41 98 193 101 44 55 95 189 88 52 54 115 183 79 54 50 81 152 104 56 42 95 145 111 51 46 93 142 92 51 388 0.08 16 
15 438 427 43 16 48 71 32 25 19 49 98 33 18 23 49 66 43 25 18 69 79 42 15 23 43 79 35 26 20 45 57 41 22 23 44 56 37 29 15 34 82 51 27 11 51 75 53 22 21 35 79 24 24 24 56 75 45 20 18 39 63 43 21 86 0.02 4 
16 17 490 222 40 81 126 93 26 40 67 116 60 31 42 89 127 64 31 43 61 108 80 23 36 75 144 69 40 29 94 136 60 31 42 79 97 51 26 40 56 151 79 29 37 78 121 89 35 44 84 98 65 34 35 60 118 70 34 36 58 128 74 29 296 0.05 10 
17 69 7 174 26 67 110 56 31 30 63 80 59 30 25 43 86 63 28 32 53 100 65 34 29 56 91 38 24 23 55 73 56 30 36 67 102 47 23 36 54 72 61 28 32 58 116 46 25 27 44 82 45 32 31 67 103 44 28 34 56 119 62 34 232 0.08 16 
18 410 125 152 42 82 112 85 31 30 84 126 84 35 42 79 126 76 43 34 68 123 73 37 41 71 118 62 38 36 86 148 69 42 36 62 149 89 36 40 74 122 67 37 42 89 148 65 38 34 85 146 77 31 35 71 109 67 43 34 76 122 69 38 228 0.09 18 
19 427 212 40 15 29 31 4 3 10 44 18 5 13 16 25 0 4 9 5 23 32 17 7 12 25 35 24 3 6 24 48 19 8 7 42 33 17 5 7 13 22 10 13 10 20 37 16 12 8 20 14 18 17 12 11 35 16 8 0 29 35 27 8 60 0.08 16 
20 131 86 44 12 20 28 26 18 11 19 19 45 6 22 5 65 18 4 20 12 45 14 9 13 9 38 18 4 12 14 32 25 7 12 22 61 24 10 14 12 44 18 12 8 34 31 32 15 19 46 38 27 13 13 19 47 23 9 4 45 58 22 13 66 0.06 12 
21 405 189 70 38 71 130 90 41 26 65 119 77 30 27 56 134 71 41 35 71 124 77 25 32 70 103 79 37 31 79 98 68 36 34 72 119 68 45 30 70 128 65 32 32 85 118 74 28 27 58 95 66 35 29 72 128 63 29 42 67 133 84 47 140 0.09 18 
22 320 493 190 47 108 192 77 46 40 82 124 102 36 50 89 151 103 37 44 99 129 129 37 45 62 216 92 39 38 110 156 100 41 51 84 169 89 52 36 86 190 117 37 39 83 159 85 51 43 106 155 111 44 42 92 181 90 41 57 93 126 82 54 285 0.05 10 
23 427 326 114 25 52 72 43 20 12 37 79 25 19 13 40 47 24 21 22 49 59 33 23 14 44 77 31 20 20 48 66 54 21 29 33 49 46 24 15 37 59 36 19 23 16 62 39 11 29 51 57 35 20 18 35 62 41 15 17 47 56 49 23 152 0.03 6 
24 279 126 44 26 43 62 41 18 26 49 89 38 25 22 50 67 34 19 16 39 79 37 24 26 49 92 39 18 27 40 88 39 19 22 50 63 46 24 27 38 59 46 24 23 35 82 37 19 28 47 89 45 21 23 48 63 40 21 25 46 85 45 23 88 0.04 8 
25 33 341 30 12 1 37 23 7 1 22 23 22 13 6 26 3 28 3 14 7 54 21 2 18 25 16 9 3 7 11 7 13 5 6 8 37 16 20 8 0 21 0 12 5 5 43 0 16 1 31 47 15 6 3 0 5 37 15 6 0 15 17 13 45 0.07 14 
