200 10 16762
0 249 199 32798 26195 26201 26204 26208 26199 26200 26199 26201 26196 26209 0.01
1 216 151 64 35 54 86 59 32 37 51 122 63 27 25 55 88 57 27 33 72 100 59 29 28 63 104 65 31 30 69 106 54 37 37 59 125 55 34 30 74 114 62 29 34 62 118 79 26 36 58 117 74 28 36 53 127 54 32 31 66 113 63 33 128 0.05 10 
2 342 497 99 16 30 67 29 14 11 40 36 26 19 10 21 58 19 20 16 29 50 30 9 16 29 56 26 19 17 60 64 22 14 19 21 95 18 18 16 36 66 43 11 17 42 74 28 17 12 44 90 54 5 6 37 51 18 17 22 39 24 27 21 132 0.05 10 
3 152 169 258 45 88 124 75 56 46 61 140 89 45 40 90 132 93 37 38 60 112 78 38 48 72 148 107 46 44 89 128 103 38 40 101 154 64 41 47 96 130 77 48 36 103 175 77 29 42 87 136 92 39 35 70 131 97 57 34 93 151 75 37 344 0.03 6 
4 290 267 231 37 67 111 74 32 34 62 130 71 33 35 84 149 55 36 44 76 116 63 37 41 71 143 95 32 32 59 134 77 35 36 74 135 66 41 34 59 117 72 30 32 72 116 78 35 35 93 106 68 42 42 71 126 80 36 34 92 120 79 43 308 0.06 12 
5 312 492 36 14 6 13 17 0 6 9 18 13 6 0 13 32 14 10 5 30 33 0 6 0 19 14 19 8 0 10 47 12 2 3 10 40 23 0 4 1 40 8 0 11 15 0 21 8 9 19 18 7 8 7 7 12 0 7 6 3 37 2 3 48 0.07 14 
6 306 107 72 43 84 141 62 38 45 79 144 82 26 38 68 119 71 30 23 64 125 90 31 29 77 137 89 36 37 63 151 45 47 40 75 87 64 42 42 78 95 95 53 33 84 116 96 33 35 84 152 68 35 27 93 110 60 44 35 64 117 103 34 144 0.02 4 
7 400 491 84 26 35 57 41 25 18 56 72 23 15 10 51 56 41 21 10 53 64 33 15 15 49 112 57 22 20 30 58 39 27 15 35 66 16 24 18 54 49 40 23 23 31 57 31 24 26 43 52 34 32 22 39 57 48 16 13 40 73 37 20 126 0.02 4 
8 331 434 234 35 82 126 80 48 36 92 138 86 42 32 65 145 94 34 34 98 126 79 42 36 86 105 82 40 47 67 138 63 44 38 103 99 91 38 36 84 109 74 34 33 84 108 58 41 35 75 107 95 42 41 92 151 77 32 47 87 133 58 33 312 0.08 16 
9 261 214 120 31 54 91 64 34 26 64 89 70 29 30 64 81 62 34 23 76 102 49 35 27 62 122 51 29 24 66 102 56 28 27 54 93 68 25 37 48 88 45 35 27 53 97 53 26 40 55 117 59 27 29 65 110 56 33 37 58 112 58 35 180 0.03 6 
10 434 217 66 10 21 37 19 10 9 24 41 23 11 10 24 29 23 11 8 18 42 21 9 10 18 40 22 8 12 19 33 16 10 12 20 38 17 10 11 16 32 22 9 12 20 33 21 15 7 27 31 22 11 13 23 29 18 9 13 24 40 24 10 88 0.09 18 
11 474 465 132 38 80 115 66 27 30 61 109 54 30 33 72 128 53 27 34 65 140 72 27 28 80 120 69 27 39 47 103 59 45 34 57 98 69 31 41 64 70 49 44 27 60 85 65 27 33 72 113 64 29 32 49 119 50 34 27 55 121 61 33 198 0.08 16 
12 406 290 61 30 68 89 58 31 40 69 120 52 33 31 54 95 66 32 35 60 110 54 36 28 80 94 49 29 23 50 103 62 29 30 77 81 55 27 41 56 92 58 29 24 63 91 66 29 35 55 110 73 30 31 78 90 41 30 25 48 85 60 26 122 0.03 6 
13 464 76 54 11 21 40 25 14 11 29 54 26 12 15 22 37 21 11 17 23 46 24 15 12 27 41 33 12 12 28 42 27 10 13 24 41 26 15 14 34 35 31 16 15 25 41 20 14 12 32 41 23 14 17 26 41 26 13 12 29 41 31 15 81 0.07 14 
14 445 22 92 21 53 81 37 25 24 51 70 52 19 29 60 76 44 20 21 51 68 48 25 23 46 63 53 23 25 39 66 49 19 21 55 71 51 23 25 41 64 41 20 24 41 70 45 19 25 47 83 53 23 23 39 92 35 25 19 51 68 41 21 138 0.08 16 
15 176 385 97 44 93 157 91 51 47 106 130 93 39 55 100 178 108 54 52 99 158 95 45 37 99 140 106 39 48 77 159 123 41 47 105 129 88 63 39 99 178 107 52 41 89 176 87 44 65 88 186 106 53 47 101 180 87 41 42 108 148 97 49 194 0.08 16 
16 387 96 36 6 10 22 10 4 4 8 25 13 4 7 9 16 11 5 7 11 16 12 4 7 11 17 13 5 3 12 21 11 6 3 11 21 11 4 5 9 15 14 6 7 10 14 10 9 4 11 13 14 5 8 9 21 9 7 6 13 21 13 4 48 0.07 14 
17 244 230 87 45 100 154 88 44 40 88 151 100 44 48 94 121 96 56 45 77 139 92 39 51 96 186 82 41 36 71 136 96 48 40 106 137 103 46 51 73 115 96 42 43 104 148 94 39 32 100 158 75 49 46 92 131 97 37 57 84 176 99 43 174 0.02 4 
18 236 433 56 18 42 50 32 10 7 17 33 20 10 10 18 45 19 9 15 18 41 28 8 21 24 44 30 8 13 20 36 33 14 8 19 41 36 11 9 31 32 22 13 23 32 56 30 14 18 24 68 32 12 9 25 42 28 18 9 33 48 28 13 84 0.05 10 
19 91 220 33 11 2 9 19 5 3 19 27 11 15 0 3 15 18 5 6 16 36 12 7 8 21 2 2 11 8 7 11 19 3 2 0 41 14 3 2 10 28 3 4 1 10 47 22 5 7 25 58 31 4 7 6 34 13 2 6 13 9 11 11 44 0.07 14 
20 258 418 64 29 69 106 53 28 31 58 98 70 41 38 54 106 51 33 30 70 126 67 29 35 76 93 50 28 40 78 130 57 28 28 55 98 56 35 31 62 136 61 32 34 62 117 55 31 26 71 133 69 34 26 56 85 62 36 32 57 110 63 26 128 0.03 6 
21 393 458 132 17 37 66 44 15 20 52 53 37 24 22 46 73 39 19 29 45 73 44 22 22 40 60 45 23 26 36 59 42 19 17 43 63 33 23 18 41 76 39 23 18 52 68 55 17 25 46 91 72 24 23 38 65 40 22 21 41 83 48 30 176 0.07 14 
22 42 45 88 23 51 84 47 23 27 38 85 40 24 21 49 58 42 23 22 41 77 39 24 20 42 73 44 19 26 38 76 42 23 26 39 93 42 20 19 40 59 41 19 21 55 68 43 25 22 39 74 42 22 21 34 69 53 24 21 41 78 39 19 132 0.06 12 
23 250 380 183 30 59 95 63 30 33 50 116 61 34 26 64 101 54 33 29 68 92 54 28 28 57 92 59 35 29 61 120 64 27 25 63 93 67 29 28 50 101 58 29 27 60 101 72 33 29 70 92 61 27 32 74 103 66 32 28 65 96 64 30 244 0.06 12 
24 433 437 270 51 103 186 99 50 36 75 141 81 36 36 103 158 78 44 50 88 155 94 39 54 102 128 95 46 45 101 158 89 51 37 78 134 96 49 49 102 174 92 39 46 92 160 104 45 40 101 140 109 45 45 79 176 89 40 51 103 179 96 53 360 0.03 6 
25 187 269 168 41 95 120 96 35 35 76 136 99 32 52 102 165 71 33 43 70 134 80 48 38 104 143 69 45 33 83 166 66 38 45 98 119 103 36 48 87 158 73 37 49 65 124 65 45 46 81 134 106 38 41 87 166 96 36 47 80 128 87 46 252 0.08 16 
26 52 120 85 44 75 127 100 42 37 93 142 84 43 48 70 122 74 53 44 93 156 73 50 44 77 160 79 37 48 63 132 91 47 53 86 168 77 37 45 88 128 89 51 48 98 139 77 41 39 85 144 96 35 44 76 144 102 30 51 91 114 80 45 170 0.08 16 
27 448 214 78 19 43 72 33 14 19 34 48 39 21 23 36 66 28 17 22 29 93 45 16 16 28 93 38 23 12 28 111 26 21 13 47 65 41 14 20 57 91 36 22 14 57 67 46 17 19 32 45 55 24 23 55 52 47 25 25 42 34 42 22 117 0.09 18 
28 478 476 34 16 30 45 43 10 16 29 60 30 20 17 31 57 27 21 18 38 70 32 19 21 24 54 34 16 26 39 54 20 12 17 28 40 33 19 10 22 72 34 12 16 45 48 35 17 14 19 31 33 16 20 26 32 28 19 13 35 81 24 15 68 0.06 12 
29 464 246 67 27 75 127 84 26 37 67 154 62 37 30 90 125 67 38 28 74 125 59 45 40 77 121 80 30 31 67 126 94 27 32 60 126 72 44 25 69 126 49 32 33 51 114 59 35 31 70 112 80 24 24 60 107 67 42 22 79 97 49 24 134 0.08 16 
30 379 331 225 35 68 129 68 31 31 78 153 64 33 31 79 120 86 33 39 59 123 72 33 38 94 135 58 31 40 81 116 70 47 36 85 116 66 30 35 98 131 69 40 39 74 157 83 39 37 85 138 82 37 38 85 115 76 37 36 77 124 72 36 300 0.02 4 
31 281 118 87 22 46 51 15 6 10 19 49 21 15 19 48 36 21 14 3 34 38 32 23 6 26 63 34 12 10 27 49 29 12 12 34 80 30 13 21 10 63 32 10 14 21 45 34 0 17 22 47 16 26 21 56 63 49 15 16 36 51 44 24 116 0.05 10 
32 89 471 108 14 34 46 40 16 15 34 46 35 20 14 31 64 37 21 11 39 55 29 17 15 35 68 34 16 10 32 63 24 25 13 37 53 31 19 15 34 50 31 19 14 36 86 22 16 18 52 87 33 18 22 38 78 43 19 21 31 59 34 18 144 0.04 8 
33 423 328 91 47 77 155 92 49 45 108 130 111 48 42 93 186 100 36 56 79 151 77 46 39 85 195 101 38 49 91 127 99 40 51 88 131 79 40 46 96 158 79 45 33 92 144 113 42 47 89 143 104 51 52 105 146 103 57 51 108 145 77 39 182 0.04 8 
34 338 217 22 9 26 25 23 14 10 21 48 22 8 13 18 31 25 8 6 16 22 24 12 13 25 32 21 8 16 31 45 32 10 12 26 31 18 10 16 24 29 17 6 11 27 16 18 11 11 19 43 26 13 10 13 18 25 11 15 20 33 22 11 44 0.04 8 
35 54 26 279 56 85 164 88 43 43 81 133 88 57 38 109 123 100 46 57 78 138 108 44 54 110 126 96 44 56 80 141 86 52 56 93 140 77 51 48 98 146 96 50 38 88 127 106 46 43 79 166 89 39 39 81 189 108 66 44 90 140 93 52 372 0.08 16 
36 102 34 97 41 101 164 81 48 44 123 205 100 54 53 99 152 108 44 45 105 150 75 56 53 85 161 77 47 43 103 177 89 59 50 111 199 98 42 44 98 193 125 41 48 85 146 98 46 40 78 195 129 45 55 111 181 104 58 50 88 149 109 51 194 0.06 12 
37 466 146 174 59 74 156 91 30 41 89 162 80 41 34 94 176 88 37 38 70 162 94 54 39 92 178 105 45 48 73 136 79 40 48 68 162 107 34 49 70 169 88 36 33 71 170 93 43 48 67 184 92 53 54 89 113 88 39 33 94 136 95 53 261 0.07 14 
38 88 76 174 37 52 76 63 25 26 49 93 81 43 28 47 114 47 21 23 43 119 48 35 29 43 112 52 35 29 54 95 66 25 27 63 120 67 26 25 55 150 75 30 31 79 94 40 31 27 59 85 59 31 26 60 101 62 28 31 36 148 86 26 232 0.07 14 
39 73 83 168 55 81 130 79 46 46 84 147 78 50 52 88 164 77 42 42 82 144 92 41 39 68 138 89 49 36 68 166 85 48 35 89 123 79 45 51 85 143 98 49 29 72 151 100 37 39 82 153 82 29 48 86 138 83 53 37 100 147 84 34 252 0.07 14 
40 438 218 34 20 35 72 30 12 13 27 62 49 18 21 34 42 21 17 16 30 55 32 17 14 32 46 30 14 15 30 46 38 18 13 31 50 37 23 22 29 53 28 16 13 28 65 34 19 13 34 55 44 18 19 37 80 37 18 19 35 52 35 12 68 0.05 10 
41 443 257 148 31 83 100 65 30 35 83 109 82 43 41 73 134 86 41 39 75 116 84 29 38 90 130 85 37 40 63 139 79 31 38 79 142 74 30 30 62 113 62 42 36 69 106 65 42 29 81 135 79 43 38 77 127 88 43 29 60 117 76 30 222 0.02 4 
42 300 185 146 31 68 172 83 37 33 69 85 45 38 39 67 101 61 28 34 80 169 56 31 46 83 98 68 35 29 61 180 71 28 37 71 164 80 45 41 61 100 70 31 40 86 104 67 40 40 88 116 63 42 41 90 135 81 41 36 79 117 67 30 219 0.02 4 
43 43 423 168 32 64 77 54 20 29 56 74 49 24 34 70 89 54 29 34 46 62 51 27 19 55 68 47 35 22 57 93 40 25 37 64 101 40 26 25 73 95 47 24 24 42 108 70 21 25 34 93 46 26 27 56 88 49 22 27 54 69 62 27 224 0.07 14 
44 286 495 13 7 1 38 8 0 8 19 25 6 1 10 1 33 18 4 12 16 31 28 6 10 12 21 13 9 4 0 16 14 3 4 4 11 17 8 7 15 30 15 9 7 0 29 15 11 0 19 16 10 12 1 14 28 12 4 10 16 25 14 2 26 0.04 8 
45 46 99 198 38 64 117 70 33 33 44 117 38 23 36 45 119 40 24 33 55 122 62 20 45 47 133 88 39 33 58 112 57 40 33 69 107 63 45 36 68 132 59 22 27 75 99 56 29 32 73 79 67 33 27 72 84 59 25 31 64 122 84 29 264 0.08 16 
46 438 462 20 7 26 21 28 5 4 14 31 11 11 0 19 34 21 7 1 26 36 8 18 5 20 38 1 0 8 19 58 21 9 4 33 55 20 7 15 20 32 3 9 0 29 44 4 6 17 26 0 18 15 6 17 19 6 11 3 13 72 12 10 40 0.09 18 
47 26 220 291 39 95 170 104 49 62 122 172 90 49 37 101 156 112 55 60 101 143 99 56 44 97 134 77 51 55 104 187 90 52 38 93 142 111 58 52 120 201 92 56 50 95 173 87 56 46 107 191 114 62 37 118 179 116 60 45 101 146 80 37 388 0.05 10 
48 18 118 138 29 80 112 68 35 39 71 143 60 35 32 63 96 65 29 34 77 125 67 28 31 58 133 71 23 33 65 117 51 30 30 68 114 79 31 27 66 108 100 39 28 64 114 94 38 30 62 121 60 27 27 74 100 56 27 40 66 139 65 37 207 0.07 14 
49 179 291 48 11 17 48 21 20 14 27 54 35 13 12 29 22 25 10 6 27 61 24 5 8 19 31 37 17 12 32 31 24 10 14 37 49 36 11 12 21 43 11 15 4 25 37 28 11 10 26 9 34 13 12 15 39 26 4 12 19 37 17 13 72 0.07 14 
50 288 40 132 21 45 81 50 24 22 42 62 39 30 19 49 64 38 19 19 46 84 30 25 19 35 81 43 19 18 49 72 35 23 19 40 71 50 18 22 35 77 36 28 30 57 80 51 28 21 30 74 52 23 21 43 92 40 22 23 44 72 58 20 176 0.05 10 
51 244 491 56 6 30 69 26 18 21 40 34 15 11 15 27 45 32 10 7 38 98 44 22 16 43 52 18 12 15 3 38 35 8 12 50 41 34 17 11 15 69 22 13 12 24 64 31 11 0 30 74 33 11 16 19 42 8 21 13 22 42 43 8 84 0.06 12 
52 54 91 53 26 55 102 59 27 26 41 92 60 28 21 58 76 43 30 28 45 92 40 25 22 75 98 73 27 23 65 92 52 31 34 54 104 51 18 19 44 82 46 20 22 48 102 53 29 25 56 67 48 30 34 40 125 58 22 22 50 63 50 27 106 0.05 10 
53 448 149 120 45 52 101 55 26 32 61 110 49 30 37 52 102 67 16 31 59 113 70 30 28 87 63 67 28 18 59 107 87 28 29 46 95 53 35 31 60 76 50 34 19 56 123 62 24 27 64 106 60 35 22 55 78 43 39 28 59 141 61 24 180 0.02 4 
54 360 426 60 9 29 61 47 11 10 29 52 26 12 13 26 55 21 15 8 36 62 35 15 18 26 51 24 5 12 28 46 34 16 11 22 54 29 24 18 33 46 35 10 12 44 44 32 20 11 30 66 26 16 16 23 66 46 16 21 15 70 37 19 90 0.03 6 
55 42 97 117 12 30 70 51 30 25 43 64 35 22 22 47 30 33 19 22 43 60 55 24 26 33 38 49 10 19 37 66 42 17 14 43 62 44 12 21 39 52 65 29 19 31 62 42 17 11 34 57 29 16 18 34 65 35 16 19 31 71 31 22 156 0.07 14 
56 81 443 48 15 27 39 17 10 9 13 24 12 10 13 12 11 14 14 17 28 22 15 11 10 37 58 34 5 6 11 29 12 9 10 26 35 23 17 15 20 34 22 13 10 13 48 22 15 3 22 59 19 14 4 28 26 36 8 3 37 35 26 16 72 0.03 6 
57 185 75 96 16 35 53 33 21 21 37 49 23 14 15 28 17 40 29 16 35 72 57 13 18 27 69 30 5 17 27 64 24 13 18 23 53 34 7 11 13 33 31 18 11 42 46 29 18 14 29 29 26 14 13 30 85 46 19 11 28 72 33 12 128 0.09 18 
58 285 145 204 38 70 110 74 31 33 79 97 76 34 34 55 105 66 32 35 57 120 72 35 32 71 104 60 37 34 72 124 59 36 31 69 100 85 38 33 58 101 55 32 27 65 141 69 33 37 78 106 75 33 31 81 140 73 35 28 70 133 75 34 272 0.04 8 
59 270 466 96 59 79 173 93 47 57 80 140 107 38 38 85 158 106 59 41 86 154 103 53 44 112 176 111 55 39 81 138 80 42 56 102 152 85 55 54 102 159 91 50 45 91 166 100 50 50 108 159 89 40 46 91 156 84 41 51 87 155 86 51 192 0.06 12 
60 150 451 160 37 78 131 82 43 46 72 136 93 35 49 87 123 54 36 43 83 143 90 49 38 64 154 76 32 44 79 127 111 44 39 79 112 67 50 36 64 112 73 45 42 74 146 61 35 32 67 143 106 41 34 69 115 100 38 45 80 164 77 34 240 0.03 6 
61 486 237 98 52 94 164 112 51 46 100 156 114 49 42 84 193 107 47 44 81 187 87 52 50 90 172 101 45 41 79 157 115 42 49 95 182 96 49 42 119 141 90 44 56 87 156 100 43 57 98 163 92 40 60 100 146 87 57 53 105 178 77 51 196 0.08 16 
62 476 353 228 47 83 99 57 32 35 98 111 97 36 41 70 152 72 50 42 70 134 76 37 27 70 101 83 33 36 91 110 83 47 38 58 113 73 42 33 57 152 73 42 33 96 115 55 37 40 75 125 72 33 55 80 124 66 35 42 79 116 89 41 304 0.08 16 
63 239 497 96 29 44 94 38 21 19 38 71 45 23 22 57 98 43 25 24 46 91 42 19 27 46 95 44 26 29 54 75 43 22 23 45 95 59 24 23 41 86 53 21 22 43 90 49 18 28 50 89 52 23 21 47 98 53 24 25 46 72 42 23 144 0.05 10 
64 234 362 140 39 58 117 78 35 28 68 155 58 40 37 63 119 76 37 29 60 137 53 32 30 60 128 74 28 39 54 108 53 37 31 63 135 59 29 34 88 117 66 39 37 67 126 72 37 38 61 116 83 43 40 79 103 67 35 40 56 117 74 35 210 0.08 16 
65 279 35 159 28 59 97 63 21 31 41 84 47 38 24 55 107 47 27 34 59 77 48 26 24 41 100 42 23 28 48 117 56 20 18 66 78 43 39 20 45 64 60 18 22 56 73 53 25 27 49 91 39 22 26 69 82 66 20 27 69 85 45 33 212 0.08 16 
66 276 19 36 4 10 10 28 6 6 24 44 23 10 14 26 61 9 6 9 15 33 0 10 15 33 34 18 11 10 30 39 26 8 14 36 32 30 11 9 11 9 15 0 16 12 29 6 19 11 28 43 10 13 5 1 42 25 12 10 5 26 17 5 54 0.07 14 
67 48 303 89 35 92 162 75 40 40 80 153 87 39 53 96 132 81 40 56 95 124 80 40 39 82 157 91 41 50 107 166 100 51 46 88 141 86 45 41 67 173 77 36 46 63 109 64 53 42 101 102 95 52 38 110 129 92 47 51 103 142 89 40 178 0.06 12 
68 485 22 50 9 8 44 19 12 11 22 26 15 12 10 26 51 16 6 11 19 33 20 15 7 19 35 25 14 8 11 28 35 10 9 17 37 18 12 9 37 45 33 9 13 18 50 32 17 25 21 47 27 9 13 30 63 26 9 15 27 27 21 18 75 0.09 18 
69 77 206 60 16 28 48 28 12 17 27 60 30 14 16 34 51 26 16 14 23 54 33 12 17 28 62 31 15 10 29 42 27 14 13 38 45 30 13 17 25 41 31 17 13 34 65 35 13 13 29 47 27 13 13 22 46 30 18 14 22 43 34 13 90 0.03 6 
70 493 304 120 26 57 54 34 19 29 49 76 38 19 13 44 85 61 19 28 32 76 39 19 26 38 105 43 20 28 38 57 51 24 22 43 65 42 26 12 29 76 46 17 12 36 33 21 13 19 24 57 42 28 15 40 81 46 26 21 42 55 49 15 160 0.02 4 
71 69 293 222 45 68 92 62 29 36 54 114 60 35 43 73 129 70 41 30 72 133 73 38 39 59 139 74 44 35 88 151 83 39 43 77 120 83 40 37 73 124 76 44 34 77 98 57 39 32 77 142 72 43 39 83 154 74 45 46 54 132 78 36 296 0.05 10 
72 161 420 162 31 46 104 39 17 31 31 88 53 14 24 65 71 53 22 28 49 94 29 34 38 47 64 58 20 30 62 84 65 28 30 70 76 41 18 28 65 66 40 25 24 48 99 41 21 26 69 65 59 22 29 76 103 62 17 24 50 63 68 14 216 0.03 6 
73 499 483 93 37 94 155 97 47 47 120 138 86 55 47 94 142 79 45 43 83 166 94 46 42 70 171 96 40 40 86 149 95 43 48 97 156 85 42 50 88 176 81 38 49 78 156 107 35 46 102 142 77 55 53 88 149 103 48 41 92 156 94 40 186 0.03 6 
74 229 347 18 8 2 30 15 15 8 20 50 13 0 7 22 13 14 2 14 17 48 26 8 7 17 28 11 8 14 7 20 19 11 13 18 41 26 10 11 23 33 8 5 5 12 26 15 3 10 26 15 21 13 9 10 3 10 6 12 13 21 29 2 36 0.09 18 
75 201 120 166 51 85 180 109 47 34 72 137 90 33 25 91 110 96 43 38 87 163 94 37 40 65 180 61 33 34 108 136 97 43 43 91 112 100 51 39 85 144 80 51 40 82 148 88 36 32 108 190 80 48 44 71 116 84 36 52 77 117 89 39 249 0.05 10 
76 421 274 26 8 15 10 14 10 7 8 20 14 5 8 16 24 11 4 5 9 37 19 6 4 13 15 8 10 6 8 22 13 5 9 6 27 11 5 7 15 24 13 4 3 10 34 11 10 6 19 16 11 7 7 5 25 7 8 6 12 22 13 5 39 0.04 8 
77 338 392 117 20 26 58 46 9 19 43 63 47 13 13 38 92 32 18 20 29 65 37 20 13 27 64 39 15 20 33 57 33 13 22 54 109 37 18 24 44 63 34 28 20 35 63 39 23 16 37 90 38 20 22 19 95 29 16 24 36 61 43 19 156 0.06 12 
78 225 290 267 51 87 159 98 40 46 89 177 87 38 39 80 158 91 36 51 105 150 75 44 49 96 156 87 44 40 88 181 94 40 45 99 143 78 45 40 100 132 83 44 40 80 126 95 51 42 84 140 81 52 35 87 132 89 50 42 77 132 102 42 356 0.04 8 
79 303 390 74 20 40 67 38 18 18 37 53 43 17 21 32 69 29 21 12 37 65 43 22 17 40 68 32 18 25 42 56 25 18 18 36 62 35 21 19 35 72 30 19 21 30 82 42 16 17 39 52 39 18 22 37 76 32 20 20 32 81 31 19 111 0.06 12 
80 1 139 74 36 103 118 65 36 33 72 110 80 33 47 64 156 71 42 38 77 116 67 35 40 88 117 56 31 40 82 117 71 34 34 70 105 76 30 30 74 151 81 37 40 79 114 75 35 29 71 115 66 43 33 67 107 69 36 35 83 139 66 49 148 0.09 18 
81 263 251 136 30 57 145 62 26 30 67 126 58 29 26 66 100 69 35 41 69 102 77 34 36 55 129 61 35 28 65 124 68 34 30 68 121 70 32 26 71 122 56 28 41 65 126 64 37 34 64 122 76 34 32 84 110 60 27 40 80 101 66 38 204 0.09 18 
82 152 492 124 34 50 64 58 27 35 49 81 55 28 27 63 108 73 42 47 68 149 80 24 34 57 112 54 30 24 66 71 61 20 23 61 120 45 42 37 54 95 56 36 31 67 136 40 32 22 63 100 62 26 26 78 105 60 27 32 57 97 54 34 186 0.09 18 
83 455 204 186 41 73 160 87 44 49 93 151 103 45 49 106 173 115 42 42 88 172 82 48 56 79 172 94 41 47 86 140 95 39 39 104 142 80 41 56 94 156 83 38 44 82 159 84 41 46 88 178 90 50 44 108 184 100 45 41 83 174 84 38 279 0.09 18 
84 35 450 62 25 65 121 61 35 35 63 122 57 28 31 56 90 52 33 33 67 106 61 32 30 66 97 65 24 28 50 120 63 40 37 53 111 57 26 27 65 93 65 27 26 49 99 49 35 35 76 92 56 28 28 65 95 57 34 25 51 129 71 26 124 0.08 16 
85 440 333 78 43 87 121 88 34 42 75 109 81 46 37 83 121 97 43 43 70 147 68 30 37 84 150 93 38 36 87 114 66 41 37 90 114 84 38 33 85 152 69 31 37 65 119 83 39 37 87 149 65 42 37 90 154 97 37 31 83 116 76 34 156 0.03 6 
86 207 289 50 9 16 41 28 12 11 25 38 25 13 12 21 35 29 10 14 24 44 13 15 14 22 35 22 17 10 22 48 26 12 13 18 43 24 10 12 18 40 24 13 12 28 43 19 11 13 23 47 30 13 9 24 46 21 11 13 27 45 20 10 75 0.08 16 
87 202 342 198 38 96 128 76 39 21 79 117 63 32 36 51 77 56 38 28 77 88 66 40 34 53 117 76 31 26 77 89 50 30 31 53 107 60 34 33 68 110 63 32 38 87 118 63 36 37 62 144 55 46 33 52 111 57 40 30 68 108 57 26 264 0.08 16 
88 246 385 276 39 87 152 97 47 42 109 143 102 57 44 93 132 72 43 61 90 147 81 44 38 84 175 103 51 51 102 152 96 53 48 72 156 93 49 55 90 129 88 54 38 110 171 81 50 38 72 156 97 38 43 82 172 72 37 49 71 163 99 48 368 0.09 18 
89 243 276 168 32 62 111 82 46 43 82 166 81 36 40 86 125 89 36 40 93 130 67 40 45 94 132 65 38 53 72 136 90 53 42 72 133 78 36 47 69 163 105 51 44 84 159 71 48 30 94 155 99 42 40 85 162 78 43 38 74 157 87 46 252 0.09 18 
90 111 409 78 11 23 47 16 15 15 22 45 22 14 14 30 46 24 16 8 24 45 22 10 18 29 48 23 14 12 24 57 25 11 15 25 46 20 9 14 23 44 30 12 15 18 38 22 17 12 28 40 29 15 10 29 39 38 11 9 22 46 24 13 104 0.09 18 
91 26 376 45 31 41 95 44 17 23 36 67 49 26 18 45 44 31 31 25 43 96 51 28 28 30 70 41 26 21 46 57 67 16 22 51 65 40 22 17 43 78 61 13 29 41 89 31 26 15 72 59 44 26 26 58 75 49 21 26 39 78 76 28 90 0.04 8 
92 266 38 28 7 16 14 9 9 6 17 20 17 9 5 9 30 17 4 5 20 18 21 8 7 14 19 9 9 9 16 21 11 6 5 8 9 16 6 6 17 14 17 6 7 10 29 10 5 7 21 18 17 5 7 14 32 12 5 9 20 24 12 6 42 0.08 16 
93 347 161 71 36 82 132 62 37 33 57 118 68 27 35 61 102 86 37 33 63 132 60 29 37 81 133 66 43 35 65 115 80 40 30 68 127 91 33 37 79 127 82 30 32 54 103 71 27 40 66 104 61 34 40 81 126 77 31 39 77 97 70 32 142 0.06 12 
94 50 105 76 39 83 108 67 39 45 81 108 76 35 41 71 139 76 30 40 92 119 85 43 36 64 134 61 43 45 79 137 72 41 46 87 117 83 31 32 68 121 62 34 41 87 108 74 42 34 66 136 76 46 32 80 138 73 33 34 63 145 83 42 152 0.03 6 
95 387 273 30 15 30 44 25 12 16 29 56 21 14 11 27 42 25 16 16 36 54 38 18 14 30 43 31 15 12 31 47 28 16 13 28 53 36 16 12 29 42 23 10 12 22 47 25 16 15 36 43 30 12 13 35 43 27 12 15 32 55 29 19 60 0.08 16 
96 64 416 82 19 42 70 38 18 18 30 95 47 19 23 45 83 37 18 21 45 71 39 19 16 34 79 37 25 20 41 63 38 20 23 45 71 35 25 17 42 64 42 23 15 41 58 45 20 19 32 58 43 20 18 38 59 33 23 20 38 69 38 23 123 0.02 4 
97 260 320 106 26 43 80 58 23 27 71 113 62 28 26 58 73 57 32 23 66 114 53 21 23 60 74 72 30 26 62 82 49 24 22 56 89 49 24 30 51 82 42 23 28 49 74 51 28 24 62 67 58 22 28 48 107 54 21 21 45 86 40 24 159 0.07 14 
98 474 138 200 55 113 164 78 47 45 92 178 108 54 52 114 161 86 42 58 116 143 86 54 54 93 207 101 61 50 104 169 91 41 53 82 156 106 39 63 82 187 95 47 39 78 158 115 39 52 93 193 94 39 58 111 157 116 44 42 108 192 111 56 300 0.04 8 
99 240 114 54 8 16 31 21 11 13 10 23 20 8 11 22 9 15 9 10 7 16 23 7 2 18 38 12 7 12 18 36 18 7 10 6 38 16 9 7 21 22 34 11 12 25 62 17 8 10 18 38 13 9 8 10 25 12 12 6 16 45 21 10 72 0.08 16 
100 267 406 27 15 32 36 24 12 15 25 45 24 12 13 35 37 28 12 12 23 59 23 15 13 28 39 28 11 15 25 51 31 11 14 30 55 28 11 14 28 50 24 11 15 23 35 28 13 12 30 45 30 13 17 32 43 28 17 13 24 44 25 12 54 0.07 14 
101 445 115 62 22 56 123 59 33 28 53 106 52 29 35 62 107 65 32 33 50 74 63 35 36 69 110 82 31 28 51 82 70 43 27 58 108 53 29 29 57 106 66 29 32 42 117 63 29 27 72 82 61 28 29 56 96 66 28 30 49 83 65 29 124 0.08 16 
102 442 34 54 12 27 48 30 11 15 34 54 32 10 11 24 54 29 13 14 31 34 31 13 18 24 37 31 14 13 24 43 27 14 11 35 53 23 8 12 23 56 29 10 16 22 56 31 11 9 27 44 28 13 14 27 50 24 16 13 24 49 28 15 81 0.02 4 
103 88 346 164 44 70 128 65 39 34 85 154 73 44 45 78 138 75 48 44 78 125 90 41 35 65 141 66 38 47 80 116 95 43 43 67 158 82 41 38 80 140 81 41 41 66 126 74 36 37 66 135 85 47 36 92 138 81 42 42 68 140 70 38 246 0.06 12 
104 244 84 25 14 27 43 30 12 10 19 36 24 11 13 28 40 31 11 10 28 46 19 15 10 28 49 26 13 14 15 46 25 14 13 16 48 22 13 13 18 43 22 15 15 26 45 30 13 16 28 42 24 12 12 26 41 23 13 10 21 45 22 12 50 0.08 16 
105 159 325 60 25 61 68 63 32 33 60 99 50 33 30 57 112 71 32 37 48 104 59 25 26 65 122 43 26 24 60 98 70 39 40 64 100 52 33 30 70 90 51 30 30 61 96 65 35 27 57 107 63 23 29 52 115 56 30 28 72 86 64 25 120 0.05 10 
106 101 25 135 22 45 64 43 26 21 60 62 37 24 18 45 71 46 24 21 54 97 31 20 21 34 72 41 26 29 40 47 41 27 17 51 89 34 26 22 38 80 45 19 22 46 92 56 22 20 38 47 53 24 21 51 73 45 16 22 57 59 41 19 180 0.07 14 
107 486 122 60 10 30 24 21 8 12 19 33 19 11 8 18 42 23 13 13 11 34 22 3 13 21 46 14 15 15 19 15 22 10 9 19 22 15 6 10 23 36 12 8 8 23 39 16 11 8 16 20 14 8 12 15 27 18 8 6 26 34 25 10 80 0.05 10 
108 360 294 62 25 72 102 76 38 34 66 83 60 25 25 60 116 54 31 25 68 124 54 33 25 60 103 68 25 32 62 90 73 30 24 78 132 70 25 26 72 105 50 35 24 56 109 65 31 33 54 102 54 33 33 70 111 62 30 32 70 112 57 31 124 0.07 14 
109 171 3 282 35 80 151 79 48 35 110 191 93 43 52 103 154 95 56 52 100 176 93 43 56 84 157 70 48 55 103 172 113 67 45 95 163 99 41 47 81 194 92 38 39 89 186 108 51 53 107 134 96 54 50 68 136 102 46 50 97 190 117 46 376 0.04 8 
110 408 175 123 18 35 63 51 18 17 56 67 47 28 19 37 88 48 17 23 49 66 44 20 14 41 65 38 25 19 34 65 39 26 15 32 71 17 26 16 35 42 36 12 14 49 86 38 16 24 49 60 61 32 20 46 91 44 23 17 37 54 50 18 164 0.08 16 
111 299 235 108 19 35 41 29 20 7 46 63 26 20 26 22 67 33 15 28 25 56 30 12 20 33 47 32 18 19 42 84 37 18 18 31 42 35 6 32 36 54 36 16 23 51 102 37 11 26 46 57 22 1 13 38 64 35 17 19 33 78 52 10 144 0.09 18 
112 476 9 66 16 32 51 38 19 15 30 65 36 14 16 34 55 28 16 19 34 48 31 17 17 28 53 34 19 15 34 64 38 17 13 37 47 30 15 17 37 57 39 18 19 28 63 30 15 17 43 53 38 18 15 28 60 34 16 13 36 60 33 15 99 0.04 8 
113 463 210 32 10 22 17 22 4 7 10 22 15 5 5 14 24 16 4 9 18 36 11 6 6 11 20 23 7 10 14 34 13 13 11 13 24 16 7 7 10 20 19 10 6 20 30 13 8 9 16 21 18 10 5 10 20 15 4 9 18 24 17 9 48 0.09 18 
114 372 59 114 26 59 98 52 37 22 50 115 52 23 30 48 95 49 25 33 48 109 52 42 26 41 73 54 17 27 51 97 56 28 24 49 107 60 31 24 73 106 50 29 22 59 133 46 25 29 56 117 62 30 27 46 132 49 25 30 58 96 61 33 171 0.08 16 
115 125 452 98 49 77 194 120 53 41 86 194 117 54 50 86 155 107 59 54 101 145 96 39 43 103 151 92 39 49 87 182 121 44 43 83 160 83 54 56 98 171 78 56 38 89 180 113 47 54 95 140 84 39 59 90 140 105 51 46 122 191 115 51 196 0.06 12 
116 290 342 57 7 18 25 8 20 1 17 30 17 7 6 18 44 27 8 7 19 16 22 6 8 19 33 14 12 10 21 14 28 7 6 19 33 15 9 7 21 33 9 12 10 14 26 11 13 13 14 30 16 10 6 14 32 11 7 8 23 44 17 7 76 0.03 6 
117 480 229 66 13 39 44 14 17 8 25 42 16 12 4 20 50 21 13 10 29 23 17 14 7 17 30 28 21 10 30 33 19 12 9 25 36 27 12 8 15 46 23 11 12 22 33 12 8 11 17 30 18 14 11 26 35 24 7 10 29 39 16 8 88 0.05 10 
118 35 227 94 24 38 89 38 27 22 40 78 50 25 19 47 66 49 22 23 48 84 53 22 26 51 86 53 25 19 52 68 45 23 25 51 98 46 21 20 42 88 49 25 20 51 80 59 19 18 41 69 40 25 19 57 72 39 21 23 42 77 44 29 141 0.09 18 
119 92 32 77 37 84 135 86 42 32 66 118 69 33 31 86 143 60 41 38 71 111 66 39 32 85 130 77 35 33 76 128 90 45 37 87 132 87 43 40 90 133 64 40 36 76 149 80 42 33 79 140 85 38 31 68 158 85 45 37 71 116 84 44 154 0.08 16 
120 217 79 252 35 78 159 90 39 43 88 141 99 47 45 86 132 69 33 33 82 160 107 40 48 79 134 96 35 42 89 162 84 33 45 76 161 105 36 43 94 156 83 35 30 85 111 92 37 42 79 126 88 33 35 76 150 105 43 41 85 151 87 53 336 0.08 16 
121 240 23 20 5 11 19 9 0 0 5 4 15 4 6 9 0 14 2 0 8 16 15 8 6 7 20 10 2 3 2 54 1 6 1 7 11 3 7 9 10 24 12 8 0 20 17 7 0 0 13 19 9 5 2 10 24 7 4 5 19 39 12 11 30 0.08 16 
122 138 160 87 41 101 129 76 37 41 82 145 101 46 43 70 125 100 44 36 86 124 100 37 43 85 160 99 44 37 72 156 95 44 43 72 149 72 45 47 71 152 93 53 35 79 181 94 51 46 78 167 87 37 42 76 145 87 45 37 105 128 83 48 174 0.03 6 
123 196 164 17 5 18 31 20 0 3 29 25 11 6 6 19 46 23 6 11 17 22 12 5 7 24 45 17 10 12 15 18 18 11 11 28 47 11 11 11 24 36 23 9 8 21 35 37 10 3 12 38 8 8 9 22 23 15 4 8 15 23 18 16 34 0.09 18 
124 348 125 88 17 32 80 40 18 20 31 76 44 18 29 45 87 32 28 15 42 57 25 18 26 57 81 44 24 27 56 52 43 23 28 67 56 54 16 20 54 85 48 19 21 42 78 40 16 23 28 54 37 22 20 35 81 48 23 17 23 58 48 19 132 0.03 6 
125 46 159 108 25 50 122 53 13 29 55 85 61 23 22 49 90 61 35 21 60 101 33 28 27 37 98 65 23 21 36 98 57 26 25 46 95 59 31 34 38 84 72 29 32 54 123 51 23 21 61 96 55 20 28 56 81 53 25 26 52 110 40 25 162 0.07 14 
126 59 103 178 47 107 179 81 34 43 103 150 84 57 43 96 176 105 48 44 106 139 78 39 36 86 128 75 48 45 66 132 106 36 47 80 168 91 50 45 74 146 72 48 56 78 168 92 35 40 78 137 105 40 45 77 156 95 33 48 74 189 104 30 267 0.02 4 
127 110 201 158 37 63 134 76 39 36 78 155 71 44 40 70 140 89 47 47 75 113 92 35 44 91 131 79 40 47 67 154 72 46 47 82 143 89 35 46 76 136 69 45 37 65 154 76 39 44 86 108 91 32 40 96 138 56 42 40 77 145 76 40 237 0.06 12 
128 61 50 62 32 55 99 71 37 27 65 103 66 34 24 67 94 71 31 28 71 94 51 24 32 53 126 52 30 28 74 94 55 35 33 62 123 62 34 35 50 111 52 27 27 55 93 52 35 32 60 90 55 25 28 73 114 56 26 33 66 95 66 26 124 0.07 14 
129 109 112 42 15 40 74 39 17 21 27 81 33 17 24 28 31 45 20 19 22 68 59 16 19 66 64 43 19 20 58 92 30 24 22 54 87 63 20 18 25 60 38 17 10 41 51 70 19 19 31 95 33 22 26 70 100 37 11 13 31 84 26 17 84 0.05 10 
130 153 179 222 43 79 95 71 32 36 67 122 84 41 35 84 149 78 34 44 88 122 73 35 41 75 160 100 49 33 71 127 93 40 38 80 123 67 39 44 74 108 78 36 46 84 110 67 47 40 69 104 48 34 31 73 116 64 36 33 82 133 83 42 296 0.06 12 
131 485 136 198 52 99 179 132 49 56 72 172 96 51 51 103 161 105 48 44 86 166 71 42 52 91 168 111 52 43 92 181 89 38 49 93 137 80 45 39 107 142 83 42 52 76 133 100 56 45 107 155 111 45 59 84 184 126 55 45 85 168 110 50 297 0.03 6 
132 62 369 88 40 106 134 93 48 32 82 181 68 43 38 91 131 98 40 38 61 153 79 40 44 86 158 92 51 53 98 194 100 35 49 75 153 62 35 44 82 180 85 49 39 88 176 74 55 52 69 131 89 46 47 82 137 72 49 28 72 150 91 57 176 0.03 6 
133 340 423 44 29 28 77 40 20 18 39 83 35 17 21 37 68 34 24 31 52 68 51 22 25 37 78 31 17 25 66 76 47 28 16 47 68 59 27 22 40 37 43 15 23 39 74 55 18 26 55 83 48 22 26 34 77 47 17 26 48 89 41 21 88 0.02 4 
134 116 388 98 31 36 86 44 29 18 65 74 64 26 20 52 96 50 18 24 48 78 54 25 18 67 72 48 20 16 44 84 51 31 22 46 70 63 24 26 45 53 38 20 31 26 83 61 20 19 42 76 34 32 23 52 102 42 26 33 64 78 33 22 147 0.02 4 
135 327 465 34 8 13 28 32 7 19 9 8 27 4 14 27 18 18 12 13 17 78 21 11 0 21 28 18 5 6 19 9 16 10 10 22 6 3 7 12 39 13 11 2 14 11 7 0 6 8 29 53 18 11 16 9 40 13 1 7 9 30 9 6 51 0.03 6 
136 52 173 159 30 56 82 55 21 28 61 90 67 31 25 59 92 53 15 25 54 81 54 23 25 59 73 55 21 24 50 87 38 21 28 65 91 49 27 25 53 88 47 29 25 57 100 61 23 25 64 89 48 24 26 47 115 46 17 26 58 95 41 19 212 0.05 10 
137 456 76 70 11 41 78 30 13 15 46 71 41 20 24 38 74 47 19 16 26 87 43 19 14 24 44 45 13 24 39 52 33 15 17 28 55 29 17 13 34 44 38 15 21 31 48 45 20 20 24 49 42 22 16 38 58 35 15 14 31 54 30 16 105 0.07 14 
138 495 473 74 20 45 38 35 9 20 39 85 22 13 7 25 63 32 17 21 41 57 54 15 13 35 44 37 15 27 43 70 26 28 24 30 73 22 20 20 43 52 37 19 14 30 60 42 23 28 41 52 30 24 17 47 93 42 14 17 44 41 33 24 111 0.05 10 
139 118 357 73 26 61 120 79 37 32 73 113 72 29 36 70 152 64 38 39 85 95 77 34 32 63 109 65 30 30 70 122 86 43 34 75 102 89 35 39 90 128 66 32 30 80 143 79 35 43 69 178 68 38 40 69 102 89 37 33 86 134 50 26 146 0.05 10 
140 154 126 96 58 83 160 90 51 44 90 174 100 45 50 95 178 98 48 44 96 194 114 46 45 89 121 81 38 48 88 161 91 50 41 101 134 83 47 44 92 179 105 50 47 86 131 95 51 40 108 170 84 51 47 78 182 106 46 45 88 161 91 46 192 0.07 14 
141 443 226 68 19 22 32 30 13 22 24 48 43 16 22 16 50 37 14 12 45 62 27 18 15 43 44 35 19 12 24 65 26 24 14 38 3 38 13 28 48 64 28 6 12 37 50 33 16 34 30 23 48 13 8 54 57 35 19 26 25 92 42 16 102 0.07 14 
142 381 300 114 15 51 69 40 17 18 38 86 37 16 22 41 54 43 17 20 34 65 36 17 16 34 54 32 23 19 39 56 46 21 19 31 54 48 20 16 29 59 34 19 18 33 69 36 19 16 32 54 33 15 15 37 51 51 20 20 36 77 36 15 152 0.05 10 
143 138 499 243 38 78 137 103 33 36 105 118 103 36 50 88 126 84 46 55 63 131 94 44 49 90 167 90 34 39 86 98 71 39 48 68 125 69 37 36 101 111 72 27 46 100 141 91 44 33 83 135 82 53 44 110 102 88 44 34 87 91 85 46 324 0.07 14 
144 236 52 69 11 29 53 14 9 16 31 52 20 10 9 14 36 24 12 12 23 31 24 7 9 13 51 29 11 13 17 40 27 9 10 18 39 24 13 7 24 39 16 11 9 15 49 23 10 7 24 37 28 10 12 28 26 25 12 6 21 17 24 15 92 0.09 18 
145 260 288 249 36 69 132 65 33 30 93 123 80 34 51 69 135 73 40 36 110 138 96 31 40 95 182 72 33 43 87 169 91 34 41 90 138 93 47 32 97 171 88 46 40 111 145 90 57 49 89 172 98 41 44 100 89 64 33 54 76 105 64 41 332 0.06 12 
146 425 159 180 36 85 146 65 50 52 101 167 108 35 46 71 112 103 47 39 68 150 69 33 46 71 164 90 48 45 71 165 95 47 54 105 185 91 50 50 83 154 105 40 40 81 147 85 43 46 78 181 69 49 33 90 125 67 44 40 114 143 81 42 270 0.09 18 
147 411 331 15 7 14 16 16 5 4 11 22 13 8 5 13 28 13 9 3 15 20 14 6 7 21 23 18 6 10 19 22 20 5 7 18 25 16 7 8 13 24 16 5 8 14 20 15 10 9 16 26 15 7 7 18 29 15 6 6 15 22 15 7 30 0.07 14 
148 321 446 138 23 41 47 55 19 26 53 56 39 26 13 48 80 58 27 24 45 70 36 25 21 40 103 39 15 15 44 38 45 20 17 38 63 44 16 15 43 73 57 24 16 48 86 22 17 21 35 79 48 29 21 59 60 48 32 21 48 94 55 25 184 0.06 12 
149 292 312 188 57 100 156 97 51 47 74 133 105 48 51 61 152 86 49 41 91 179 101 41 59 97 187 97 40 46 83 151 81 40 45 102 181 104 37 40 94 189 109 58 52 94 175 77 41 45 107 170 71 39 42 88 183 78 37 43 82 145 92 57 282 0.03 6 
150 152 339 20 3 21 40 4 8 5 16 44 10 11 4 6 24 19 3 3 16 55 3 10 8 29 56 7 8 7 16 53 13 6 6 22 65 18 9 7 22 34 16 9 10 14 12 12 4 13 15 41 23 6 13 14 27 27 8 5 43 30 17 4 40 0.05 10 
151 416 380 150 41 71 110 78 30 37 60 142 68 43 41 69 150 79 41 44 66 138 68 33 31 83 126 86 47 41 82 109 85 38 34 73 110 65 39 35 83 116 81 49 40 79 136 68 33 36 76 139 70 30 33 73 135 77 41 45 65 140 94 29 225 0.03 6 
152 237 240 64 32 51 112 47 28 28 49 106 64 24 24 64 105 46 22 36 54 121 66 27 33 52 111 71 37 27 63 109 78 28 21 53 122 47 38 26 69 119 58 35 33 68 151 58 28 31 58 106 55 28 34 59 114 80 34 31 58 132 75 38 128 0.08 16 
153 96 482 62 35 50 106 63 31 33 53 114 69 23 25 65 99 59 22 28 75 76 64 32 26 66 87 61 27 27 60 109 70 33 29 66 97 69 28 21 59 112 48 23 35 70 91 61 35 38 48 90 62 26 27 53 98 75 28 34 64 86 74 27 124 0.05 10 
154 191 284 162 41 97 140 69 36 46 81 146 77 36 34 78 143 86 44 41 80 178 79 33 39 86 115 63 45 40 91 117 80 41 32 69 133 79 48 33 80 117 76 35 47 70 118 89 40 37 63 165 89 31 37 83 161 82 39 33 81 155 77 39 243 0.02 4 
155 375 408 50 32 37 88 43 21 25 46 87 45 23 22 43 97 36 22 18 66 97 52 24 22 43 86 48 19 19 44 51 48 25 16 44 84 45 27 26 58 92 39 24 21 67 82 33 24 30 52 68 52 22 30 27 75 45 18 25 51 79 49 16 100 0.08 16 
156 100 285 76 43 70 141 65 39 36 94 143 78 32 46 75 103 84 32 34 62 142 88 33 44 83 151 71 33 38 62 153 60 41 34 80 126 65 36 38 57 130 81 32 48 78 158 72 40 30 76 107 75 38 31 91 124 76 41 41 68 136 90 36 152 0.03 6 
157 181 143 243 42 66 163 97 37 40 76 145 74 51 33 76 147 66 34 41 71 132 88 47 42 91 152 102 42 35 71 158 94 37 35 85 125 77 46 45 83 130 82 33 53 83 153 89 35 48 87 163 71 41 43 95 122 101 46 34 91 107 74 53 324 0.05 10 
158 144 201 85 38 92 164 97 40 41 71 140 70 44 49 70 155 68 46 47 89 112 82 49 46 71 137 79 42 44 79 145 82 41 44 93 124 76 44 48 73 129 67 42 54 94 130 80 40 46 97 160 94 48 37 97 168 72 34 40 85 155 76 51 170 0.09 18 
159 414 429 96 21 47 87 40 26 19 59 76 39 35 27 71 100 60 25 19 48 92 35 15 22 43 68 28 21 31 46 75 47 27 22 58 84 40 13 34 36 91 47 24 27 49 62 65 31 16 44 89 36 32 16 43 76 36 29 20 47 76 38 26 144 0.03 6 
160 292 121 27 23 22 34 20 9 14 32 39 24 11 16 31 27 40 17 12 31 26 26 16 12 31 61 15 13 19 18 55 19 11 14 18 51 28 14 12 34 56 29 8 9 26 52 25 13 13 33 53 25 17 14 23 52 12 8 16 37 81 15 9 54 0.03 6 
161 411 93 12 0 22 33 6 3 5 22 30 3 5 5 0 37 3 7 1 5 24 15 2 5 14 16 5 13 4 6 22 14 4 7 14 10 21 0 6 3 15 3 9 0 19 0 13 5 2 0 14 0 5 5 15 33 20 3 2 17 10 20 10 24 0.06 12 
162 327 474 186 27 73 116 50 29 25 66 102 50 35 31 64 92 48 35 29 55 102 56 29 30 66 85 69 31 26 54 90 53 34 29 53 114 61 32 38 64 103 74 25 27 70 109 57 30 33 58 88 75 37 35 69 91 56 26 30 66 105 55 31 248 0.09 18 
163 498 401 189 38 69 97 71 39 34 71 117 50 28 29 68 85 60 41 36 57 111 59 33 26 48 110 70 26 37 67 103 73 33 27 54 111 52 31 30 82 124 52 38 30 68 128 74 27 27 74 102 58 32 25 59 97 69 35 36 67 127 66 36 252 0.02 4 
164 231 394 30 10 42 27 18 15 14 29 33 62 22 16 32 45 53 9 19 27 55 28 18 17 25 56 31 14 10 18 59 21 9 15 23 46 20 8 22 36 37 21 20 19 32 70 18 14 16 21 43 21 18 6 2 70 53 22 15 11 49 20 13 60 0.04 8 
165 156 434 11 6 8 23 9 7 5 8 11 13 5 5 11 23 11 4 5 11 17 12 6 5 10 14 9 4 6 8 20 10 5 7 10 23 9 6 3 9 21 7 4 5 10 16 14 3 4 10 16 10 3 6 8 15 17 4 5 12 14 8 5 22 0.05 10 
166 433 328 140 33 64 130 86 29 40 68 123 61 44 35 60 109 60 39 35 72 121 71 43 29 58 101 65 32 30 78 147 83 33 34 53 113 76 30 32 58 111 75 35 29 71 118 68 39 36 71 145 58 33 28 78 135 58 41 32 85 110 72 36 210 0.03 6 
167 483 108 93 21 38 39 25 15 13 19 50 42 11 19 43 37 28 22 10 24 26 26 18 9 39 65 44 9 8 27 62 44 13 15 25 32 25 18 11 35 46 31 10 23 26 36 27 4 9 25 81 38 13 17 32 70 36 14 14 26 74 19 12 124 0.06 12 
168 24 372 126 23 40 78 44 17 20 46 73 45 18 20 44 72 34 25 17 43 74 34 17 23 41 79 43 24 20 33 60 42 23 18 36 78 48 16 23 34 69 44 17 19 48 60 37 20 19 47 61 38 26 17 48 65 38 17 17 47 78 45 26 168 0.05 10 
169 345 498 178 49 86 178 74 44 50 70 131 67 49 43 94 142 73 54 35 88 164 98 42 41 104 118 81 53 36 92 164 84 42 48 90 177 75 54 57 120 172 94 55 45 79 134 89 47 41 81 131 74 45 35 85 187 84 43 52 101 182 93 46 267 0.08 16 
170 457 168 47 21 39 88 41 23 24 36 73 52 22 26 55 75 46 21 26 36 72 41 24 27 46 78 46 27 23 36 88 48 21 19 54 86 46 27 25 40 69 56 19 22 50 81 41 23 27 58 96 59 25 27 42 80 54 29 17 45 96 45 24 94 0.07 14 
171 148 31 60 14 41 57 36 12 16 23 42 16 14 17 23 39 20 11 11 34 53 34 13 13 32 55 28 18 9 26 38 23 9 11 36 38 17 9 11 26 70 32 17 20 32 48 19 7 15 22 48 41 11 8 20 33 35 16 12 18 58 25 19 90 0.05 10 
172 441 214 58 14 26 42 29 13 12 30 62 25 15 15 28 53 23 12 12 29 54 29 14 14 27 49 31 13 13 32 41 33 12 15 30 55 26 11 15 32 43 24 12 11 28 46 25 16 12 25 46 31 12 14 24 47 26 17 17 24 51 26 12 87 0.06 12 
173 10 496 138 35 62 136 61 31 37 73 113 72 44 28 70 96 78 30 34 62 122 82 44 34 58 137 71 31 32 81 113 72 31 33 68 103 75 31 37 66 121 78 33 32 74 112 67 43 37 54 107 63 31 39 54 123 64 31 33 58 96 70 36 207 0.09 18 
174 388 427 50 14 24 29 3 12 12 13 50 35 14 7 31 43 28 17 10 18 34 42 17 8 27 19 30 15 12 36 45 36 14 12 5 45 16 17 15 17 20 21 17 10 28 30 27 8 8 19 47 8 10 10 31 67 15 15 10 18 26 19 12 75 0.04 8 
175 0 255 64 30 57 93 59 29 36 69 112 65 26 34 51 114 63 32 33 57 112 64 31 27 81 115 74 26 38 53 112 56 26 27 63 109 63 37 34 63 116 72 25 30 51 136 63 27 26 67 125 82 27 33 61 96 65 27 39 56 106 67 30 128 0.04 8 
176 72 290 42 15 49 86 39 19 23 39 81 41 18 19 34 79 48 16 21 36 57 54 16 19 46 61 37 17 21 22 76 33 19 19 45 89 53 22 21 42 71 54 24 18 44 66 38 20 23 32 74 35 22 18 42 53 45 18 24 54 46 44 26 84 0.09 18 
177 59 406 56 31 39 94 57 32 25 46 70 34 25 37 53 92 49 21 34 60 60 39 22 23 63 99 61 25 31 50 128 77 30 20 67 87 54 25 21 44 138 58 27 19 66 121 63 29 30 60 87 58 22 27 71 103 69 29 21 54 128 54 35 112 0.08 16 
178 408 92 28 10 23 27 21 10 13 19 48 26 14 13 27 54 22 14 18 29 69 25 14 19 27 38 32 12 20 21 57 35 15 10 29 39 28 10 10 18 69 26 7 14 17 32 34 17 14 32 38 19 13 14 30 65 24 9 13 35 49 24 10 56 0.03 6 
179 302 403 153 26 34 84 56 14 28 30 66 39 30 26 52 115 46 25 21 48 89 46 21 30 57 97 74 31 23 62 89 32 23 32 51 127 28 18 19 79 64 43 31 26 45 85 54 21 23 50 87 56 26 16 37 92 46 36 20 46 91 47 24 204 0.09 18 
180 377 137 91 46 77 138 81 39 44 106 126 75 47 46 75 148 92 49 53 107 161 89 52 41 84 153 86 43 37 85 155 80 45 48 89 179 103 39 45 83 127 86 47 40 90 141 79 52 43 92 131 87 39 39 90 166 91 38 47 89 132 100 38 182 0.07 14 
181 297 190 165 34 63 88 38 28 36 53 67 47 39 26 59 88 78 22 21 47 71 58 35 31 45 98 47 22 34 48 80 70 25 23 79 107 61 32 24 59 104 58 26 24 41 98 56 28 32 55 87 77 38 35 70 81 38 35 28 55 106 54 22 220 0.06 12 
182 133 282 87 30 104 127 103 50 35 103 138 103 34 37 106 133 103 47 41 69 142 101 41 42 94 137 74 54 42 103 145 87 42 38 73 159 76 50 29 94 147 70 52 45 93 154 101 56 42 81 139 101 40 40 87 172 106 48 36 104 161 86 43 174 0.08 16 
183 322 338 134 30 70 124 52 34 36 55 124 57 28 36 66 97 75 35 30 75 112 63 37 38 71 118 64 41 28 57 111 70 30 27 76 109 76 30 29 65 93 67 33 30 58 107 83 29 27 66 109 75 34 29 78 133 75 34 32 66 97 78 37 201 0.04 8 
184 428 104 174 36 81 142 102 39 35 99 150 105 40 36 87 127 79 47 50 98 145 76 46 47 85 138 98 44 49 82 163 99 42 57 75 131 77 54 36 72 127 103 50 37 77 164 101 37 51 75 136 79 34 39 82 195 92 42 41 79 142 76 31 261 0.09 18 
185 389 11 42 15 49 80 35 23 21 49 71 51 15 19 48 72 29 14 21 41 59 36 18 23 22 72 39 26 17 43 52 33 18 22 38 46 41 18 15 37 91 39 22 21 35 70 47 23 26 30 70 30 16 18 51 68 43 25 27 40 71 42 24 84 0.08 16 
186 116 212 72 42 56 106 77 32 22 72 138 65 36 38 86 126 69 38 39 68 105 58 42 34 52 110 70 34 26 88 104 67 34 31 82 106 74 31 49 76 108 79 32 31 108 143 72 37 39 65 135 64 44 31 78 120 67 38 30 76 172 97 34 144 0.08 16 
187 51 363 243 39 70 119 85 52 38 78 169 67 45 43 110 128 70 41 36 88 149 79 51 46 88 131 95 40 48 69 143 76 35 38 93 111 74 47 48 92 130 79 37 41 91 125 71 36 41 99 140 64 34 44 72 128 76 43 31 83 138 72 43 324 0.04 8 
188 76 466 180 39 71 98 71 33 27 49 99 58 28 25 58 104 59 24 28 79 94 63 32 37 58 75 56 21 25 51 119 91 25 30 38 95 54 31 31 55 93 42 30 28 70 106 57 37 26 39 86 53 23 24 45 107 56 27 28 57 89 68 33 240 0.07 14 
189 185 326 91 46 73 151 94 44 58 96 163 95 54 39 97 127 79 33 49 105 130 76 35 47 88 134 109 45 53 70 153 103 53 36 111 154 72 44 40 88 136 77 45 41 95 165 99 35 55 103 155 101 40 40 87 175 108 45 48 107 140 75 51 182 0.08 16 
190 431 254 69 40 73 106 71 38 36 76 104 75 33 38 65 134 74 31 40 84 129 56 33 33 79 101 58 41 39 73 108 64 31 40 72 115 61 42 35 77 126 69 32 42 77 110 60 30 35 70 102 71 34 37 82 125 58 35 39 70 107 76 40 138 0.05 10 
191 490 359 38 21 44 59 26 25 16 36 99 32 16 15 31 69 36 20 17 43 60 42 18 23 42 54 39 16 21 36 66 50 15 21 33 68 38 13 20 51 54 40 11 23 46 48 35 18 21 49 52 44 22 21 48 58 40 14 16 45 59 33 21 76 0.09 18 
192 297 361 23 8 5 11 21 8 5 12 48 23 21 10 22 10 14 8 23 36 21 32 5 20 12 66 14 6 15 17 43 21 0 22 28 16 40 5 5 13 52 27 10 8 9 48 17 14 4 42 25 53 13 9 33 37 24 10 14 15 53 11 12 46 0.03 6 
193 288 21 200 56 86 199 108 54 50 101 180 118 49 40 107 166 115 55 49 80 188 104 52 57 94 188 96 52 58 93 157 95 55 43 106 146 88 40 46 86 200 111 47 39 99 174 102 56 57 114 146 90 47 49 78 178 104 54 55 92 172 98 59 300 0.02 4 
194 283 236 140 33 55 109 57 39 32 87 102 63 33 40 68 117 75 30 41 58 123 90 32 41 53 122 80 36 26 92 122 76 38 35 59 153 55 32 30 81 135 79 30 32 82 123 66 29 38 74 90 59 33 34 90 110 86 26 33 74 89 76 36 210 0.07 14 
195 465 182 144 29 79 113 84 31 33 65 133 54 28 35 59 109 68 36 30 83 113 70 36 40 59 137 71 33 32 59 127 76 30 35 64 124 63 36 36 59 128 77 33 31 57 125 69 37 31 84 116 58 30 36 60 128 63 38 30 67 131 64 31 216 0.05 10 
196 190 358 56 14 27 52 24 13 14 21 52 28 11 14 22 43 22 16 12 25 41 29 15 12 23 41 23 12 18 27 52 32 15 13 23 41 27 12 12 28 49 33 11 13 23 57 24 14 11 26 43 37 12 12 25 55 29 10 15 29 50 23 14 84 0.08 16 
197 161 400 120 24 58 105 65 37 33 60 120 53 25 27 70 96 61 34 29 44 91 65 23 30 64 118 84 27 40 61 118 59 19 22 72 81 71 33 19 85 77 62 23 32 54 125 55 26 29 47 96 79 39 34 50 116 52 33 27 51 88 68 38 180 0.02 4 
198 153 440 140 29 78 118 75 40 30 71 102 86 34 35 72 123 81 37 32 76 102 79 32 32 63 120 77 43 37 75 120 82 34 38 64 111 62 31 38 75 125 69 33 31 70 122 81 33 33 67 116 69 36 35 78 109 65 35 29 82 103 62 33 210 0.07 14 
199 124 338 40 15 50 112 44 27 11 34 76 43 22 18 45 63 52 25 25 55 68 51 20 24 22 86 31 16 18 52 84 40 18 23 26 52 36 18 19 35 67 30 17 28 28 63 39 22 17 40 72 41 16 23 47 49 44 19 18 35 77 48 16 80 0.07 14 
200 452 23 285 45 108 188 80 58 53 71 169 82 49 53 72 155 79 36 51 99 116 84 33 50 102 179 90 47 55 107 156 90 59 44 83 208 77 43 46 80 159 73 50 50 101 154 101 48 40 97 178 89 41 39 76 170 103 45 48 104 153 124 55 380 0.04 8 
