150 10 12223
0 172 297 25169 18292 18306 18301 18307 18302 18287 18280 18304 18291 18303 0.01
1 155 334 270 34 74 171 109 46 48 91 175 85 40 51 82 150 88 38 33 77 94 88 43 46 80 159 97 46 32 100 143 67 46 50 107 193 71 47 49 74 166 78 41 42 69 193 83 48 35 77 140 83 48 39 73 166 69 42 58 79 148 63 33 360 0.04 8 
2 423 268 116 25 47 95 59 28 25 54 105 62 29 28 63 85 58 28 31 65 95 58 34 27 61 101 71 31 33 65 110 55 29 30 71 80 53 30 29 63 89 48 32 35 54 78 65 28 28 45 92 64 27 25 60 116 55 23 25 64 78 52 33 174 0.05 10 
3 390 216 27 9 22 40 30 17 13 34 14 31 15 14 21 22 60 4 16 33 50 36 6 3 27 40 8 13 7 30 38 29 9 13 15 36 7 13 25 23 19 38 11 12 12 84 42 5 19 24 52 39 7 16 47 54 18 13 16 34 36 8 14 54 0.05 10 
4 50 127 84 42 99 162 84 42 45 91 161 83 38 41 90 160 89 48 33 79 149 75 36 48 79 148 77 44 45 84 125 71 39 48 83 118 77 44 34 85 140 84 35 37 85 120 78 46 38 97 135 87 40 45 73 118 68 33 42 97 131 67 46 168 0.07 14 
5 164 379 49 19 45 80 46 23 23 51 97 44 22 22 48 89 42 27 18 55 64 37 27 22 50 79 54 27 24 55 92 48 31 20 45 67 53 26 19 45 68 54 19 16 52 78 51 26 29 42 92 51 23 19 40 94 58 28 28 36 89 58 23 98 0.02 4 
6 119 384 156 22 63 86 49 22 27 55 102 56 27 22 40 101 48 27 21 60 97 39 24 31 49 98 51 24 31 43 66 47 24 23 48 96 40 23 22 48 91 51 27 27 56 78 48 26 24 57 89 64 25 27 55 82 59 27 30 61 79 59 27 208 0.08 16 
7 271 295 51 5 24 45 17 0 15 43 53 5 23 8 9 49 9 6 19 0 44 8 1 2 18 43 23 7 10 39 32 11 10 3 31 22 0 2 14 11 26 12 10 15 39 73 40 9 6 13 32 22 6 2 7 18 15 9 5 31 46 32 10 68 0.08 16 
8 167 106 168 34 96 128 91 38 48 72 130 84 41 53 98 144 118 40 51 79 145 46 55 45 96 164 120 48 37 101 160 81 29 36 73 114 69 39 36 68 149 101 34 37 75 159 86 46 36 72 159 69 41 41 110 157 86 48 44 84 108 62 37 252 0.04 8 
9 421 22 129 24 54 71 42 21 23 46 71 49 22 20 34 63 34 20 20 35 73 39 17 26 43 71 42 20 20 46 84 35 20 17 35 79 44 18 18 48 93 41 18 21 39 78 42 20 19 53 70 40 16 19 38 75 46 20 21 40 72 43 25 172 0.03 6 
10 151 370 96 15 32 26 30 16 8 25 43 32 8 12 23 43 30 9 16 29 99 27 25 11 21 39 32 16 11 29 29 43 20 28 46 60 35 16 16 56 56 15 12 21 22 20 50 13 17 35 60 26 10 11 23 65 35 15 10 30 45 36 6 128 0.06 12 
11 461 281 76 12 36 58 49 14 15 38 53 29 22 10 35 69 39 21 21 52 67 41 20 11 43 59 39 19 25 46 84 36 23 15 30 53 39 12 21 42 49 36 25 18 47 35 41 17 11 26 58 35 10 17 47 71 28 12 12 49 81 31 21 114 0.02 4 
12 185 296 174 28 69 89 53 35 33 63 83 48 28 25 56 90 68 33 34 46 102 64 33 35 53 80 54 32 34 54 113 52 26 28 45 97 64 33 25 64 114 67 27 34 57 95 56 26 30 51 105 64 24 24 72 99 60 31 23 54 97 63 26 232 0.07 14 
13 112 401 48 8 22 31 20 15 13 22 39 22 11 11 20 42 25 14 10 23 38 20 10 11 24 36 23 13 11 22 47 27 12 12 22 36 22 12 13 16 40 26 12 8 19 32 16 10 11 31 40 26 13 12 24 32 21 12 13 27 44 23 14 72 0.06 12 
14 187 234 48 9 10 20 11 7 5 9 18 17 8 7 14 31 17 9 9 16 34 18 7 12 17 26 16 7 9 18 21 11 8 7 15 18 17 5 11 14 26 12 11 10 16 31 16 6 8 14 19 22 7 9 17 22 13 8 7 14 22 15 8 64 0.02 4 
15 207 9 118 28 57 79 59 23 32 57 118 62 22 20 63 113 53 32 22 91 112 67 39 29 49 111 48 26 24 70 91 64 22 27 48 107 61 31 23 52 108 63 38 31 56 95 72 35 35 61 86 50 36 38 59 113 77 29 31 67 96 77 26 177 0.04 8 
16 151 253 26 7 7 18 7 8 5 12 36 15 5 4 9 18 10 7 5 8 22 8 7 6 10 15 17 4 2 11 29 9 6 6 14 16 7 5 6 16 26 14 6 6 7 26 16 3 10 14 21 6 4 7 14 14 17 6 8 13 22 14 7 39 0.09 18 
17 132 416 225 36 67 138 58 40 38 73 113 82 30 42 86 124 73 44 33 70 112 75 34 32 85 145 84 32 38 82 111 87 40 35 60 130 71 35 30 72 120 69 34 29 79 112 62 42 38 89 120 65 33 41 70 106 60 31 44 70 136 82 38 300 0.09 18 
18 474 239 31 19 30 65 22 15 13 25 68 32 11 18 41 51 41 17 16 21 38 36 9 14 27 42 15 12 23 18 44 22 11 18 33 67 18 11 14 36 44 26 16 13 19 30 34 18 11 31 59 42 14 17 34 52 26 21 13 33 62 27 11 62 0.08 16 
19 228 18 27 8 26 35 25 9 9 27 56 28 16 13 20 46 43 12 14 21 50 20 12 10 20 64 28 13 8 32 48 20 12 12 38 36 17 12 17 22 57 22 11 12 26 46 26 9 17 28 58 25 13 14 29 56 17 14 8 24 42 38 14 54 0.08 16 
20 437 58 95 51 107 142 108 51 46 80 146 107 50 45 98 190 96 45 57 100 156 115 39 46 109 163 102 39 54 120 134 100 43 43 90 143 90 58 46 87 173 69 38 41 102 192 89 48 54 102 187 109 45 53 90 134 83 42 41 97 153 102 55 190 0.03 6 
21 428 64 28 4 7 31 10 9 5 15 11 0 9 3 17 33 5 5 6 12 5 7 6 6 13 16 18 1 9 23 9 21 7 6 6 20 5 7 4 14 0 14 8 5 18 0 17 7 12 24 9 15 14 8 10 16 9 14 9 18 44 11 0 42 0.08 16 
22 109 482 44 3 51 47 22 9 14 40 49 23 12 17 19 43 31 17 15 26 31 9 1 7 19 23 46 21 14 12 23 18 12 3 21 59 41 6 9 24 17 14 17 8 25 46 38 10 8 36 53 25 17 4 8 66 23 8 10 22 10 33 12 66 0.09 18 
23 68 82 180 30 55 115 72 25 37 68 99 48 27 27 61 94 64 26 26 64 80 62 24 23 48 121 62 34 24 57 88 67 28 28 73 90 60 29 32 66 109 52 24 22 57 95 55 26 36 47 79 51 33 31 68 117 76 22 29 67 99 44 23 240 0.09 18 
24 15 97 48 4 42 52 15 13 10 15 75 4 19 5 27 78 13 12 12 25 49 13 15 8 32 23 14 20 12 24 26 29 13 7 22 25 14 16 17 11 35 35 6 6 0 38 37 5 16 25 29 38 10 1 30 3 6 7 11 33 37 25 10 72 0.04 8 
25 391 99 184 42 96 214 83 60 39 61 152 96 41 43 101 123 108 37 42 85 172 71 45 48 92 131 111 54 42 67 131 93 42 40 84 162 97 46 44 88 171 109 42 37 100 166 101 51 43 91 156 105 57 42 87 161 98 37 54 123 111 85 32 276 0.02 4 
26 388 117 276 37 119 134 105 52 44 121 164 109 36 41 91 194 81 46 48 81 153 101 46 53 66 151 86 41 56 91 176 88 40 40 117 165 108 42 51 103 131 80 53 44 72 157 75 41 52 102 183 93 46 47 113 176 106 41 52 82 125 96 38 368 0.09 18 
27 25 199 26 12 26 51 28 15 14 28 56 22 7 13 25 43 30 11 12 22 47 18 13 8 27 38 22 11 14 26 57 31 16 10 26 55 28 10 11 25 35 24 14 10 33 44 21 11 9 32 31 29 19 15 20 50 32 11 9 20 43 27 15 52 0.02 4 
28 339 447 291 44 72 133 96 54 40 117 186 98 39 43 106 172 114 41 61 78 200 88 49 49 76 180 112 52 40 102 185 74 42 50 85 165 96 55 44 98 198 112 43 38 75 132 123 45 40 95 149 89 42 50 88 182 97 43 48 81 144 111 45 388 0.07 14 
29 284 109 74 16 48 75 38 22 8 25 63 41 20 18 23 50 47 17 17 38 42 27 11 8 32 45 45 14 15 28 67 18 14 33 32 93 46 21 12 23 88 47 15 9 25 52 39 15 21 56 73 38 21 22 16 39 41 16 21 39 23 17 19 111 0.04 8 
30 131 36 87 10 24 43 21 11 16 28 43 31 24 15 26 49 24 18 13 25 54 28 11 11 24 43 27 13 8 32 55 35 19 20 43 39 41 22 15 44 30 26 10 15 34 34 29 12 10 22 56 32 12 18 31 32 33 21 22 34 60 36 19 116 0.02 4 
31 311 277 132 25 76 103 75 38 34 72 111 76 31 30 56 135 64 37 42 60 99 72 35 34 56 109 55 33 38 58 108 82 37 44 52 107 57 33 28 78 97 76 24 33 60 98 52 34 33 46 109 93 43 46 70 130 77 26 36 75 98 55 23 198 0.03 6 
32 85 228 174 35 53 73 67 32 31 38 79 72 21 27 56 103 45 23 36 78 116 56 29 30 56 106 67 24 22 61 113 49 29 28 76 101 57 35 30 75 101 47 41 28 56 85 49 28 26 60 92 71 31 25 72 111 51 31 26 51 102 79 33 232 0.02 4 
33 171 349 219 35 58 129 69 29 24 68 81 65 37 40 78 123 61 53 34 69 121 89 25 32 68 145 66 41 41 59 112 79 27 36 89 111 91 41 33 81 177 74 33 31 77 144 79 41 39 69 126 87 34 41 70 129 73 32 31 59 102 63 35 292 0.07 14 
34 121 71 45 3 23 16 12 11 4 18 30 17 12 4 14 38 17 7 8 19 37 10 3 0 33 10 7 3 4 18 46 9 3 5 10 40 13 4 9 21 39 8 7 8 23 26 20 9 2 17 26 28 12 6 31 20 23 4 6 11 12 19 13 60 0.03 6 
35 497 283 75 15 21 85 50 14 12 8 38 13 11 6 26 49 4 17 3 33 30 19 16 25 26 96 18 8 8 42 25 32 5 0 25 43 31 11 11 33 50 19 12 22 38 82 27 13 5 41 24 35 9 10 19 23 29 10 20 33 45 18 10 100 0.03 6 
36 43 216 135 21 45 72 55 21 18 53 70 41 32 21 34 67 36 22 29 42 111 30 16 20 42 66 56 23 15 39 68 30 38 25 26 79 20 27 19 45 70 44 26 21 45 61 40 24 14 49 67 40 10 13 35 69 39 19 25 40 87 57 26 180 0.02 4 
37 73 5 37 17 37 54 34 19 13 29 62 42 20 18 40 61 38 20 22 46 66 45 21 16 32 66 39 19 22 40 50 32 21 16 28 54 29 23 18 30 60 30 17 15 49 56 42 20 18 38 68 40 20 16 45 61 49 20 19 36 57 35 19 74 0.06 12 
38 388 194 294 47 78 154 77 56 48 106 188 83 61 54 94 172 102 42 53 85 197 90 49 51 86 157 96 45 51 103 189 92 49 39 81 161 106 43 56 123 194 106 59 62 87 143 90 47 53 94 178 96 45 44 83 146 87 57 40 89 190 99 56 392 0.03 6 
39 188 342 180 42 62 211 108 38 44 84 174 102 46 52 82 133 77 49 51 60 131 68 48 34 68 177 108 36 52 108 150 107 49 52 108 136 67 46 41 64 118 83 54 48 101 146 87 45 33 108 138 103 41 42 105 147 70 50 60 109 159 80 52 270 0.05 10 
40 135 156 135 19 40 67 53 21 19 30 96 39 22 17 44 84 49 17 24 44 88 36 17 20 51 67 44 17 24 29 52 45 20 23 54 65 34 23 18 34 82 48 23 23 36 85 40 22 26 47 74 43 16 21 63 79 40 24 22 49 86 41 19 180 0.09 18 
41 142 163 18 6 14 27 16 7 7 18 52 15 8 10 18 27 11 6 8 12 47 21 4 11 16 33 5 7 9 20 26 18 15 9 23 31 23 8 11 20 42 16 6 9 13 26 30 8 7 19 27 17 8 8 11 20 13 7 10 26 43 13 6 36 0.05 10 
42 430 464 108 23 48 99 62 22 23 55 98 48 22 18 51 88 53 40 29 49 97 77 28 27 53 81 56 20 25 62 82 56 21 26 54 98 57 31 23 45 96 67 31 26 43 100 61 17 21 61 76 61 23 25 53 95 68 28 31 39 90 52 31 162 0.04 8 
43 62 111 198 47 110 171 97 56 40 94 167 94 54 47 80 178 114 49 51 80 166 82 52 51 91 175 81 59 60 101 199 84 59 47 115 178 77 57 54 117 187 98 53 42 93 180 120 51 56 101 163 107 50 56 97 198 112 46 50 86 143 100 38 297 0.07 14 
44 174 85 76 37 79 104 64 34 31 67 134 75 37 46 86 121 73 39 43 74 151 61 40 37 78 118 65 33 41 81 123 86 40 42 65 112 78 47 30 60 143 57 42 35 81 110 75 45 41 67 118 86 30 32 68 126 60 50 34 83 135 81 42 152 0.08 16 
45 190 53 50 28 46 88 50 25 22 49 77 48 28 29 56 79 39 25 21 53 91 59 27 23 44 103 43 27 19 58 77 39 21 20 46 81 46 27 27 40 75 52 18 20 47 83 53 21 26 51 94 55 27 28 44 90 53 21 30 52 82 48 26 100 0.06 12 
46 167 4 186 32 50 83 66 30 37 56 115 78 21 28 70 93 55 37 27 55 117 49 33 26 52 108 69 30 27 72 110 54 23 29 68 90 59 37 34 54 92 63 27 24 52 90 71 28 32 61 91 73 25 31 51 116 65 27 32 64 93 63 40 248 0.03 6 
47 204 466 100 48 86 166 84 57 55 79 151 82 51 46 116 200 84 47 42 103 138 85 53 43 80 195 79 50 53 109 128 95 53 53 110 177 101 54 46 96 189 113 57 50 87 173 98 46 59 85 180 91 54 44 107 174 121 57 38 91 159 81 46 200 0.05 10 
48 394 385 45 27 50 82 32 19 17 53 63 51 21 23 44 65 69 16 21 44 73 43 22 18 46 72 36 24 22 53 65 46 18 31 71 62 40 20 25 34 74 42 22 18 42 71 21 21 26 53 91 53 20 24 44 85 37 22 19 48 53 41 21 90 0.07 14 
49 407 371 76 19 28 59 51 13 17 40 46 34 11 16 57 56 40 18 17 41 87 35 14 19 29 57 39 22 19 48 59 34 17 14 43 53 34 15 21 31 75 44 18 26 36 47 46 23 23 41 83 31 22 23 34 84 48 18 21 32 57 49 14 114 0.07 14 
50 28 154 29 19 30 42 20 18 14 27 65 31 12 9 34 46 21 13 17 32 42 33 16 13 38 61 31 10 8 36 46 32 22 16 32 41 27 11 11 21 43 22 14 15 38 61 25 14 11 28 54 25 17 14 33 38 24 20 11 26 53 31 16 58 0.07 14 
51 234 314 132 25 43 90 45 21 21 56 75 47 14 25 40 64 38 15 18 46 63 36 24 23 41 79 38 21 20 42 78 40 22 20 47 61 37 22 21 44 56 42 26 16 33 72 40 17 22 39 66 53 23 21 39 64 59 24 30 39 84 52 20 176 0.06 12 
52 374 141 204 44 68 130 72 40 35 81 111 68 38 24 78 102 73 21 31 91 172 71 36 30 59 117 88 31 31 61 123 57 44 31 80 98 78 34 22 57 150 63 35 33 69 80 57 28 32 63 100 64 21 30 57 96 57 39 44 64 126 60 35 272 0.07 14 
53 353 353 198 29 74 106 62 32 28 54 134 73 24 33 53 92 70 31 29 68 122 60 37 25 72 102 74 32 33 75 91 60 37 28 67 122 68 33 31 79 112 55 25 39 64 111 57 32 37 78 106 81 33 27 59 110 64 27 27 58 96 67 28 264 0.07 14 
54 309 89 66 11 30 40 30 17 13 23 53 21 11 14 37 52 50 23 14 28 64 28 22 18 21 42 29 18 16 41 42 32 15 20 39 57 33 12 13 41 58 41 17 15 23 40 31 22 16 21 50 34 26 19 25 48 30 14 14 29 47 46 20 99 0.05 10 
55 56 47 98 36 78 149 97 43 43 102 147 87 59 41 91 147 95 44 38 83 182 111 58 58 77 177 115 65 43 100 186 109 53 47 92 208 128 57 43 129 168 90 46 49 88 171 118 53 51 101 181 73 35 51 79 191 107 42 44 125 170 77 47 196 0.07 14 
56 155 140 51 6 4 16 7 8 8 13 30 13 5 6 27 32 23 9 0 19 30 18 8 8 16 17 21 3 9 11 18 10 11 7 18 25 19 7 10 26 35 14 6 8 10 30 16 8 8 15 38 19 10 12 13 13 14 6 8 20 37 7 6 68 0.09 18 
57 280 10 148 27 70 134 78 38 39 61 131 69 42 35 76 123 66 32 38 61 136 62 33 28 101 127 57 38 35 64 132 46 34 52 95 125 63 34 30 86 111 68 43 41 73 138 65 36 37 48 110 68 41 49 100 128 71 32 42 57 114 89 32 222 0.03 6 
58 97 90 34 15 42 57 42 16 16 25 33 34 8 26 37 41 36 22 11 38 44 26 26 16 27 67 29 12 16 44 60 35 14 17 43 53 34 19 15 48 68 26 25 15 42 66 33 18 13 42 52 32 13 25 55 43 43 19 18 25 57 37 16 68 0.09 18 
59 450 430 84 45 79 147 77 43 48 69 159 73 42 34 77 152 79 40 43 103 123 94 40 50 88 117 93 37 37 89 165 69 47 36 70 153 73 36 41 76 146 75 36 35 69 154 93 39 50 75 146 70 47 49 78 160 83 34 33 82 119 75 50 168 0.05 10 
60 183 389 40 15 24 48 18 3 9 17 33 31 6 11 24 30 20 17 12 13 32 14 1 6 23 25 19 13 6 21 17 24 9 2 23 52 22 9 11 22 16 15 15 3 14 35 15 9 8 13 41 15 22 12 11 29 27 5 16 21 32 28 7 60 0.09 18 
61 29 460 135 22 46 75 46 23 21 40 80 47 21 27 45 81 47 21 23 35 84 43 24 23 42 92 35 25 21 50 81 34 25 21 47 85 40 26 20 52 61 48 19 23 40 80 43 24 23 46 64 40 23 17 41 74 42 19 24 39 71 44 24 180 0.04 8 
62 453 129 87 12 34 50 24 18 14 32 59 27 8 9 34 58 33 15 11 26 57 27 14 14 28 63 30 19 15 23 73 28 15 14 29 66 30 12 14 29 48 28 14 14 37 50 28 14 11 24 43 35 14 14 22 49 31 13 12 43 35 24 14 116 0.03 6 
63 443 324 97 49 115 193 81 51 40 93 198 78 54 53 118 191 101 59 48 91 160 80 49 56 80 160 102 57 56 83 157 80 54 43 99 151 90 58 45 84 183 83 48 50 112 175 87 53 40 111 173 91 38 44 99 170 90 45 48 90 144 104 38 194 0.09 18 
64 260 204 19 16 44 45 0 12 13 21 35 14 16 13 0 33 28 14 16 13 9 28 4 5 21 70 20 10 8 14 35 31 15 6 28 21 27 17 7 28 37 12 4 4 34 8 8 8 3 37 4 13 9 0 22 11 11 11 11 33 0 15 4 38 0.06 12 
65 440 50 30 8 24 12 15 6 4 20 24 4 15 6 17 16 18 7 4 15 45 2 8 16 28 37 27 4 7 23 30 30 13 3 29 25 10 1 3 10 21 0 8 7 14 11 24 10 7 26 29 20 5 6 15 18 1 13 0 16 34 1 4 45 0.04 8 
66 238 333 100 42 100 145 108 54 59 87 172 107 53 58 82 202 115 46 42 108 145 104 57 46 104 186 108 49 40 101 167 108 54 47 102 182 120 42 58 103 183 98 54 44 100 201 95 51 44 100 178 105 40 53 110 194 106 57 49 110 170 120 45 200 0.06 12 
67 14 188 124 26 57 102 48 36 34 64 98 38 32 36 51 89 49 32 33 53 93 71 25 33 70 114 52 28 37 52 116 58 21 24 54 100 44 31 35 76 109 57 24 29 46 106 70 21 23 76 115 68 25 35 49 126 50 36 35 63 88 62 23 186 0.05 10 
68 137 405 132 35 85 89 67 27 30 78 127 66 22 28 65 139 73 27 33 57 107 66 38 23 77 115 73 28 30 96 100 75 38 42 51 117 50 33 35 79 82 57 40 27 53 139 64 30 29 79 119 63 29 34 66 108 72 26 33 60 126 91 29 198 0.04 8 
69 113 357 90 30 49 72 32 29 20 43 68 63 24 27 52 68 54 25 28 43 78 40 20 29 54 58 25 32 28 47 96 42 9 20 26 79 42 16 24 47 102 40 24 15 32 93 33 12 24 29 39 74 26 19 44 107 32 15 26 40 129 59 27 135 0.09 18 
70 76 263 86 28 52 45 65 17 25 62 74 34 18 18 58 57 40 14 10 45 101 45 17 23 40 69 30 21 17 33 74 24 15 19 61 57 37 19 22 50 56 38 21 22 33 49 29 14 20 46 78 37 18 21 46 90 31 24 28 37 42 51 11 129 0.03 6 
71 236 440 36 21 0 51 15 13 4 10 8 42 6 10 0 75 33 4 10 14 12 24 13 11 0 27 18 8 8 11 44 42 17 14 25 42 32 8 0 12 37 14 9 10 15 11 26 10 4 18 33 23 12 0 16 27 32 0 19 23 62 23 10 54 0.09 18 
72 156 348 34 11 20 24 19 9 7 21 25 11 8 8 18 18 11 7 8 13 33 13 7 7 14 30 16 8 7 12 21 24 9 8 15 30 19 9 10 22 31 13 7 8 15 33 13 5 7 17 27 16 8 7 12 32 16 8 8 25 44 19 9 51 0.03 6 
73 233 127 200 59 122 158 87 51 59 86 184 84 39 48 110 138 104 47 64 118 158 86 56 45 112 161 110 51 46 87 208 87 40 44 129 156 104 47 51 89 184 91 36 50 117 159 99 40 48 115 201 96 45 56 98 184 112 45 47 82 198 82 64 300 0.08 16 
74 82 259 144 32 65 116 81 40 44 70 121 61 40 30 66 102 69 31 40 67 137 76 39 38 83 110 80 29 32 65 117 56 42 42 70 98 80 36 43 70 106 57 36 38 73 117 63 29 36 70 132 74 33 33 66 108 74 39 31 77 116 73 36 216 0.05 10 
75 487 207 174 42 103 148 71 47 42 73 128 78 44 54 82 148 99 35 41 73 161 72 35 45 86 119 102 37 40 98 126 77 49 37 80 133 96 40 42 88 156 107 48 45 89 145 93 51 42 82 167 98 45 42 99 160 70 46 45 100 161 100 46 261 0.03 6 
76 336 130 120 26 54 124 57 25 32 63 88 66 33 30 52 87 43 25 32 51 116 71 24 30 69 93 73 32 32 80 97 54 37 32 63 102 67 29 38 58 96 73 37 21 57 106 58 20 34 52 101 48 26 27 52 109 40 38 28 46 88 62 32 180 0.06 12 
77 436 119 135 18 39 82 50 21 24 44 67 48 23 22 39 77 41 21 22 49 94 46 21 19 51 76 45 19 22 33 77 43 25 23 48 75 48 21 25 45 81 42 22 18 46 97 39 19 23 36 80 47 27 25 40 76 45 22 18 35 75 40 21 180 0.03 6 
78 97 337 106 32 48 88 63 30 21 62 94 52 29 28 51 79 53 23 29 55 98 48 23 25 59 105 63 30 24 50 67 49 23 22 59 83 53 24 30 43 78 62 20 26 44 78 42 22 25 50 85 60 31 23 41 84 54 32 23 38 82 47 20 159 0.07 14 
79 158 58 27 13 21 40 32 12 9 38 28 21 18 17 27 26 41 18 5 31 40 24 12 17 36 46 21 12 12 29 54 19 16 14 26 50 25 8 14 27 9 14 15 15 12 48 30 14 6 27 64 29 10 8 33 35 17 14 14 36 34 17 12 54 0.04 8 
80 294 217 141 32 52 42 41 28 28 73 78 53 25 23 36 79 39 20 21 50 73 50 26 24 41 93 54 18 18 35 71 44 20 33 58 114 50 26 17 46 60 65 21 29 54 75 38 22 15 33 85 58 16 19 26 48 55 23 39 41 81 45 36 188 0.06 12 
81 338 125 162 45 73 207 80 39 43 66 159 87 48 40 46 122 76 35 35 76 106 75 33 46 69 161 79 43 41 92 124 73 41 48 65 135 89 44 41 74 119 98 44 34 67 123 87 48 48 88 137 74 47 38 75 109 78 37 46 85 142 76 42 243 0.09 18 
82 104 248 152 45 65 108 80 30 41 62 146 80 35 45 81 125 79 36 42 63 119 84 30 38 74 136 66 39 42 85 119 68 41 35 68 149 87 41 29 67 119 79 33 33 84 138 90 39 44 75 142 72 35 33 79 125 79 39 39 82 142 85 41 228 0.03 6 
83 10 84 90 11 43 43 50 12 19 18 30 24 16 20 21 29 29 13 7 54 49 21 16 14 32 34 46 14 24 15 71 46 16 19 27 56 48 11 22 21 84 29 14 13 25 46 33 15 18 42 36 54 20 25 30 55 28 18 15 40 33 29 24 120 0.07 14 
84 388 201 52 8 34 43 23 12 13 28 41 22 7 10 19 42 29 11 12 27 50 24 18 13 16 31 26 18 15 25 30 26 12 12 27 40 18 18 12 32 54 19 9 16 31 44 18 8 12 31 43 28 12 10 26 55 34 10 9 26 60 23 13 78 0.04 8 
85 273 219 249 39 78 120 80 44 33 86 135 108 48 41 93 137 82 36 43 67 145 75 38 45 85 129 106 45 41 63 135 91 42 50 87 179 77 32 44 96 124 95 48 46 80 142 95 39 34 80 151 77 43 32 78 132 76 46 39 72 139 92 37 332 0.03 6 
86 421 75 72 9 20 50 20 16 8 35 45 21 12 9 23 54 24 13 14 20 51 29 10 12 12 24 22 11 13 24 31 28 12 16 21 45 29 12 11 23 46 21 11 12 30 35 25 11 10 23 40 24 11 11 16 37 27 12 9 10 48 24 17 96 0.02 4 
87 79 373 282 46 95 191 85 48 46 91 174 107 58 42 103 171 110 49 59 72 161 87 43 49 100 185 132 55 48 96 197 86 40 46 91 157 108 61 42 81 169 91 63 58 117 161 90 45 45 71 135 93 45 41 99 170 88 46 52 108 171 90 40 376 0.08 16 
88 138 24 80 45 89 140 91 48 34 73 108 86 38 38 89 123 75 33 47 80 150 96 35 40 93 132 86 36 37 69 123 90 36 45 72 128 89 40 33 96 137 65 43 33 74 132 91 46 38 71 149 86 31 41 88 133 88 38 36 62 147 75 36 160 0.07 14 
89 117 263 10 3 15 0 20 4 0 5 0 5 3 0 9 16 7 1 0 9 10 3 0 6 15 38 14 6 0 18 49 0 5 0 2 0 4 3 4 6 14 12 4 10 15 13 1 0 4 15 6 22 4 7 14 11 11 0 0 15 0 0 3 20 0.06 12 
90 224 483 186 54 96 174 72 48 39 77 160 79 45 54 86 167 89 38 50 98 148 93 48 52 95 170 90 49 37 104 139 108 50 40 78 180 100 38 44 87 158 81 56 42 80 176 86 50 52 106 185 82 54 47 95 180 96 54 44 84 168 109 46 279 0.02 4 
91 109 454 88 49 73 148 109 42 51 98 184 95 57 49 78 137 91 42 42 77 145 103 43 39 71 181 81 55 54 81 130 100 48 49 85 147 100 41 36 108 138 81 44 36 89 177 92 41 35 77 147 77 34 45 88 173 69 44 35 86 129 82 38 176 0.08 16 
92 62 311 48 27 61 66 44 23 21 37 85 42 22 18 45 80 43 22 27 47 90 62 22 26 51 67 44 19 27 54 85 52 24 15 50 74 48 23 19 42 71 40 25 21 59 69 51 23 19 42 78 48 21 22 48 85 45 20 26 44 79 37 23 96 0.03 6 
93 187 74 243 39 89 131 70 40 38 83 137 85 44 50 102 150 79 41 35 77 141 79 48 35 79 122 70 35 42 80 139 67 48 44 86 124 93 39 33 69 150 76 45 45 67 133 78 42 43 69 147 84 33 33 80 154 72 41 46 74 152 70 38 324 0.05 10 
94 326 411 70 42 48 111 57 43 40 73 107 65 41 38 53 119 82 35 41 71 156 68 32 33 66 114 72 42 32 61 104 73 38 37 67 164 83 38 40 87 114 65 33 48 75 115 79 27 40 63 113 58 28 28 62 104 61 45 33 72 137 74 24 140 0.02 4 
95 137 65 20 7 13 18 13 10 11 17 30 21 13 8 24 35 21 9 4 18 24 25 3 11 28 42 16 6 12 15 54 14 8 13 27 29 24 11 6 22 38 27 15 11 26 27 20 8 10 21 38 33 11 7 16 42 28 6 9 20 20 11 10 40 0.04 8 
96 98 436 51 22 46 110 44 22 24 51 99 47 30 25 52 88 45 28 29 40 97 51 30 24 46 78 56 20 30 51 68 53 27 26 43 97 48 24 23 43 97 51 27 29 39 76 61 31 24 59 106 61 24 28 46 91 52 22 20 65 70 42 25 102 0.09 18 
97 132 214 294 38 93 149 87 57 43 98 180 92 47 44 108 164 105 50 44 88 160 89 46 47 97 149 81 63 50 116 228 129 42 56 99 190 82 67 55 75 134 111 49 31 76 128 92 45 40 99 148 78 50 63 122 136 100 45 56 102 172 96 45 392 0.02 4 
98 81 463 13 8 10 25 15 1 0 5 37 6 0 6 27 0 19 2 14 14 26 16 5 5 23 26 13 2 6 20 18 11 4 6 7 26 6 10 8 0 17 16 5 15 14 7 26 6 6 16 19 8 6 5 9 17 18 0 9 10 25 11 2 26 0.02 4 
99 151 292 34 13 17 30 34 5 8 11 35 27 16 10 11 29 12 8 8 12 45 18 9 8 18 36 5 2 9 18 45 22 9 2 9 29 21 16 8 4 22 24 7 6 16 26 38 14 6 17 40 6 7 3 19 24 0 11 8 3 37 6 7 51 0.05 10 
100 471 7 165 25 66 101 48 25 29 48 90 67 33 26 65 86 57 34 25 45 91 39 29 29 56 80 76 34 34 61 87 44 30 31 53 107 53 24 26 52 119 65 35 25 40 97 54 26 31 53 73 58 30 27 62 83 57 27 24 45 86 47 24 220 0.05 10 
101 266 328 36 11 7 14 8 8 10 16 53 22 13 6 10 46 6 0 11 37 32 0 8 15 3 11 18 14 7 6 43 11 8 11 20 0 21 7 17 14 2 18 7 13 21 19 17 10 4 26 25 14 8 6 15 38 14 6 0 7 35 15 2 54 0.06 12 
102 180 64 69 18 19 0 28 8 12 28 33 20 13 12 15 36 23 15 11 28 42 27 10 13 18 36 26 6 16 9 24 7 2 20 25 68 14 6 9 22 13 19 18 10 38 39 31 21 12 14 80 30 13 6 26 3 24 12 20 48 32 32 18 92 0.04 8 
103 416 189 129 19 33 58 48 23 25 32 92 40 18 17 47 82 41 21 11 31 69 40 18 17 49 79 35 21 19 42 62 48 21 25 31 79 45 16 23 43 83 56 25 18 31 55 38 17 25 48 76 60 26 15 44 72 52 23 28 51 66 30 26 172 0.03 6 
104 371 308 178 40 103 157 85 49 48 78 138 85 40 48 78 154 83 38 50 82 157 83 37 37 81 166 87 41 42 90 153 77 37 41 71 150 80 51 45 104 146 66 37 52 70 143 76 38 47 74 139 90 46 54 90 165 88 50 50 98 135 87 43 267 0.04 8 
105 135 163 176 41 79 149 93 36 41 87 162 90 42 48 78 170 94 45 38 86 128 84 41 51 84 154 83 49 46 73 137 98 39 50 73 154 82 43 43 96 179 75 43 41 97 141 72 40 47 100 132 101 35 48 95 155 79 45 46 81 130 93 37 264 0.08 16 
106 348 261 73 39 71 133 87 36 37 75 139 78 29 35 68 114 58 34 33 81 119 63 31 29 83 105 70 39 40 68 133 80 32 28 66 106 87 35 40 82 103 61 37 34 64 144 79 42 39 59 112 80 35 41 69 141 80 34 31 65 112 66 36 146 0.07 14 
107 26 438 120 27 52 121 65 26 24 56 103 59 27 38 57 92 65 26 35 53 105 64 34 26 67 91 55 30 35 59 123 62 29 34 67 86 48 33 27 46 91 47 32 32 57 97 63 28 36 51 116 52 29 28 54 103 56 36 29 49 103 53 35 180 0.09 18 
108 174 13 171 24 53 93 44 24 24 58 94 49 28 23 61 83 62 30 25 50 83 63 33 24 56 97 71 30 33 55 87 54 27 31 48 91 51 31 23 66 103 54 18 29 58 91 66 32 30 60 95 47 21 26 63 95 54 20 32 66 110 67 25 228 0.08 16 
109 97 250 51 11 15 37 11 8 16 10 23 16 6 4 15 36 16 13 13 18 57 13 9 11 12 33 12 6 6 23 32 17 9 3 22 38 19 7 8 12 39 19 7 7 19 41 19 7 5 23 28 26 9 8 16 21 19 7 6 10 28 18 9 68 0.08 16 
110 340 402 184 45 78 155 98 54 53 107 180 108 41 48 92 142 75 44 46 96 155 76 48 37 101 167 74 45 38 85 166 82 48 41 75 141 98 51 36 78 131 73 38 40 108 151 72 42 49 98 159 90 37 55 82 145 79 45 47 90 134 83 36 276 0.09 18 
111 462 146 105 16 48 63 26 10 12 24 62 22 26 23 31 95 23 14 17 29 44 42 18 16 36 74 39 22 13 36 55 46 17 19 27 66 47 15 10 35 57 27 13 11 33 77 40 18 22 37 45 35 12 11 32 98 43 19 15 22 49 43 18 140 0.05 10 
112 24 461 198 27 59 124 53 37 31 76 147 57 40 38 74 115 57 29 42 46 100 64 30 25 66 105 89 40 25 67 129 54 34 36 68 133 76 26 36 59 155 66 26 37 63 107 66 47 33 71 133 53 29 35 57 111 67 37 35 74 119 58 23 264 0.08 16 
113 238 453 75 39 66 111 77 30 42 60 110 78 32 32 79 115 60 37 43 83 154 78 45 36 76 125 76 44 37 84 122 79 40 40 93 110 65 39 49 80 145 85 40 42 66 138 86 37 40 66 110 77 32 46 60 112 70 40 33 90 134 67 32 150 0.03 6 
114 269 390 99 55 92 194 118 40 60 114 157 108 62 45 72 192 106 47 54 99 162 90 49 48 114 171 90 49 41 84 178 142 49 58 80 167 100 43 35 87 149 113 42 50 94 145 95 42 59 89 181 127 34 49 92 124 90 53 41 105 157 95 46 198 0.04 8 
115 186 364 60 34 50 92 70 32 23 58 84 66 22 39 53 85 66 25 34 75 101 50 26 30 74 99 67 32 26 43 92 52 23 25 73 93 59 25 31 73 123 59 28 29 45 118 54 37 28 48 120 59 31 26 75 88 55 32 30 61 120 63 25 120 0.07 14 
116 256 456 291 40 106 177 113 41 43 74 150 98 36 39 97 126 80 44 66 79 158 76 48 51 91 129 93 52 46 100 150 113 51 60 89 203 102 39 46 107 143 112 58 42 100 214 99 45 47 117 134 117 48 59 88 131 100 51 51 81 153 82 41 388 0.06 12 
117 194 85 123 23 50 57 42 26 17 32 47 50 13 21 35 54 30 23 8 56 88 33 24 15 53 96 29 22 9 33 63 29 22 25 60 73 41 21 12 45 56 49 22 27 45 58 38 15 22 48 64 28 23 14 38 90 40 20 22 64 50 45 18 164 0.07 14 
118 90 63 62 14 31 56 28 15 16 40 55 22 15 11 21 62 29 11 16 20 50 21 16 15 32 50 30 13 14 32 38 35 15 13 28 56 28 16 18 35 49 34 15 13 27 41 44 18 14 30 43 27 16 17 29 39 20 18 15 31 51 35 17 93 0.04 8 
119 277 185 195 24 77 92 42 37 41 56 104 55 26 24 85 117 57 32 45 61 113 57 26 30 52 121 82 23 36 65 109 68 26 30 71 97 68 29 42 88 95 47 23 28 68 126 85 31 26 78 115 63 32 26 75 90 53 40 29 66 95 48 33 260 0.05 10 
120 183 480 48 22 43 81 54 20 24 59 91 43 26 21 67 95 61 21 27 49 73 44 23 24 51 76 49 23 17 45 80 36 18 25 34 69 54 17 21 44 67 37 22 25 40 94 48 16 23 51 79 38 28 23 45 80 48 26 26 37 82 34 32 96 0.06 12 
121 462 171 84 21 17 45 27 18 21 23 32 15 16 10 32 70 29 12 14 24 53 20 16 12 40 48 27 15 13 31 54 28 8 18 28 49 35 20 15 38 43 20 16 12 32 47 25 17 12 27 47 27 11 18 40 40 30 12 16 34 25 35 13 112 0.04 8 
122 378 425 90 21 44 64 39 22 21 36 79 36 19 22 39 68 50 20 19 40 68 34 18 19 59 65 38 22 19 39 69 51 25 17 42 61 39 16 25 38 82 49 26 20 43 83 35 27 17 36 72 38 17 29 32 60 52 17 20 51 78 54 25 135 0.09 18 
123 119 218 285 48 88 141 113 40 57 98 131 87 47 45 84 151 122 46 48 83 170 103 49 47 92 132 91 59 54 94 149 101 41 57 93 179 94 49 48 82 192 113 49 46 114 169 86 40 49 109 164 87 55 46 118 139 105 61 57 93 164 86 48 380 0.07 14 
124 476 158 258 41 86 159 98 44 36 80 126 89 39 45 99 182 80 48 46 80 147 90 45 43 90 135 76 37 37 85 168 72 47 45 93 157 94 42 38 93 152 99 46 40 74 155 80 31 50 71 129 99 32 44 89 129 70 34 42 95 156 86 48 344 0.05 10 
125 192 239 13 7 15 6 16 6 8 13 14 14 8 5 11 24 14 2 6 12 16 10 6 5 10 25 14 4 5 9 15 11 4 8 3 22 8 9 5 14 21 16 6 5 11 20 7 5 5 14 21 3 7 7 9 21 8 7 2 5 21 5 6 26 0.02 4 
126 37 394 184 51 93 140 100 54 53 92 158 81 54 37 113 149 96 46 46 110 171 95 54 42 84 131 114 50 53 77 135 97 46 48 76 165 67 57 51 81 165 95 42 47 101 163 84 55 45 95 179 84 33 54 99 153 111 51 48 95 194 117 42 276 0.04 8 
127 322 292 83 48 71 146 81 45 46 72 141 86 44 41 87 133 76 37 41 88 118 66 34 37 98 180 75 37 45 65 162 82 39 36 89 176 79 37 44 80 147 89 38 37 73 162 64 43 40 78 117 98 51 41 80 133 97 50 33 75 147 97 35 166 0.08 16 
128 381 224 89 54 79 123 79 45 51 77 144 77 47 48 80 151 86 49 32 101 134 117 60 51 97 125 93 51 35 106 163 80 38 36 101 177 92 41 53 95 156 76 42 46 94 158 81 58 44 122 147 80 35 41 85 138 78 44 34 69 179 99 41 178 0.05 10 
129 88 31 249 39 62 123 85 44 45 76 159 82 47 46 102 136 64 45 32 71 120 98 34 43 83 137 84 46 38 66 136 83 45 40 95 156 100 36 43 67 130 80 41 36 82 148 69 43 45 68 166 72 37 50 78 132 88 36 47 80 156 83 46 332 0.04 8 
130 477 83 297 52 96 156 92 61 61 112 181 100 34 45 83 173 95 45 57 85 177 112 45 53 123 180 107 49 52 81 176 115 40 47 128 168 82 45 52 88 172 120 44 56 91 175 96 39 60 91 162 91 40 40 113 158 94 52 58 101 184 85 42 396 0.05 10 
131 117 13 66 2 41 22 26 10 9 23 15 26 8 20 15 39 8 5 9 20 55 21 11 7 23 34 17 10 8 18 58 50 11 11 23 39 29 9 11 19 28 21 2 0 39 25 10 19 18 2 26 21 1 8 15 33 22 8 14 23 7 39 6 88 0.05 10 
132 188 286 45 6 10 31 20 6 8 19 21 13 5 9 10 32 17 6 6 16 28 24 7 7 17 31 16 6 7 18 29 14 10 5 15 30 16 8 5 13 23 16 5 9 14 19 12 8 7 15 32 16 9 7 10 26 13 7 9 19 16 15 6 60 0.02 4 
133 118 80 88 18 43 84 40 25 28 32 60 52 23 23 40 60 29 33 21 39 93 45 15 29 56 86 35 20 22 43 82 46 34 23 46 50 47 24 23 34 109 40 11 21 34 90 56 11 28 54 87 26 21 16 40 66 36 27 25 41 90 47 17 132 0.03 6 
134 450 105 148 47 68 124 83 35 30 67 132 63 42 41 76 125 77 32 38 87 132 69 36 39 54 108 76 37 29 42 108 55 46 34 68 108 65 40 29 83 158 53 25 38 77 106 66 26 38 73 110 95 43 47 82 124 80 40 37 103 91 69 35 222 0.09 18 
135 47 293 111 15 31 59 32 16 19 32 61 28 16 14 31 54 40 19 17 38 63 45 16 13 41 77 45 17 16 33 60 28 16 19 40 54 37 19 15 42 72 32 15 16 43 68 39 19 15 34 69 47 18 22 33 55 38 17 19 31 60 37 17 148 0.05 10 
136 19 473 53 27 37 77 71 23 28 69 83 62 26 21 58 68 61 24 28 52 84 69 21 24 40 112 72 34 25 42 93 63 25 35 58 86 48 21 21 38 82 53 20 38 52 75 60 30 24 51 76 61 24 29 74 118 47 18 21 57 64 59 27 106 0.03 6 
137 219 334 65 25 62 120 55 28 23 66 119 64 34 30 57 122 80 32 34 63 81 69 30 32 66 122 48 30 36 60 128 75 26 41 84 86 65 46 35 52 95 63 40 34 53 148 83 33 34 58 98 106 34 25 64 88 55 41 31 91 125 58 31 130 0.04 8 
138 138 88 96 17 35 76 40 29 25 46 70 41 30 20 43 93 48 25 26 38 103 50 31 24 54 69 52 19 18 36 86 64 18 29 65 68 47 16 23 50 84 54 38 32 58 107 61 27 18 54 69 41 21 20 60 77 43 23 18 58 95 51 34 144 0.02 4 
139 59 174 13 2 0 19 11 8 6 12 14 12 9 7 13 12 14 6 8 17 21 7 2 9 7 32 18 4 7 5 29 24 0 5 7 5 17 10 9 16 35 11 12 4 6 47 3 2 10 19 31 10 8 7 0 0 19 7 9 16 14 10 1 26 0.02 4 
140 24 73 106 26 42 84 71 21 24 46 86 54 35 21 44 94 37 26 24 40 91 63 26 27 42 92 50 28 26 53 101 45 33 29 47 105 45 32 26 53 98 64 23 33 45 101 44 23 18 69 95 49 28 30 57 94 61 21 22 52 104 60 28 159 0.04 8 
141 305 147 54 26 55 97 63 23 25 52 97 54 29 27 65 86 52 23 27 46 77 63 29 22 42 75 49 26 21 52 101 46 22 33 62 91 46 26 26 64 91 56 24 27 52 106 52 27 29 63 88 48 30 26 57 107 57 24 29 52 97 46 31 108 0.07 14 
142 362 284 26 6 12 16 1 13 8 12 23 19 3 11 21 0 16 10 9 9 37 11 2 7 0 4 20 11 7 19 9 2 14 10 13 23 0 1 0 21 7 11 9 0 7 27 18 8 5 5 28 19 17 1 29 29 6 8 5 24 33 12 0 39 0.05 10 
143 208 342 192 46 100 179 113 50 44 95 179 113 54 56 107 141 95 55 41 78 142 82 50 47 91 168 101 57 56 100 184 85 40 54 102 207 83 53 42 73 192 82 52 53 105 139 89 46 47 103 160 83 55 44 92 183 109 57 38 104 139 92 49 288 0.04 8 
144 198 173 72 15 15 28 34 9 11 30 48 34 10 18 18 74 18 10 7 35 8 29 11 5 23 37 34 14 2 22 54 30 22 11 21 43 20 8 8 26 27 33 19 11 15 57 22 11 9 9 21 21 10 10 17 47 20 4 10 42 38 11 8 96 0.07 14 
145 20 424 177 30 49 102 44 28 34 47 112 57 28 26 72 75 64 31 24 59 94 65 25 31 75 108 60 29 34 47 87 51 28 28 56 87 52 33 23 53 100 57 32 36 68 101 50 24 34 64 95 58 34 27 69 105 60 26 28 48 107 53 28 236 0.02 4 
146 363 104 87 15 22 66 23 13 12 40 58 41 8 20 27 82 49 16 11 46 93 19 25 10 34 48 33 20 14 32 38 23 27 18 43 53 36 29 15 37 40 40 11 15 39 30 21 19 19 22 29 37 16 18 18 55 40 17 20 42 16 57 18 116 0.08 16 
147 100 168 87 47 79 145 96 38 36 97 151 98 36 45 87 161 84 44 41 79 132 98 36 43 95 128 74 35 40 79 129 94 39 42 85 124 77 42 52 99 128 95 42 41 88 135 84 48 48 69 127 84 48 36 95 156 103 45 37 88 149 100 37 174 0.07 14 
148 3 247 222 34 85 128 65 38 43 64 122 72 41 35 78 152 85 42 33 83 127 56 41 48 76 120 86 40 38 56 129 58 39 31 84 127 71 29 38 71 113 75 40 35 83 130 68 34 39 81 106 62 40 38 71 117 72 44 38 80 104 57 32 296 0.09 18 
149 216 459 228 46 55 113 70 35 39 76 136 70 44 38 101 114 79 31 43 109 105 88 37 47 86 109 80 30 41 86 128 86 38 34 71 140 93 45 41 57 130 101 33 37 62 152 61 32 40 50 118 65 28 40 66 146 65 27 37 67 113 88 33 304 0.02 4 
150 308 43 12 5 13 18 14 4 8 15 20 12 5 5 8 22 7 5 6 17 15 8 4 6 9 12 12 5 8 9 11 14 6 5 10 19 11 4 6 11 20 13 6 6 8 19 9 7 4 12 11 7 6 7 10 16 12 5 5 12 18 16 4 24 0.04 8 
