200 10 16575
0 304 338 32180 23616 23590 23582 23594 23579 23596 23597 23604 23586 23614 0.01
1 108 286 20 12 32 19 31 14 9 15 47 17 14 8 34 50 19 8 6 21 23 21 9 9 21 23 19 10 18 7 38 27 9 9 11 34 16 14 8 21 16 26 5 13 19 31 35 5 3 20 54 18 9 8 6 4 26 7 5 16 26 23 7 40 0.02 4 
2 214 367 26 8 15 24 15 10 10 3 27 8 6 7 6 31 10 9 6 27 31 20 5 3 8 11 12 5 3 17 23 19 6 5 24 21 9 4 9 19 21 12 0 8 10 17 11 6 6 13 28 5 8 7 11 25 8 1 10 12 25 0 4 39 0.08 16 
3 188 55 39 3 11 27 14 5 7 15 42 13 1 6 6 29 22 2 10 15 31 22 9 14 19 26 16 6 7 12 21 11 5 8 10 20 13 10 4 14 30 8 4 4 12 25 3 2 12 9 14 15 5 4 15 21 13 10 9 8 25 13 18 52 0.02 4 
4 314 127 122 32 54 122 69 31 30 69 123 78 27 35 73 125 66 32 32 47 96 65 36 29 62 102 58 30 30 64 100 73 28 32 75 111 61 29 29 54 104 54 34 26 58 105 56 38 32 54 98 68 23 28 48 120 77 29 31 61 88 63 27 183 0.06 12 
5 240 449 64 12 33 58 35 14 14 37 50 33 11 11 26 85 34 17 17 34 70 38 12 19 26 56 27 18 15 32 33 27 15 15 25 56 43 15 10 48 54 44 22 12 19 63 37 15 15 27 56 19 11 16 32 47 30 11 11 29 62 45 12 96 0.02 4 
6 279 391 93 16 24 45 39 13 15 32 49 24 12 14 26 54 35 15 17 33 65 34 16 17 31 48 35 19 15 42 63 25 18 14 33 54 36 12 12 28 47 25 15 18 32 49 22 18 12 31 61 24 13 16 33 65 37 15 11 26 58 30 13 124 0.02 4 
7 255 208 68 32 81 132 67 37 36 57 106 59 34 29 65 131 77 38 29 85 107 74 30 39 64 132 57 27 41 62 114 73 38 38 62 135 83 34 31 55 100 95 32 31 76 111 75 32 41 74 89 58 28 28 56 126 60 34 41 80 103 63 36 136 0.08 16 
8 413 376 42 23 46 56 31 23 27 31 45 68 20 16 55 85 25 19 20 29 59 28 16 20 19 65 30 30 18 57 60 53 27 19 35 68 56 16 17 29 81 46 16 18 40 106 33 14 24 51 67 44 21 23 42 54 32 11 23 42 32 43 32 84 0.08 16 
9 343 398 150 29 42 103 52 25 27 54 71 35 17 26 41 75 60 18 22 64 90 67 26 35 68 84 52 23 29 47 78 42 21 22 51 100 56 23 25 48 80 48 22 20 42 102 37 22 29 53 65 34 21 25 50 108 54 27 22 52 75 60 31 200 0.05 10 
10 91 46 39 15 39 61 46 17 23 37 50 33 24 18 42 54 45 21 22 39 73 41 21 15 42 61 34 22 17 36 66 35 21 17 45 69 45 20 20 40 74 45 21 19 32 52 36 19 16 40 58 36 19 24 30 77 40 20 20 39 74 40 19 78 0.06 12 
11 131 148 144 34 55 103 71 34 35 89 117 58 38 29 77 125 86 44 39 80 109 86 30 30 82 136 49 25 35 87 118 67 35 37 68 164 61 45 22 88 107 79 36 45 57 105 54 42 30 55 144 87 36 30 95 67 66 35 38 60 86 81 33 216 0.07 14 
12 229 346 53 25 53 75 48 23 30 49 92 59 23 19 57 93 56 24 28 51 77 55 28 30 58 94 48 23 21 45 107 57 21 25 62 81 43 27 30 61 86 49 22 31 65 83 47 33 28 56 83 44 25 34 54 76 39 23 28 61 91 42 30 106 0.02 4 
13 203 326 182 38 86 149 73 44 59 98 142 77 51 52 81 143 89 38 44 101 147 82 45 40 81 164 91 43 46 97 178 100 45 42 109 130 107 49 50 76 172 106 52 55 75 153 89 48 38 99 126 102 43 50 87 153 84 45 49 76 162 79 47 273 0.05 10 
14 129 406 276 42 98 129 94 52 43 91 163 84 51 57 100 140 119 40 52 77 153 83 41 43 108 172 86 39 41 100 130 105 51 40 79 169 86 50 52 109 172 81 45 52 72 158 114 46 49 104 153 97 46 48 79 147 89 54 43 105 152 85 51 368 0.04 8 
15 285 482 219 38 63 109 90 46 32 78 150 85 38 30 86 163 64 29 47 70 103 86 37 38 80 136 81 43 51 70 135 59 23 49 87 83 96 40 36 80 142 64 42 37 72 116 80 27 47 70 109 86 35 40 61 126 74 44 30 88 103 69 30 292 0.03 6 
16 409 195 20 10 22 46 19 12 9 19 34 22 9 12 19 25 22 9 10 19 49 15 10 11 17 27 21 10 8 21 28 13 8 7 26 36 23 8 8 22 36 26 10 15 23 24 19 9 7 17 25 26 11 11 15 19 20 14 11 15 26 19 9 40 0.05 10 
17 309 450 98 21 51 69 54 19 24 58 72 45 18 22 59 66 40 26 21 55 92 60 26 26 37 76 53 21 27 59 102 49 28 22 51 98 54 26 24 48 62 63 26 17 35 74 53 26 20 46 86 35 23 30 40 76 37 24 22 44 71 41 26 147 0.02 4 
18 375 137 50 27 41 87 37 22 27 48 81 49 28 30 47 98 48 25 20 34 87 58 18 26 57 77 44 27 20 43 70 58 30 28 56 87 51 21 22 51 91 63 25 24 47 93 46 19 29 50 108 46 19 28 55 85 40 21 23 59 64 48 20 100 0.03 6 
19 104 51 32 23 29 39 38 18 17 29 56 36 19 6 27 62 38 9 16 24 59 25 24 13 32 69 26 15 20 25 85 34 8 18 40 49 26 17 17 38 82 34 17 12 39 57 31 6 12 44 28 38 19 17 30 47 19 16 18 23 52 43 13 64 0.02 4 
20 175 250 66 21 29 45 29 12 23 20 62 32 27 11 18 44 19 9 17 46 47 26 16 17 56 63 40 19 12 37 67 43 16 16 38 73 28 25 15 34 40 40 22 13 38 68 38 16 12 30 42 41 15 16 29 68 32 21 13 18 67 24 15 99 0.03 6 
21 378 365 88 21 51 63 42 21 19 52 74 37 22 22 49 62 47 18 18 36 78 46 21 26 50 72 44 19 23 40 90 36 22 20 45 75 50 21 25 50 82 54 24 19 37 82 52 22 21 46 57 48 21 23 34 85 37 21 24 43 61 38 25 132 0.09 18 
22 439 167 243 49 67 122 77 45 32 78 108 77 41 42 79 128 93 36 43 71 133 69 35 41 85 139 69 37 45 84 114 78 39 42 103 125 67 42 42 65 128 63 37 40 94 158 63 49 37 98 139 90 44 44 88 126 67 39 44 85 126 93 42 324 0.04 8 
23 71 410 77 34 86 110 64 33 46 89 114 78 34 36 62 168 72 41 30 85 123 62 39 49 70 99 63 31 46 71 122 91 44 42 60 160 57 39 37 73 121 61 44 36 77 131 94 45 30 65 122 54 49 33 74 117 57 36 30 94 158 62 35 154 0.02 4 
24 349 259 71 35 64 129 62 37 35 62 115 73 37 43 68 126 67 30 44 64 123 61 33 44 57 128 71 42 28 59 106 81 35 38 71 122 60 26 43 67 110 62 41 36 54 131 77 35 40 76 94 83 27 30 59 111 85 35 41 69 110 67 36 142 0.04 8 
25 294 387 158 30 68 118 66 39 47 66 116 61 45 43 67 121 66 28 35 91 143 78 41 29 80 115 83 38 37 62 123 77 34 30 85 137 95 38 43 92 134 84 32 43 65 147 58 40 48 76 149 86 35 39 74 117 94 43 30 76 119 72 43 237 0.07 14 
26 290 431 132 20 39 71 44 19 21 44 70 45 22 20 51 76 49 24 18 37 76 42 28 19 54 81 39 18 20 50 69 45 23 24 46 79 41 18 25 40 67 54 20 20 46 86 38 26 22 37 65 49 18 20 34 74 36 22 18 35 91 38 26 176 0.02 4 
27 178 76 174 27 49 93 74 26 26 56 114 65 36 32 49 100 88 28 21 52 91 66 33 33 43 88 69 29 20 51 103 58 24 29 57 80 66 23 34 56 93 54 31 21 62 128 52 19 38 49 122 59 28 34 41 69 73 34 34 60 79 45 30 232 0.04 8 
28 25 100 58 10 20 42 26 15 16 26 36 24 14 19 29 36 27 20 17 29 53 20 14 18 24 60 27 15 13 30 43 32 11 15 27 42 18 18 13 20 67 28 11 14 24 48 27 16 17 44 41 32 13 14 22 54 19 16 8 28 46 28 17 87 0.05 10 
29 329 134 84 23 44 66 43 24 20 36 68 51 23 19 35 60 38 16 26 37 82 47 19 19 35 76 48 16 20 35 74 39 19 17 39 71 49 17 27 35 61 38 22 21 44 72 33 22 22 48 77 48 21 24 38 89 50 20 21 31 87 47 19 126 0.09 18 
30 121 160 79 44 80 151 72 39 27 81 148 70 35 45 89 134 68 37 38 76 154 92 39 46 88 121 75 36 34 59 111 62 45 39 68 146 81 36 34 96 125 76 37 39 95 148 71 38 38 86 129 99 44 48 67 138 95 31 32 96 152 102 32 158 0.06 12 
31 271 358 270 41 85 136 86 44 45 85 140 78 42 39 93 166 84 43 44 78 158 113 44 37 95 120 97 37 51 101 130 107 42 36 80 146 77 40 47 96 142 85 40 40 83 139 92 49 51 97 142 94 51 41 100 127 95 54 51 86 153 75 37 360 0.03 6 
32 407 234 134 30 86 122 64 38 34 86 110 60 38 42 56 124 83 37 26 71 118 57 28 32 54 94 69 25 32 69 110 61 35 31 71 100 60 37 31 73 93 54 39 30 76 116 72 26 32 46 101 60 35 23 58 98 54 27 27 61 99 61 26 201 0.07 14 
33 87 216 47 16 47 66 43 21 19 42 59 40 28 28 48 69 35 24 22 66 82 49 19 33 45 110 39 28 22 58 73 62 24 18 40 67 46 16 20 46 61 51 34 23 53 88 46 25 32 41 94 50 32 22 38 78 33 21 18 35 60 25 27 94 0.05 10 
34 162 282 82 39 83 120 95 44 42 80 151 66 37 33 92 164 91 35 34 94 137 76 37 51 63 146 80 38 43 78 157 74 47 34 90 141 72 40 44 103 157 82 37 44 84 130 89 41 41 85 135 82 35 42 92 133 75 44 34 82 129 82 38 164 0.09 18 
35 446 30 162 48 82 135 77 44 41 92 126 90 49 43 84 154 83 45 39 68 118 69 39 47 93 178 92 43 40 68 148 76 39 44 79 145 105 47 52 94 133 88 35 42 80 154 69 38 35 73 157 68 36 40 82 116 85 31 38 74 148 82 41 243 0.09 18 
36 337 425 153 20 52 65 47 27 27 54 87 49 24 20 50 92 52 28 27 41 81 46 29 20 51 76 48 26 22 47 104 50 25 26 61 98 46 22 25 53 73 58 26 23 49 98 53 25 24 56 79 53 22 22 62 116 58 25 19 49 95 41 29 204 0.09 18 
37 218 238 90 11 29 59 23 15 19 35 53 29 14 16 26 66 22 14 14 26 39 24 13 11 37 56 32 17 14 25 56 26 16 8 28 54 30 15 17 34 55 32 12 10 30 47 23 13 23 33 66 40 19 15 31 60 24 19 13 19 51 22 12 120 0.06 12 
38 320 26 74 16 41 82 38 16 22 32 68 42 20 14 33 66 34 22 16 39 54 37 17 16 29 49 39 15 22 34 53 38 15 15 34 75 35 18 17 36 58 41 15 17 36 50 44 20 20 33 72 34 16 19 25 51 37 17 24 39 76 34 18 111 0.05 10 
39 491 27 159 36 51 83 45 17 31 32 73 46 25 32 47 112 43 27 33 57 98 45 30 31 52 97 47 27 23 44 97 39 24 25 42 85 55 33 23 71 85 46 23 29 53 88 42 29 37 45 86 58 20 25 63 80 54 21 26 33 69 42 21 212 0.04 8 
40 290 59 84 35 69 131 81 43 43 74 129 95 48 44 99 162 72 33 39 96 172 83 40 46 76 149 94 34 42 71 126 95 44 48 70 126 91 46 48 72 147 71 39 36 80 157 77 34 37 83 159 92 48 44 80 125 88 43 42 83 136 80 40 168 0.04 8 
41 135 348 117 19 44 77 53 25 17 24 86 31 20 13 34 72 32 16 15 38 73 40 22 22 30 66 28 22 18 36 66 33 25 20 38 76 40 16 22 44 55 35 21 19 40 63 23 17 19 29 51 45 21 16 37 60 34 19 17 44 45 33 21 156 0.07 14 
42 315 468 24 11 23 30 22 12 15 29 39 21 16 14 22 29 20 10 14 23 41 23 13 11 28 32 17 11 14 18 44 19 12 11 23 36 30 11 9 28 28 19 12 10 28 43 26 12 11 17 44 19 15 13 30 37 25 9 10 25 48 24 10 48 0.05 10 
43 132 183 92 55 92 146 90 39 50 84 150 106 55 48 100 143 87 44 51 73 153 74 50 42 98 154 85 44 51 81 128 97 53 46 93 170 89 35 41 92 172 77 45 53 110 148 85 43 51 101 145 103 51 41 94 169 79 48 46 101 174 94 47 184 0.04 8 
44 54 119 178 44 86 185 91 32 30 94 131 75 40 45 118 179 101 39 54 105 141 93 48 41 71 182 90 48 49 68 136 90 46 47 79 139 85 33 53 64 154 101 51 44 107 148 96 43 38 105 189 90 45 35 106 128 94 45 38 95 170 97 34 267 0.05 10 
45 251 392 48 25 44 70 56 23 21 49 76 47 22 30 54 90 45 23 23 55 74 46 25 22 50 84 47 18 21 41 93 45 19 21 53 67 40 20 26 40 75 42 20 27 39 78 53 20 26 46 77 39 29 27 43 92 52 19 29 55 79 43 22 96 0.03 6 
46 178 453 94 24 67 77 46 16 24 47 62 54 14 24 42 89 39 22 31 44 74 43 23 21 32 100 37 25 21 30 106 58 24 27 56 80 53 13 25 50 125 42 19 16 49 116 45 24 20 55 85 21 28 24 51 69 38 30 16 45 58 36 19 141 0.07 14 
47 129 468 172 41 63 175 90 48 52 94 149 79 35 46 111 159 80 46 37 75 108 64 48 46 60 118 73 36 42 99 127 91 25 45 64 112 102 51 45 65 105 110 37 42 88 180 110 39 51 68 144 88 53 38 71 177 74 49 37 64 138 74 57 258 0.03 6 
48 71 286 74 32 93 127 75 40 27 72 112 72 40 30 61 106 96 46 35 105 102 67 41 37 89 170 70 35 45 73 134 114 32 39 64 123 78 36 36 88 136 60 43 46 75 121 70 35 38 97 121 70 33 31 72 131 73 37 47 81 137 67 48 148 0.02 4 
49 373 32 174 33 57 100 55 33 33 38 121 55 23 33 58 121 59 33 20 87 85 57 31 20 58 59 70 40 26 71 85 43 35 20 45 104 63 28 30 57 96 71 30 20 41 153 72 29 28 74 100 45 33 29 63 81 69 33 26 52 89 59 29 232 0.05 10 
50 229 160 222 35 69 112 90 35 37 78 158 64 39 36 61 120 61 38 32 71 105 80 38 35 87 141 62 40 29 68 119 78 45 29 73 141 68 38 33 86 118 78 34 42 89 126 81 35 39 72 110 83 31 32 76 89 56 35 32 90 124 63 40 296 0.09 18 
51 23 260 78 11 22 69 20 10 9 25 39 26 17 18 23 50 18 10 11 26 42 32 13 12 23 45 36 10 10 20 55 30 12 15 25 48 26 10 12 32 54 27 5 13 23 48 22 12 17 38 61 32 10 12 23 39 18 11 13 19 59 20 11 104 0.08 16 
52 413 89 243 48 76 147 72 54 37 67 136 89 40 38 67 118 70 40 32 67 109 72 47 45 78 125 65 34 43 100 125 81 47 40 94 112 82 45 34 85 172 74 41 38 90 141 66 45 41 68 133 79 35 41 86 124 69 33 40 70 133 71 40 324 0.03 6 
53 318 306 147 17 41 77 61 32 14 54 87 47 12 35 49 100 27 28 28 41 60 46 31 32 43 102 69 32 25 48 106 41 29 27 39 72 40 22 25 60 73 40 32 25 47 81 34 27 22 47 58 41 23 21 67 75 68 28 37 61 68 42 17 196 0.05 10 
54 44 340 82 22 33 60 50 17 20 38 73 34 19 16 42 65 36 19 22 34 54 37 20 23 47 75 33 15 18 34 66 33 17 20 37 69 35 16 23 48 84 39 25 25 37 70 42 18 21 44 67 49 18 21 47 64 43 18 19 50 55 46 25 123 0.05 10 
55 142 28 100 33 44 82 50 22 24 62 70 47 24 16 44 102 40 26 18 63 104 49 30 28 58 86 54 22 24 53 89 44 22 25 50 93 32 21 22 56 96 54 31 20 49 72 45 32 29 48 85 41 19 23 69 86 43 34 29 60 72 56 30 150 0.04 8 
56 268 377 22 7 26 52 22 11 8 12 28 18 12 12 16 37 19 12 9 19 27 22 12 10 16 36 20 7 8 25 34 16 10 9 20 34 18 11 9 18 31 18 7 8 26 48 20 11 11 31 37 18 9 12 26 38 23 9 8 23 32 19 11 44 0.09 18 
57 453 56 28 11 28 39 34 13 12 31 42 27 10 15 25 41 24 15 13 26 43 22 11 11 33 53 24 13 15 31 35 27 12 9 24 45 23 16 14 24 53 21 13 12 23 41 38 12 11 36 50 29 10 14 32 46 30 13 11 25 41 29 16 56 0.07 14 
58 226 451 140 33 73 98 55 31 41 62 112 83 40 35 68 114 76 31 37 76 105 66 42 35 69 98 72 41 41 67 135 70 34 27 79 137 87 31 38 65 111 73 41 37 67 109 84 37 36 52 122 71 34 36 72 139 71 43 27 70 111 59 32 210 0.02 4 
59 114 207 75 38 49 120 69 34 30 98 158 76 43 32 55 114 70 34 37 57 116 72 41 38 88 166 81 31 46 79 105 91 30 38 55 129 63 34 35 77 122 63 31 45 71 132 88 41 29 63 105 70 42 32 73 131 69 52 40 77 110 65 37 150 0.05 10 
60 457 35 138 35 63 128 69 39 31 80 133 71 26 29 72 97 86 38 38 72 135 67 26 30 80 141 55 40 35 60 125 66 34 33 76 101 68 30 36 51 143 75 32 33 62 100 67 29 34 59 120 61 34 36 71 105 58 39 27 66 124 59 28 207 0.08 16 
61 199 360 73 33 72 127 81 31 38 69 140 78 34 40 77 136 84 42 43 75 137 75 42 29 83 125 69 41 37 76 127 63 44 43 67 120 86 35 39 86 121 71 35 29 78 122 74 30 45 69 141 62 33 34 81 129 59 43 36 85 104 78 34 146 0.07 14 
62 499 344 100 30 45 100 38 19 20 43 102 58 30 37 49 58 48 31 12 64 78 35 30 28 65 102 62 22 16 58 90 38 32 32 55 74 60 24 31 37 85 38 23 18 37 58 48 27 19 53 92 44 27 25 43 96 63 29 29 65 97 36 33 150 0.03 6 
63 327 133 85 38 93 137 103 41 38 91 148 95 34 35 80 170 75 41 42 62 135 94 45 46 69 162 80 36 40 82 137 94 44 46 85 117 83 46 42 80 157 98 41 40 105 149 90 37 37 87 136 104 39 42 71 155 89 46 33 71 147 73 42 170 0.04 8 
64 76 80 140 36 54 116 60 34 26 70 127 55 27 26 59 101 75 40 45 66 97 88 32 28 86 154 69 34 43 82 112 94 34 26 63 116 71 25 38 60 142 55 32 40 83 95 60 37 24 53 109 82 37 47 70 98 62 33 32 78 72 66 29 210 0.06 12 
65 461 402 17 15 10 16 10 0 8 22 9 9 13 13 0 20 17 14 7 24 45 3 6 7 14 61 1 9 27 15 0 14 15 3 30 41 11 0 6 23 7 14 3 4 7 15 0 10 7 4 39 14 4 15 21 31 25 15 14 12 47 23 4 34 0.05 10 
66 259 66 120 24 64 89 55 38 30 64 89 49 21 25 50 104 48 22 26 63 89 49 29 27 72 97 54 40 29 57 100 56 29 27 54 109 70 25 27 64 102 65 26 32 54 102 66 34 32 61 90 58 31 25 55 132 47 32 28 69 94 74 29 180 0.02 4 
67 125 466 294 36 101 145 107 34 48 94 170 106 46 50 92 127 94 50 51 93 173 102 41 56 106 177 92 44 52 82 187 123 37 64 106 165 90 42 42 104 158 115 42 46 77 145 97 44 55 90 188 92 37 56 87 196 121 48 57 93 157 110 46 392 0.05 10 
68 377 498 150 42 77 117 59 31 45 55 124 71 43 36 91 148 66 40 32 86 105 75 36 37 62 98 63 34 43 80 140 95 31 36 74 116 62 33 40 66 142 79 41 38 65 118 59 35 38 73 116 83 37 30 77 155 74 36 41 83 112 88 34 225 0.03 6 
69 454 426 92 47 84 153 95 48 31 98 190 94 44 39 85 204 101 63 41 86 183 82 41 36 65 123 84 54 36 114 132 76 43 51 74 165 80 56 51 60 142 96 33 51 83 114 74 41 34 73 125 71 47 45 82 169 98 53 36 85 160 100 47 184 0.03 6 
70 242 137 249 42 96 144 66 41 38 70 120 78 49 48 86 152 67 46 35 92 123 78 33 42 60 164 83 41 42 73 114 101 37 35 82 126 80 41 42 99 106 75 43 43 105 140 101 43 30 76 166 64 40 52 85 125 86 45 50 74 131 74 40 332 0.08 16 
71 102 136 231 42 94 117 69 35 44 64 126 66 46 35 64 112 66 40 30 95 122 82 35 42 78 148 62 36 43 89 121 59 44 31 84 133 72 34 38 87 108 88 47 38 87 121 63 38 46 75 119 61 37 42 78 122 86 40 45 70 124 78 32 308 0.03 6 
72 236 293 105 17 30 50 56 11 19 22 56 38 19 18 21 56 37 9 12 34 34 40 17 13 23 39 37 13 16 17 50 32 12 25 39 64 26 15 20 38 43 45 18 23 20 65 52 13 18 31 65 36 11 18 57 55 31 28 13 27 54 28 14 140 0.04 8 
73 393 56 72 12 19 42 21 13 10 25 32 24 13 10 23 38 20 11 13 22 43 22 13 12 21 30 21 10 12 28 38 26 11 13 25 46 19 11 13 28 42 22 11 13 25 45 26 16 11 25 47 25 12 15 20 42 15 13 12 25 35 18 11 96 0.04 8 
74 245 303 45 9 18 31 18 8 2 4 21 11 7 4 8 11 9 8 8 8 36 10 7 8 19 24 13 11 10 9 26 14 12 8 16 31 5 2 5 12 20 17 6 12 14 18 24 9 5 23 53 9 13 8 15 24 15 4 3 6 21 22 10 60 0.09 18 
75 429 80 84 15 37 56 35 14 14 17 30 30 19 12 27 52 32 13 14 29 53 28 13 13 26 66 18 13 12 24 45 31 9 14 31 42 36 15 15 21 42 34 17 14 31 64 24 10 14 25 43 23 12 17 20 42 33 12 14 23 37 30 13 112 0.09 18 
76 489 56 78 18 35 49 39 11 16 25 38 19 13 7 33 49 26 15 18 30 27 19 14 8 30 53 36 11 13 28 12 24 18 13 15 49 22 18 15 14 35 17 11 4 44 49 28 15 23 25 50 21 11 15 31 37 13 4 7 29 43 25 11 104 0.02 4 
77 232 331 116 31 55 106 81 22 28 63 97 48 35 29 56 92 48 36 33 60 108 59 34 30 65 97 50 21 26 51 127 49 24 30 58 125 42 23 27 60 74 62 31 27 49 88 59 27 26 60 143 50 22 23 81 116 63 27 20 52 132 68 34 174 0.07 14 
78 168 89 188 52 93 171 121 42 39 92 177 76 41 38 102 161 105 39 54 100 157 75 48 41 81 155 97 57 54 108 170 93 41 44 79 178 86 39 48 83 157 100 49 54 105 129 89 53 40 79 162 109 59 50 111 156 72 37 48 84 147 75 46 282 0.06 12 
79 461 94 174 41 88 143 94 48 37 83 152 81 46 45 86 115 116 44 32 105 151 95 41 56 76 130 64 43 53 110 149 87 39 37 90 173 72 37 47 82 145 93 54 36 77 187 98 42 57 66 126 73 51 43 94 144 72 50 56 107 131 79 39 261 0.07 14 
80 235 198 210 31 95 138 75 38 30 58 103 67 35 28 69 97 73 37 42 59 131 76 41 41 84 108 71 34 39 64 122 54 34 37 73 108 60 33 36 75 120 60 28 44 50 139 51 27 40 79 173 83 29 29 62 102 80 38 39 69 94 71 38 280 0.07 14 
81 276 372 26 7 18 14 7 0 12 13 9 1 5 6 6 19 23 15 0 21 16 5 4 3 2 16 13 1 5 13 14 11 10 3 10 33 13 13 11 21 6 3 0 2 10 18 11 10 12 0 13 20 0 0 10 30 0 2 11 5 25 11 9 39 0.04 8 
82 34 328 120 23 44 78 47 20 21 35 77 42 20 23 35 80 39 18 24 40 65 40 22 23 43 64 42 16 16 45 66 39 19 18 43 63 41 17 22 38 60 37 18 21 38 82 42 16 16 45 66 41 19 23 42 73 30 23 18 30 62 34 17 160 0.06 12 
83 63 7 170 44 66 138 65 50 42 77 177 90 44 45 84 154 90 36 39 74 131 85 38 36 76 130 91 36 45 67 139 85 36 48 82 121 97 49 35 88 148 97 47 40 82 143 68 38 46 95 159 74 48 36 74 149 78 41 38 82 132 83 33 255 0.08 16 
84 317 233 42 8 10 21 14 8 9 30 68 15 5 15 9 20 0 4 11 10 22 25 6 3 0 40 21 4 5 24 0 10 7 11 13 8 19 12 5 10 26 14 12 4 3 12 13 5 4 9 39 23 1 5 6 0 4 3 0 8 26 1 3 56 0.09 18 
85 397 66 39 25 37 54 46 19 22 43 65 35 17 11 52 66 36 20 13 36 88 25 12 17 37 88 41 18 27 30 54 53 22 19 48 60 23 18 10 16 53 57 18 15 18 59 42 23 16 44 63 33 17 15 41 73 31 19 18 22 97 31 18 78 0.09 18 
86 242 76 46 20 37 64 52 22 25 45 73 37 23 18 44 59 41 31 20 43 86 44 30 20 43 68 53 21 23 49 61 61 27 24 49 77 47 18 16 50 66 55 23 22 58 76 36 24 15 37 78 53 25 23 61 86 35 23 21 43 71 50 23 92 0.03 6 
87 272 125 73 41 77 111 66 30 34 81 110 56 36 34 80 100 72 35 33 72 122 62 33 32 60 124 74 34 31 58 113 72 42 35 74 119 75 36 40 78 129 80 40 41 77 128 80 44 31 85 122 81 33 36 75 100 65 40 38 78 104 74 38 146 0.04 8 
88 197 183 85 50 90 118 78 33 40 78 137 97 40 50 86 137 87 50 38 94 147 70 42 44 86 125 94 37 55 75 162 89 32 39 75 126 107 49 41 94 127 82 50 38 67 125 79 44 34 74 149 76 38 39 90 135 77 31 45 75 132 95 50 170 0.05 10 
89 93 15 148 43 66 109 60 46 42 74 137 97 28 41 82 101 77 31 30 76 159 71 33 35 58 163 63 36 30 90 139 90 38 43 72 132 66 37 36 73 161 69 41 34 60 90 74 51 37 70 137 66 34 48 83 128 73 33 45 86 110 84 37 222 0.05 10 
90 353 177 72 14 39 62 29 22 15 42 52 33 19 15 38 75 38 20 16 30 56 40 14 17 36 68 43 16 13 33 62 35 19 16 25 60 32 14 16 30 51 27 16 18 41 50 31 18 19 32 59 38 19 17 39 65 35 16 15 42 58 32 20 108 0.06 12 
91 86 311 129 23 40 67 42 26 18 48 78 56 21 26 45 82 52 23 18 38 83 48 24 24 42 79 39 17 22 37 75 37 24 27 55 71 37 24 25 43 81 55 23 18 39 62 34 23 20 46 57 38 21 20 43 89 43 24 12 30 85 42 22 172 0.06 12 
92 462 205 46 13 18 37 26 11 11 16 28 28 17 11 26 38 25 11 13 32 42 26 16 9 17 42 22 11 9 18 48 18 11 11 18 35 21 10 12 17 34 28 11 13 23 33 26 11 7 30 41 19 9 13 28 33 28 9 10 23 42 19 10 69 0.07 14 
93 429 264 88 37 82 144 86 38 48 96 134 89 40 36 97 135 94 46 50 90 172 99 39 48 79 150 94 43 48 82 148 79 49 39 102 147 74 49 48 89 141 82 41 43 82 130 69 44 37 76 160 100 42 41 88 137 84 53 38 103 163 70 34 176 0.03 6 
94 92 45 63 14 21 48 26 8 8 16 29 23 14 13 22 54 29 10 10 20 28 23 5 11 22 36 25 8 7 25 36 29 7 10 23 28 27 15 9 28 26 8 11 11 23 36 17 7 12 28 49 18 10 11 14 32 19 15 13 24 36 13 10 84 0.09 18 
95 442 279 192 40 106 152 82 39 39 81 176 103 50 41 103 142 87 45 44 106 144 85 39 47 99 176 108 45 47 99 165 79 48 46 101 154 113 39 41 78 149 94 42 50 110 186 78 49 57 120 169 98 51 53 89 184 82 42 40 81 155 100 47 288 0.06 12 
96 234 232 291 42 125 182 94 40 42 108 137 105 66 58 87 185 72 41 40 102 169 91 46 39 83 129 99 49 44 110 145 86 50 38 89 181 109 42 53 85 128 120 60 45 111 153 116 51 61 109 165 82 44 51 128 138 103 54 42 111 128 97 58 388 0.04 8 
97 454 394 184 49 63 127 98 48 39 73 167 114 40 42 109 179 68 37 48 110 155 101 52 45 97 132 99 44 50 94 172 105 47 40 91 213 89 45 52 87 186 114 40 34 112 167 93 37 45 117 157 87 41 43 100 136 83 45 39 103 164 90 36 276 0.06 12 
98 384 266 90 15 22 54 23 17 21 16 70 35 11 10 31 56 23 20 8 19 49 15 19 22 13 38 40 11 14 31 41 50 15 17 28 48 29 12 15 31 73 22 9 15 53 61 33 12 15 35 60 31 13 20 25 46 27 9 14 13 50 46 14 120 0.08 16 
99 56 29 94 29 45 102 36 27 28 48 90 61 24 22 53 97 47 22 25 45 66 48 25 22 43 95 47 29 16 30 56 45 16 18 47 81 52 19 19 51 67 36 24 21 45 42 38 29 21 41 98 36 24 23 32 69 65 18 29 31 70 64 25 141 0.06 12 
100 227 98 26 22 16 50 43 7 8 18 42 11 18 17 26 61 40 13 8 54 30 17 9 15 24 33 21 13 16 32 40 17 15 4 10 51 38 6 5 24 52 40 17 12 33 37 22 19 10 39 37 31 14 5 24 45 28 10 10 21 29 45 11 52 0.08 16 
101 180 50 66 13 6 14 17 12 5 0 43 14 6 5 8 23 6 10 11 16 47 22 2 13 13 7 15 9 7 14 59 13 8 8 11 61 25 9 14 16 37 22 8 10 9 9 7 0 16 45 20 20 15 1 12 43 21 4 15 25 49 10 10 88 0.04 8 
102 441 340 56 19 25 40 20 15 17 29 39 28 12 12 36 62 22 15 18 28 46 29 12 10 26 33 22 16 12 23 46 29 12 12 21 55 26 12 16 19 39 22 16 15 35 45 23 19 12 25 50 28 12 21 42 49 29 15 10 36 46 22 16 84 0.07 14 
103 441 178 114 12 27 70 63 8 23 38 76 56 25 15 56 64 32 23 13 29 49 54 30 15 23 52 21 25 14 35 66 44 23 22 42 74 41 16 17 58 73 40 14 20 37 70 22 8 25 39 70 41 19 17 46 60 46 26 25 23 72 41 29 152 0.08 16 
104 291 425 51 27 38 90 56 36 22 47 97 43 28 20 50 95 54 20 21 45 137 38 28 28 51 101 49 27 14 50 99 40 33 26 43 109 61 18 34 55 92 54 21 22 50 136 51 18 25 38 107 41 20 28 66 98 59 20 27 63 89 50 32 102 0.08 16 
105 434 352 153 22 58 85 51 23 21 49 70 52 30 24 42 70 40 31 22 52 90 56 29 26 54 75 56 26 23 42 86 56 29 27 51 97 53 29 22 48 97 50 28 21 49 79 45 28 23 52 83 45 28 26 51 98 53 27 25 52 77 46 31 204 0.06 12 
106 141 234 69 13 43 74 14 16 3 16 33 18 14 14 32 39 13 9 16 25 58 31 20 13 30 17 35 9 11 22 28 35 7 21 13 44 23 12 14 29 16 25 8 11 9 51 26 17 22 24 48 39 11 15 16 32 29 12 13 24 37 21 23 92 0.06 12 
107 94 6 116 26 54 99 65 28 29 68 101 77 29 34 52 105 48 27 37 44 106 66 26 29 72 96 47 29 27 63 84 71 20 22 51 55 55 29 29 80 87 47 35 27 60 91 64 20 36 68 93 46 31 18 69 84 45 29 32 57 103 51 40 174 0.04 8 
108 163 456 58 27 45 104 41 18 35 52 99 61 26 30 47 115 44 18 29 57 118 69 26 20 62 103 79 27 35 50 74 41 22 25 58 104 58 38 26 52 108 55 36 24 55 103 55 26 33 58 122 73 22 21 63 108 42 28 25 62 88 64 31 116 0.03 6 
109 156 293 219 28 63 113 79 40 43 77 121 90 41 39 67 124 67 44 39 65 117 89 37 35 77 113 55 43 39 69 127 73 38 36 67 126 63 42 34 89 130 86 30 37 80 136 57 42 41 95 124 70 40 34 87 109 61 30 32 85 143 76 42 292 0.02 4 
110 17 409 26 11 24 39 29 14 13 34 48 32 12 15 21 47 31 10 12 21 41 32 12 13 22 42 26 13 13 29 39 15 13 18 26 32 19 12 13 26 43 32 11 9 23 39 27 15 11 28 40 36 15 10 36 57 34 9 13 28 46 22 9 52 0.04 8 
111 158 238 120 20 47 83 38 27 18 52 51 34 20 14 34 57 33 22 17 34 55 34 18 9 31 86 25 17 16 30 104 60 22 18 47 73 50 16 21 40 55 42 19 15 40 54 39 18 23 46 54 38 17 17 35 67 34 18 19 41 47 33 20 160 0.07 14 
112 272 182 66 21 36 48 32 15 20 33 63 35 19 15 37 41 35 17 18 38 56 40 15 17 30 35 34 10 15 32 52 27 13 17 26 60 26 18 19 48 52 32 15 12 31 39 32 20 15 30 56 34 15 14 35 61 22 15 12 28 69 30 15 99 0.08 16 
113 145 373 122 26 54 100 56 35 30 61 94 62 37 34 70 92 71 28 25 69 84 56 26 34 55 97 68 32 26 65 95 67 34 33 73 101 56 24 33 75 116 71 38 31 60 95 49 30 29 48 105 70 31 35 61 119 62 29 32 55 88 51 37 183 0.02 4 
114 367 256 36 11 12 21 21 8 9 22 37 22 8 8 13 27 18 12 6 15 22 18 9 8 17 33 16 7 10 19 35 14 12 8 15 36 19 11 7 19 26 16 7 9 21 21 19 10 11 20 30 15 8 8 20 29 18 10 7 14 29 19 10 54 0.09 18 
115 82 473 192 36 76 171 96 45 53 89 192 76 38 53 101 163 86 47 43 97 168 90 57 41 84 155 92 48 40 100 156 102 49 47 91 162 102 42 48 67 188 71 52 40 108 163 90 42 64 70 189 96 40 54 87 126 109 35 58 87 166 100 45 288 0.03 6 
116 440 245 89 37 69 142 97 43 36 101 164 89 44 46 98 165 69 41 52 74 177 74 45 42 98 170 92 39 37 80 183 105 34 47 79 183 80 40 46 74 139 83 37 35 103 129 79 40 34 86 159 89 51 48 107 164 71 42 41 93 137 85 51 178 0.03 6 
117 83 57 18 0 17 35 29 4 6 14 32 15 2 1 22 49 2 16 12 10 49 3 3 6 21 21 16 16 7 25 19 10 4 9 14 28 19 8 9 4 0 37 12 12 36 42 15 13 13 19 11 31 15 14 13 24 12 6 6 28 35 11 10 36 0.04 8 
118 380 333 154 39 86 115 91 40 38 75 127 75 34 33 86 115 67 40 36 63 142 72 37 39 82 152 81 42 33 99 138 86 39 42 64 145 62 39 43 87 140 89 37 36 76 99 74 39 43 64 101 71 36 41 87 133 65 47 43 58 142 87 36 231 0.05 10 
119 265 478 122 32 46 124 57 35 30 57 99 58 37 24 75 102 63 19 30 51 98 48 38 29 61 120 76 27 39 73 126 54 27 35 66 107 62 40 30 75 109 65 33 33 54 122 63 31 27 75 109 58 26 17 71 78 76 23 30 73 119 70 38 183 0.03 6 
120 110 223 24 9 23 12 10 7 6 18 0 8 6 3 11 21 14 5 6 14 11 6 7 4 10 35 3 0 5 12 19 16 9 2 13 12 9 1 7 1 10 11 5 8 6 41 12 6 5 10 16 5 10 6 17 18 5 4 2 17 10 17 0 36 0.07 14 
121 315 84 176 43 75 173 94 38 50 82 157 96 40 49 71 146 100 45 35 100 163 98 45 50 92 145 72 44 47 98 145 94 43 37 84 157 95 36 50 89 165 91 46 45 86 137 75 49 35 101 176 87 45 41 80 127 96 50 43 99 159 84 46 264 0.02 4 
122 453 221 246 40 79 141 72 47 44 75 116 76 42 48 105 130 96 48 50 80 153 74 35 42 74 133 76 41 34 83 145 75 32 40 89 157 76 39 36 94 151 65 48 37 95 143 80 45 51 95 135 101 30 41 70 125 82 32 40 90 139 110 47 328 0.02 4 
123 143 347 33 19 29 56 31 17 18 34 44 33 20 13 28 53 43 16 13 26 53 44 18 14 31 52 37 17 20 30 62 37 15 19 30 61 34 20 17 32 50 32 18 17 35 51 29 14 16 26 56 26 13 20 31 51 38 20 16 30 53 28 19 66 0.06 12 
124 27 61 147 24 39 71 41 24 29 52 84 55 22 22 49 77 53 20 25 40 61 50 21 34 40 94 44 21 35 35 75 46 23 23 68 79 50 21 21 42 60 35 24 27 52 75 55 15 26 43 81 49 19 29 53 77 39 22 27 54 83 38 29 196 0.04 8 
125 243 30 86 20 59 71 45 15 19 37 80 52 21 22 37 62 31 26 31 42 76 41 19 24 48 72 30 7 17 31 85 34 22 16 37 77 32 12 20 41 55 55 23 21 41 70 61 15 23 46 54 41 19 24 42 66 47 21 15 49 59 57 21 129 0.02 4 
126 372 108 42 21 50 86 46 20 18 35 67 49 17 22 47 84 43 24 21 43 73 34 17 18 31 73 41 19 17 41 74 47 15 19 38 86 40 18 23 44 78 33 18 17 49 70 40 21 18 37 75 45 21 20 43 62 44 24 22 39 80 41 20 84 0.06 12 
127 76 479 112 33 58 104 59 22 28 48 105 62 27 27 57 102 58 29 25 62 103 47 24 30 60 89 53 24 35 62 80 52 25 27 60 78 52 24 22 45 104 66 30 26 64 78 51 24 24 55 102 62 24 31 46 97 67 27 34 61 74 64 27 168 0.04 8 
128 388 468 60 25 56 93 59 35 26 47 101 67 26 27 71 96 57 36 25 69 117 58 31 30 48 95 49 31 25 51 90 69 34 32 67 102 64 30 27 53 99 62 27 26 56 101 61 32 31 55 96 72 27 31 62 92 62 29 23 54 100 51 24 120 0.08 16 
129 178 403 79 40 75 136 61 31 42 85 108 78 35 44 83 123 75 35 36 90 135 77 36 39 89 119 81 37 34 94 121 77 36 39 94 169 75 42 39 79 128 66 34 31 82 115 78 37 45 83 143 71 39 33 73 143 67 46 41 71 121 68 41 158 0.05 10 
130 197 411 48 20 54 81 57 28 30 43 67 40 21 25 55 90 45 20 19 36 114 47 20 22 38 76 62 17 26 60 106 42 19 31 32 67 31 34 27 59 69 33 20 24 45 77 47 19 19 47 89 55 35 24 50 94 58 15 19 57 98 50 24 96 0.09 18 
131 282 160 184 55 93 162 97 52 51 81 169 98 41 55 98 153 101 40 56 76 160 82 49 41 79 131 79 52 48 75 172 78 38 51 82 144 75 39 38 82 139 101 53 49 73 136 87 51 42 109 161 87 41 48 78 134 93 44 53 76 142 112 41 276 0.05 10 
132 115 98 110 25 63 84 44 27 27 56 114 54 28 32 58 89 62 30 26 49 106 47 27 35 46 86 58 23 33 55 112 51 30 24 54 85 61 26 30 56 108 59 30 23 49 102 63 29 29 54 69 41 30 25 43 120 56 27 30 51 107 51 29 165 0.02 4 
133 75 243 78 40 57 144 83 51 43 68 127 91 38 34 82 125 53 42 35 64 111 83 41 41 78 120 58 45 43 76 137 71 34 43 77 140 74 39 39 70 134 60 37 34 88 129 61 34 34 88 100 74 45 48 95 118 79 43 30 70 144 64 40 156 0.09 18 
134 208 337 252 47 76 163 94 51 42 75 170 86 36 49 75 116 104 52 47 81 169 78 47 51 99 125 84 27 37 67 146 100 38 46 92 161 86 33 41 86 160 77 45 37 64 168 75 40 38 74 129 61 43 34 73 139 95 44 34 94 108 91 47 336 0.02 4 
135 309 76 34 12 25 27 27 8 13 15 39 18 6 6 23 8 29 9 7 24 20 8 13 8 23 26 8 15 3 18 44 22 7 7 10 20 18 5 5 17 32 28 5 14 22 30 19 7 8 14 55 18 7 7 16 29 20 13 11 12 34 18 9 51 0.03 6 
136 111 215 165 23 56 106 44 23 31 54 90 61 24 23 47 107 48 27 32 53 105 59 25 22 47 79 61 25 23 63 83 58 28 27 53 78 45 24 27 48 96 60 22 24 57 99 57 34 27 59 85 61 26 26 45 101 59 22 31 47 79 47 26 220 0.09 18 
137 39 110 82 40 96 142 89 48 42 81 146 61 44 37 78 122 68 42 50 86 156 85 36 45 91 174 82 33 38 101 121 98 36 47 94 126 88 37 33 64 133 73 44 47 78 118 101 46 40 64 118 76 42 38 96 117 69 49 37 79 159 82 50 164 0.07 14 
138 453 105 116 26 47 114 50 33 23 51 88 69 27 33 48 92 60 32 33 62 95 52 23 23 56 110 44 33 30 46 92 60 26 31 55 88 58 33 31 61 107 47 24 32 68 92 50 32 35 62 95 61 25 30 59 84 47 31 24 61 93 47 25 174 0.06 12 
139 85 35 42 22 44 97 38 18 20 51 57 38 14 20 39 62 27 22 21 37 71 44 14 27 45 73 36 26 17 31 72 51 22 25 42 70 44 20 27 42 56 31 31 15 32 73 43 20 25 43 64 46 19 25 53 76 31 15 18 27 81 45 25 84 0.02 4 
140 278 395 142 43 74 134 86 30 36 65 166 51 37 36 72 117 71 28 42 80 114 54 43 37 63 95 65 26 28 79 106 54 32 37 56 98 69 28 38 56 116 71 32 36 79 128 88 41 31 82 98 74 41 41 66 121 66 42 28 55 153 84 31 213 0.03 6 
141 349 90 100 50 109 160 105 48 42 126 153 82 55 53 84 181 83 49 44 105 174 109 43 46 117 146 93 42 44 98 173 110 43 51 102 161 88 49 43 95 165 92 45 59 114 184 102 43 58 79 155 95 42 41 79 190 115 47 44 98 163 114 55 200 0.05 10 
142 179 288 59 27 51 74 46 27 34 82 128 48 34 31 47 104 74 18 35 61 108 43 25 27 41 77 67 28 25 52 111 48 20 31 44 81 43 38 37 73 100 36 21 30 69 87 42 38 20 57 115 51 28 31 65 113 70 25 25 53 63 64 41 118 0.06 12 
143 169 11 16 8 10 25 22 7 8 9 18 20 7 6 21 37 8 4 7 20 27 12 7 5 4 35 23 9 9 12 38 33 5 8 16 24 12 5 3 13 21 12 8 8 22 21 9 4 7 19 18 18 5 8 6 28 16 8 8 16 25 17 9 32 0.09 18 
144 164 69 120 23 40 76 38 16 17 35 72 40 19 19 43 62 39 19 19 46 62 47 15 23 47 56 43 17 15 39 53 33 17 21 32 56 31 18 22 45 59 42 20 19 37 74 42 20 18 31 62 33 21 21 47 78 40 22 23 35 81 44 23 160 0.05 10 
145 267 267 57 12 20 21 15 13 6 14 25 23 7 10 26 35 23 17 8 13 22 16 8 6 18 28 21 9 14 1 35 29 8 7 28 35 26 7 8 13 20 26 6 5 31 24 27 10 5 21 44 22 12 8 24 50 24 12 5 17 32 32 5 76 0.09 18 
146 113 50 148 32 79 134 87 37 37 75 103 61 31 43 88 105 84 32 41 60 129 78 39 30 75 122 73 41 38 78 132 80 39 37 60 125 62 33 38 61 140 77 27 38 84 97 84 33 41 77 103 65 39 32 71 129 76 31 43 75 100 86 35 222 0.09 18 
147 230 70 60 29 66 112 56 25 28 50 63 69 32 43 30 88 65 28 20 66 97 83 25 32 55 97 41 34 27 62 80 56 43 26 68 82 48 35 24 60 90 76 25 29 41 81 56 44 28 73 145 78 27 24 51 131 55 31 39 63 98 51 26 120 0.03 6 
148 252 323 108 9 37 59 26 14 16 34 39 27 18 18 53 57 43 21 20 37 70 25 13 15 44 53 43 18 18 37 61 31 16 13 50 59 41 14 21 22 72 33 15 19 34 70 33 15 13 41 65 32 12 15 35 47 35 16 11 39 77 46 14 144 0.07 14 
149 313 194 83 37 79 188 67 48 46 83 149 68 39 44 78 119 74 37 39 59 139 81 48 39 92 122 100 40 30 82 107 85 30 42 67 146 93 43 39 81 129 59 49 46 118 111 87 34 35 98 139 101 49 32 105 122 85 49 54 91 118 80 38 166 0.03 6 
150 168 251 78 41 73 145 67 30 39 84 106 87 29 42 85 125 84 28 36 94 174 75 43 43 89 145 63 31 49 97 139 106 38 40 78 138 81 46 33 57 108 85 31 38 78 122 48 36 31 65 116 79 42 33 101 152 82 44 47 78 146 78 43 156 0.08 16 
151 344 63 216 37 74 145 86 35 28 77 131 74 30 39 53 121 93 30 26 69 143 56 36 28 63 119 70 39 37 64 140 64 27 40 49 118 76 22 39 72 98 92 36 19 77 172 83 40 32 56 112 80 42 40 77 125 76 40 40 62 115 71 31 288 0.09 18 
152 46 454 174 38 82 122 94 49 34 75 192 88 47 47 66 181 82 46 45 94 128 99 42 48 100 141 75 34 49 87 158 82 44 51 110 176 88 55 48 75 141 70 54 41 99 126 87 39 45 87 191 83 41 44 82 149 87 39 50 92 137 98 46 261 0.04 8 
153 397 188 32 3 17 21 18 16 5 16 27 25 5 7 25 27 22 12 10 16 50 12 7 5 10 31 16 9 11 9 11 10 1 7 13 24 26 5 6 28 45 27 7 13 12 39 15 9 9 29 15 15 8 5 10 24 28 10 6 18 28 14 9 48 0.03 6 
154 85 202 88 24 37 74 39 18 24 43 65 36 19 18 35 84 43 22 19 35 79 31 19 17 43 75 52 25 23 54 74 51 16 18 44 86 37 25 25 52 70 47 23 26 49 76 37 18 19 47 56 41 23 18 39 64 35 24 21 48 76 49 20 132 0.09 18 
155 426 266 56 19 43 99 50 23 30 51 117 55 24 27 82 94 58 25 19 55 117 52 32 26 56 81 69 36 19 68 104 48 30 27 51 98 56 23 24 67 81 54 23 34 48 116 72 28 25 62 77 49 36 19 51 81 43 32 34 66 85 58 30 112 0.05 10 
156 235 103 186 36 82 158 97 38 32 90 141 96 60 45 136 157 91 42 40 72 145 98 58 54 70 144 115 52 36 97 136 101 43 41 105 162 89 37 47 98 201 89 52 38 107 163 81 49 58 97 174 99 40 50 84 184 104 36 51 96 153 76 46 279 0.04 8 
157 499 390 189 33 61 120 78 32 36 58 101 52 32 31 63 104 78 24 29 59 107 70 34 26 57 127 76 36 36 55 105 64 25 27 84 97 61 31 25 56 87 64 22 31 58 113 55 27 39 61 117 64 35 28 65 109 77 32 27 71 116 67 30 252 0.04 8 
158 29 191 43 17 42 63 36 20 19 35 69 39 19 24 33 75 50 20 21 43 87 48 19 23 44 70 39 19 21 39 84 35 22 20 49 67 50 20 16 43 85 46 18 22 49 64 32 21 19 46 65 39 23 25 49 80 44 19 24 42 68 49 20 86 0.03 6 
159 445 78 108 27 62 85 65 24 38 61 113 35 31 26 50 104 59 29 27 55 90 58 29 30 67 87 46 21 34 44 104 51 27 28 59 102 54 29 27 53 104 65 31 23 58 90 68 23 23 54 95 54 31 20 55 84 54 32 23 54 100 66 23 162 0.04 8 
160 469 159 184 57 111 142 87 56 60 99 146 116 61 41 94 179 79 47 41 75 143 86 44 47 103 133 98 55 28 90 180 100 37 42 86 139 92 33 52 77 168 97 38 32 78 127 80 34 45 116 130 93 41 50 79 185 99 48 44 108 143 87 44 276 0.03 6 
161 345 289 88 25 60 74 51 22 32 47 69 31 19 18 53 67 50 14 17 32 60 65 22 18 26 65 34 17 22 45 46 48 22 26 48 74 48 23 22 34 63 31 13 16 49 93 40 19 21 44 83 48 21 24 32 81 38 23 24 46 83 51 16 132 0.08 16 
162 164 35 37 16 36 57 41 19 15 27 73 42 15 18 26 74 41 19 17 44 47 37 15 20 28 61 37 21 17 30 62 35 21 19 33 71 34 19 15 31 72 38 22 21 39 56 35 20 19 34 57 35 12 16 30 55 36 21 18 43 69 36 22 74 0.04 8 
163 242 234 75 7 31 35 22 8 16 10 3 25 11 12 29 9 28 13 17 29 20 19 12 11 23 63 23 28 14 20 42 23 7 17 21 44 25 20 13 6 44 36 7 15 18 36 33 15 6 29 63 25 18 10 22 25 26 22 17 30 16 38 5 100 0.04 8 
164 224 162 118 24 56 139 80 27 27 47 84 40 35 40 41 93 57 38 38 65 91 28 39 21 47 114 65 27 24 59 69 60 36 20 59 73 64 25 39 49 75 47 28 33 44 95 70 25 26 60 133 63 19 33 49 127 51 26 29 58 88 54 26 177 0.06 12 
165 320 188 58 27 48 88 68 36 34 51 114 51 25 30 58 100 45 28 23 65 109 59 23 24 70 105 55 30 19 60 97 49 24 28 42 115 63 25 25 59 90 71 33 26 53 115 46 21 34 53 106 54 24 25 66 106 50 29 32 60 136 49 28 116 0.03 6 
166 187 345 50 27 38 76 58 15 21 42 77 52 35 19 58 78 46 23 25 47 81 47 21 22 37 98 52 27 27 53 74 42 24 20 36 88 40 32 20 64 76 51 25 22 50 99 42 26 22 54 102 46 30 30 68 107 44 22 32 48 95 61 27 100 0.03 6 
167 208 81 72 18 29 50 34 18 20 29 61 29 19 17 26 53 27 14 13 28 67 34 20 19 40 62 38 19 20 32 71 33 20 16 37 61 26 24 17 37 70 24 15 13 39 59 46 13 21 33 55 31 15 17 43 74 47 16 17 39 54 32 16 108 0.03 6 
168 7 216 94 22 46 67 51 16 28 57 84 51 26 20 36 67 40 26 24 41 84 49 19 22 54 78 45 16 25 41 76 42 22 20 40 62 41 25 21 54 80 50 27 22 52 70 35 20 22 48 81 62 25 22 57 86 40 21 21 53 90 39 29 141 0.04 8 
169 165 329 34 15 29 68 47 23 17 40 49 49 17 16 32 50 41 14 16 38 37 26 14 14 32 57 29 17 18 35 49 32 10 25 27 56 38 8 19 31 75 44 24 16 32 72 23 15 21 33 73 35 16 13 36 40 22 19 20 31 72 31 20 68 0.09 18 
170 457 159 93 46 89 167 105 48 45 75 158 109 53 50 88 144 81 36 45 93 164 84 48 50 80 160 94 53 55 92 168 94 43 50 78 146 94 50 40 91 169 111 50 52 74 132 71 44 45 98 129 119 56 49 80 152 90 48 54 102 169 82 36 186 0.07 14 
171 2 490 57 24 56 100 51 25 25 59 95 69 33 32 59 126 49 24 24 58 100 74 28 28 55 93 55 29 22 57 75 55 33 26 69 92 49 22 32 63 90 61 31 29 52 84 59 33 32 55 78 69 28 24 48 135 63 29 26 58 93 64 36 114 0.08 16 
172 370 51 22 9 22 0 16 13 24 25 66 38 10 19 22 44 16 8 10 60 37 23 1 12 28 21 19 7 12 12 22 47 7 18 25 67 16 10 12 38 19 34 20 12 9 37 28 4 8 19 2 32 6 1 2 58 6 9 15 17 60 16 6 44 0.03 6 
173 110 436 153 26 59 91 57 25 28 58 105 51 21 26 54 93 40 22 22 44 105 38 26 23 56 102 49 26 26 51 76 42 23 28 61 90 55 27 23 51 92 41 19 32 55 76 58 31 26 45 80 56 29 26 43 76 42 24 24 51 94 56 30 204 0.02 4 
174 499 468 273 53 82 138 90 49 52 101 138 93 43 46 75 178 80 53 42 73 141 105 41 44 97 142 92 44 43 108 131 99 42 45 97 166 108 43 46 89 127 75 39 38 96 174 77 37 46 82 139 87 43 39 72 155 98 50 37 74 143 107 36 364 0.09 18 
175 97 427 168 23 39 107 45 18 35 55 78 62 29 22 56 83 64 23 32 56 82 41 31 31 47 77 68 25 34 59 109 49 21 24 54 72 65 39 20 57 92 61 27 24 53 99 40 26 28 41 121 47 29 23 56 95 58 36 20 76 103 51 23 224 0.07 14 
176 206 21 62 27 57 93 78 32 24 65 118 54 31 30 62 120 56 37 31 49 134 59 28 31 65 102 62 27 35 46 103 67 23 22 56 103 60 31 29 58 97 75 30 38 78 109 74 28 36 60 111 75 27 20 52 94 76 28 28 60 84 70 29 124 0.08 16 
177 114 171 77 32 79 137 65 51 48 89 128 49 34 20 70 113 71 45 44 76 112 77 41 35 80 131 56 39 33 71 88 74 33 37 61 162 64 37 38 106 109 79 37 33 77 137 59 41 38 82 124 93 47 38 67 184 54 33 40 79 130 77 29 154 0.04 8 
178 42 266 138 28 43 62 40 24 16 28 98 70 27 19 62 82 49 27 25 41 52 42 17 27 50 94 50 27 16 53 97 65 24 35 41 79 37 27 20 38 60 27 18 23 51 71 51 24 11 72 70 48 30 28 34 105 46 19 24 56 81 62 30 184 0.07 14 
179 467 137 97 50 107 177 97 42 41 104 179 98 48 51 94 159 99 49 51 81 192 90 54 49 97 173 81 45 41 114 163 94 40 42 106 147 94 40 55 78 171 105 45 45 81 167 85 42 47 93 190 81 46 48 78 185 108 46 56 113 152 97 52 194 0.07 14 
180 108 499 94 41 89 161 96 41 48 103 181 101 53 54 106 181 112 53 50 93 143 103 39 52 100 175 93 53 57 99 162 79 44 40 80 147 79 50 53 110 146 83 55 52 114 169 109 52 51 103 177 104 42 38 112 142 87 46 50 108 147 83 50 188 0.05 10 
181 355 312 30 7 13 39 15 7 7 10 30 9 14 8 10 20 11 6 5 10 34 14 8 9 17 12 14 5 6 16 19 19 5 6 18 22 17 8 7 14 15 18 7 8 19 35 18 7 9 7 20 18 7 4 23 30 15 5 8 11 24 16 9 45 0.02 4 
182 306 274 94 53 90 175 81 39 52 92 174 97 42 52 107 153 114 56 42 82 159 79 48 41 92 147 82 46 38 94 171 88 50 57 105 138 80 48 42 96 167 74 43 41 101 133 109 56 46 87 161 82 43 47 96 141 113 44 50 106 139 94 38 188 0.03 6 
183 386 99 136 37 56 100 59 38 33 56 108 61 44 34 63 126 62 25 25 60 108 54 34 29 47 129 87 37 36 74 107 62 31 30 64 91 74 29 36 73 126 75 34 35 50 127 84 40 33 69 144 71 30 39 89 112 52 30 30 77 92 79 27 204 0.09 18 
184 229 338 171 21 58 84 41 27 28 53 116 55 30 34 56 92 58 22 27 46 134 55 23 29 47 115 65 24 30 53 111 66 24 25 65 101 60 20 36 59 93 53 28 30 64 88 54 27 28 51 88 69 24 29 48 88 57 23 22 61 98 60 21 228 0.03 6 
185 311 495 76 33 64 113 91 41 35 77 114 80 39 32 80 123 63 38 35 79 124 62 38 40 66 143 65 33 38 88 146 88 33 43 70 114 67 34 37 81 121 68 39 33 81 114 86 30 33 86 146 80 40 44 87 115 89 32 47 66 134 83 34 152 0.06 12 
186 21 54 38 21 34 55 44 20 19 31 70 36 24 16 48 55 33 16 19 40 76 29 14 21 35 63 40 14 15 30 66 39 17 17 45 60 33 20 21 32 60 33 14 17 40 72 35 23 17 44 68 43 18 22 35 51 43 23 19 44 61 31 19 76 0.08 16 
187 170 289 100 47 88 160 98 49 63 91 193 108 51 55 111 164 105 41 56 103 163 104 56 53 99 169 101 51 45 106 156 114 54 46 97 158 96 42 47 113 136 124 56 55 115 143 84 49 49 90 194 110 50 45 87 154 103 54 44 118 180 101 48 200 0.05 10 
188 487 394 46 10 16 30 26 7 9 18 27 26 20 13 4 75 28 7 19 14 59 21 12 19 34 32 44 14 11 34 46 15 11 14 21 47 34 8 0 14 35 28 17 7 17 40 23 12 13 49 65 18 12 8 31 26 24 10 10 4 62 21 5 69 0.07 14 
189 392 104 32 4 14 29 15 5 3 26 24 21 6 4 11 26 4 4 11 4 27 24 11 4 13 23 21 10 11 6 34 20 9 8 16 13 31 2 8 15 37 7 7 3 16 31 21 6 0 31 18 11 1 2 9 40 13 10 2 22 45 15 3 48 0.06 12 
190 68 8 20 1 4 34 13 10 18 33 46 19 8 3 27 38 24 9 6 18 20 11 8 7 41 26 22 6 11 6 47 13 6 3 9 23 13 1 7 24 40 25 4 11 18 66 32 7 4 26 44 13 6 20 20 16 40 11 10 29 42 13 10 40 0.09 18 
191 203 289 123 18 42 82 36 30 27 38 97 49 22 29 31 87 48 15 16 33 79 44 32 10 51 78 65 21 12 45 70 43 17 24 26 61 32 15 21 51 88 38 20 17 33 61 34 26 28 40 65 48 22 17 47 36 32 21 14 47 59 51 25 164 0.07 14 
192 88 79 49 21 46 101 54 22 36 46 33 51 23 32 63 71 69 31 29 43 117 65 28 26 59 85 81 18 17 42 73 58 21 21 47 73 62 21 23 32 77 56 25 25 67 76 59 33 21 35 87 46 21 25 49 65 47 20 34 44 84 41 20 98 0.05 10 
193 362 497 108 31 40 64 49 22 20 45 112 40 19 12 49 78 22 15 24 36 44 28 23 21 30 97 50 24 10 43 100 24 18 14 14 54 38 17 19 40 41 41 19 20 45 41 33 19 12 35 60 32 12 14 36 52 27 15 12 33 60 22 16 144 0.09 18 
194 269 150 288 49 115 184 110 56 45 81 174 75 40 57 77 151 100 37 40 109 162 97 45 50 100 167 80 44 47 112 154 81 35 48 78 128 83 47 44 111 152 99 43 57 105 141 81 43 44 95 175 85 57 51 105 167 107 53 57 111 143 89 37 384 0.09 18 
195 212 372 210 29 83 138 69 43 42 55 132 78 31 27 105 104 57 39 40 72 111 75 35 27 62 104 49 24 38 62 120 64 32 40 67 140 73 36 37 70 102 93 30 23 82 114 62 34 40 78 94 86 32 37 73 111 74 36 27 77 84 82 29 280 0.07 14 
196 290 121 93 14 41 57 40 17 16 30 39 30 18 17 22 66 36 19 14 33 57 25 12 13 26 36 27 12 18 39 48 20 15 11 31 45 25 17 13 25 58 27 13 12 29 45 23 15 16 23 39 29 12 13 43 49 22 14 19 39 49 30 15 124 0.08 16 
197 29 20 60 12 5 30 14 11 11 29 45 10 8 15 29 27 6 12 8 23 41 14 8 5 18 30 22 13 11 14 49 25 13 13 30 62 22 13 10 21 38 17 9 1 18 24 8 9 12 21 32 21 1 9 32 35 21 17 7 11 32 11 10 80 0.05 10 
198 390 263 63 14 36 43 39 13 10 20 34 20 11 14 30 56 8 2 12 24 27 26 15 9 26 7 24 19 8 31 73 14 11 8 19 28 17 9 4 5 45 22 10 4 25 34 15 15 12 27 37 18 14 16 20 59 14 15 9 22 34 17 5 84 0.09 18 
199 412 384 83 41 78 125 92 46 35 93 138 78 42 40 55 128 58 39 28 99 156 78 36 38 81 133 86 30 40 82 125 78 44 29 63 119 89 56 36 85 167 94 47 33 70 100 75 41 42 88 106 81 42 38 77 159 87 27 45 69 105 107 49 166 0.08 16 
200 461 472 123 13 58 81 28 10 11 47 59 39 22 23 41 91 30 14 17 40 76 43 15 21 53 66 37 15 29 40 106 33 19 17 43 41 53 18 21 25 58 36 23 24 30 66 51 16 25 25 87 62 15 19 58 62 30 14 20 24 57 43 21 164 0.08 16 
