150 10 11923
0 358 281 23839 19951 19963 19947 19958 19948 19948 19936 19959 19945 19951 0.01
1 358 338 60 23 32 34 29 23 24 34 31 35 24 33 29 37 36 23 34 28 31 39 31 39 33 40 19 34 23 29 28 31 29 35 16 31 28 25 26 23 26 24 22 26 27 34 25 36 31 39 25 33 31 33 24 26 33 22 38 35 35 26 24 90 0.03 6 
2 343 333 162 83 79 82 78 80 81 72 74 82 88 82 82 84 93 75 76 72 80 86 83 79 85 70 84 81 84 87 85 88 72 75 71 77 84 85 83 75 80 61 81 76 82 75 91 77 90 77 83 81 85 84 82 72 86 67 86 82 81 92 83 243 0.07 14 
3 396 48 30 12 4 8 9 13 17 23 14 23 6 0 13 16 15 5 14 17 14 17 12 10 0 10 5 13 10 16 15 10 23 11 16 16 5 0 6 10 21 0 13 29 11 15 13 16 14 9 12 21 18 24 10 19 7 17 15 10 17 18 7 45 0.06 12 
4 85 8 79 77 79 77 77 78 83 79 80 78 82 76 77 79 80 79 78 77 77 78 78 78 79 78 80 77 79 77 77 79 81 75 76 79 78 83 75 75 75 79 79 76 77 77 77 78 78 81 78 79 78 78 80 82 76 78 78 77 79 79 81 158 0.05 10 
5 263 415 267 96 89 94 92 90 86 91 87 81 93 86 88 90 83 85 84 94 90 91 85 88 88 91 91 92 85 91 87 89 85 90 91 89 91 86 84 84 84 88 92 90 92 93 87 88 93 82 89 89 86 87 87 88 89 94 88 90 93 83 79 356 0.05 10 
6 458 221 74 74 68 73 61 83 63 75 75 80 82 75 82 66 85 83 87 92 72 71 57 86 73 70 69 73 67 81 75 67 82 71 95 80 72 76 72 62 62 76 73 65 72 71 68 69 68 72 74 68 73 82 59 90 64 79 70 87 68 60 63 148 0.03 6 
7 311 162 120 40 39 41 40 37 41 38 41 39 43 38 39 39 42 39 38 36 39 39 39 42 41 37 41 42 40 41 40 41 37 38 38 40 41 36 39 36 34 41 38 41 40 37 41 40 41 37 42 37 40 39 41 38 38 40 36 38 38 39 37 160 0.03 6 
8 367 147 108 27 35 44 39 23 28 50 39 47 45 28 35 27 32 24 40 44 29 26 25 40 49 27 27 40 46 41 44 46 26 37 31 36 23 51 34 35 30 34 39 23 42 21 26 25 36 39 45 36 46 42 43 24 30 42 32 43 31 41 36 144 0.04 8 
9 181 444 189 66 71 72 65 59 67 60 60 65 59 60 50 60 63 60 55 72 53 57 57 69 64 60 55 60 60 66 59 61 56 72 73 65 58 73 55 59 64 63 60 58 62 64 68 62 56 58 61 60 57 58 58 61 67 62 66 65 74 62 68 252 0.06 12 
10 38 269 33 34 37 32 28 31 36 34 32 31 30 32 26 32 32 34 34 36 28 34 31 32 28 30 36 34 35 34 32 37 28 34 35 27 28 39 33 29 35 40 31 37 34 33 30 35 36 32 33 36 33 36 31 31 33 34 28 45 34 30 30 66 0.05 10 
11 500 149 74 76 86 82 64 73 74 69 79 76 89 63 80 82 80 78 79 66 82 69 84 54 81 95 79 66 71 72 71 73 81 84 80 73 64 60 68 73 82 102 72 81 62 76 85 80 86 72 58 68 84 81 69 98 61 73 60 84 71 65 73 148 0.03 6 
12 457 445 114 39 41 42 33 33 34 44 38 42 40 33 40 38 40 46 42 33 37 51 31 39 39 37 32 39 38 43 39 38 33 38 36 41 36 35 37 33 31 35 38 45 31 45 39 38 42 41 39 47 31 41 41 34 36 36 36 38 33 35 35 152 0.04 8 
13 322 178 142 76 74 71 76 69 67 73 64 75 75 69 68 67 81 73 75 71 75 76 73 67 68 77 68 73 67 79 67 66 71 69 71 72 65 74 71 67 66 73 79 74 77 68 68 70 65 72 63 75 72 63 75 80 72 70 74 71 71 59 68 213 0.02 4 
14 428 388 106 55 66 59 54 27 54 66 57 53 41 43 36 57 43 48 61 64 56 50 64 27 69 48 69 60 52 52 48 53 59 59 38 64 46 54 55 52 48 53 43 38 54 43 53 64 49 48 60 52 55 61 79 74 39 67 47 66 66 52 36 159 0.02 4 
15 275 73 50 26 39 26 22 5 26 20 53 7 18 10 25 24 22 8 35 12 21 19 17 31 21 19 24 12 42 41 25 30 40 7 14 14 33 18 24 22 10 26 2 25 13 28 17 32 8 27 18 23 31 24 30 17 33 38 22 21 21 19 21 75 0.05 10 
16 99 257 15 24 8 8 39 23 14 11 32 31 10 3 24 31 31 17 3 3 11 15 37 6 25 17 26 14 8 6 10 9 15 23 6 25 9 24 5 30 19 10 21 1 12 14 19 25 17 0 11 28 19 7 3 0 5 15 23 0 15 35 1 30 0.09 18 
17 53 25 68 76 63 65 66 56 56 65 73 79 65 72 65 66 58 68 78 59 72 72 68 69 59 60 67 60 65 68 63 75 74 68 82 59 62 59 67 67 71 68 66 74 68 66 66 55 71 72 64 64 72 61 61 62 61 71 68 76 68 65 73 136 0.02 4 
18 38 401 89 87 91 83 83 78 82 86 86 83 89 74 84 91 80 90 87 80 89 93 99 96 91 105 92 95 85 83 78 72 93 92 77 79 98 97 86 80 84 97 76 97 89 82 100 94 94 100 97 102 84 100 96 105 79 94 75 83 81 93 84 178 0.04 8 
19 196 121 237 86 83 75 94 77 80 79 82 79 77 88 79 73 71 77 75 89 79 77 83 85 78 73 77 96 89 80 77 79 67 77 82 99 110 61 71 71 72 77 66 101 95 73 78 74 60 73 60 75 80 82 61 86 83 74 92 95 80 84 104 316 0.07 14 
20 22 282 45 41 38 48 31 40 42 35 42 41 54 50 39 40 55 38 43 42 38 37 46 33 35 48 52 48 42 53 44 43 45 45 40 45 52 45 43 43 36 46 38 52 48 55 40 50 49 42 48 56 53 50 40 43 39 58 41 43 50 42 46 90 0.09 18 
21 293 366 168 75 93 78 84 86 72 71 80 78 90 90 78 79 80 77 73 79 94 74 71 83 78 71 77 91 93 84 71 87 75 88 93 97 89 74 85 80 79 83 71 94 76 79 90 88 81 77 80 85 73 93 80 79 79 100 78 83 82 77 89 252 0.08 16 
22 387 197 70 37 32 36 35 33 36 31 33 36 37 33 36 36 34 29 35 35 38 33 32 34 36 34 32 36 36 34 35 36 32 37 38 35 34 34 34 37 32 33 41 35 34 35 34 34 36 32 34 33 38 39 37 36 33 33 37 33 36 36 36 105 0.03 6 
23 99 465 11 16 4 12 0 0 13 0 10 19 20 13 8 4 11 8 1 35 7 12 0 0 0 8 9 9 11 13 2 14 19 0 15 2 14 1 17 0 5 19 22 0 12 13 12 10 1 20 21 0 4 5 3 0 12 3 0 9 35 11 16 22 0.04 8 
24 375 287 36 7 2 8 4 1 0 30 5 0 0 1 20 0 15 2 14 5 20 9 32 19 22 4 6 18 9 1 16 6 0 8 0 9 5 13 9 6 0 9 21 12 16 46 1 12 20 12 0 2 7 14 10 14 4 10 7 30 11 21 7 48 0.06 12 
25 350 403 124 63 62 62 61 62 64 62 58 57 65 64 59 61 62 61 61 61 57 62 62 63 59 61 56 64 59 64 64 59 62 60 60 62 56 64 63 60 63 63 61 60 64 65 63 62 63 63 66 63 58 63 61 62 60 61 60 61 61 62 62 186 0.09 18 
26 133 434 28 3 4 22 6 9 4 1 16 12 17 10 11 13 15 14 17 13 10 14 6 13 21 11 17 15 19 11 5 7 30 12 12 10 24 17 13 18 9 12 22 18 17 16 14 26 13 14 9 17 9 16 15 11 5 21 15 13 3 16 9 42 0.08 16 
27 234 214 132 52 45 49 44 25 44 49 48 55 38 49 33 48 37 51 38 46 30 45 46 45 39 48 21 32 34 37 55 44 56 41 49 45 43 44 37 47 61 52 37 37 42 42 50 43 39 40 44 29 38 48 46 45 31 43 36 56 44 40 54 176 0.07 14 
28 340 149 71 64 65 73 74 73 71 62 66 73 65 71 65 74 74 73 80 78 66 79 74 60 71 74 71 62 67 59 75 71 69 71 71 68 68 72 67 75 72 64 77 78 77 72 73 76 69 71 77 73 72 70 72 69 67 69 72 63 66 72 70 142 0.04 8 
29 417 351 90 88 91 91 93 86 82 90 94 89 89 87 94 96 90 90 88 91 84 93 88 90 90 88 96 86 94 94 89 86 94 91 88 93 83 96 93 86 92 89 94 88 88 89 92 91 91 90 88 84 85 84 92 88 86 90 91 89 88 84 88 180 0.03 6 
30 185 314 72 78 75 91 69 69 74 85 83 79 67 70 54 78 75 88 73 71 67 71 88 70 73 71 85 71 74 77 76 89 69 68 65 80 84 89 62 74 75 71 86 71 73 85 72 75 70 87 79 56 84 75 90 79 86 87 71 76 73 71 53 144 0.05 10 
31 367 463 88 93 84 86 89 80 87 85 85 82 91 85 79 89 91 90 78 94 86 85 86 89 84 90 92 92 87 92 90 90 85 93 92 85 90 87 91 86 85 85 85 92 86 86 88 80 91 82 88 85 84 83 80 89 89 93 86 82 88 88 85 176 0.03 6 
32 414 369 156 76 77 81 73 76 71 87 79 80 73 80 78 82 76 78 79 75 76 83 77 76 75 75 80 74 76 78 75 80 76 75 79 77 86 81 79 79 83 84 80 79 75 76 81 80 77 74 81 81 78 78 77 79 76 81 73 79 75 76 79 234 0.06 12 
33 159 423 54 56 53 57 49 67 50 51 50 52 58 46 67 48 53 49 64 62 54 60 52 56 52 47 50 61 54 49 58 54 51 51 63 73 55 40 52 59 69 47 71 53 76 60 40 60 43 53 43 56 62 50 43 65 49 59 50 50 49 45 64 108 0.07 14 
34 448 357 32 5 17 11 18 0 11 7 10 19 10 20 5 14 24 20 19 30 20 4 11 26 21 24 20 9 17 21 20 15 23 18 24 9 22 10 11 24 20 12 24 13 23 19 11 17 12 13 25 25 21 17 25 34 0 20 10 15 27 19 21 48 0.06 12 
35 51 157 45 44 43 45 45 42 44 44 43 44 47 45 43 45 44 47 45 47 42 44 48 45 44 44 40 44 47 44 47 46 48 42 42 45 45 45 43 44 45 44 42 46 45 47 44 47 45 43 42 42 47 45 43 46 42 44 49 45 44 43 48 90 0.02 4 
36 432 375 34 31 29 32 26 32 36 41 43 35 42 34 27 33 35 22 34 22 31 43 28 33 26 34 34 26 33 33 29 34 28 28 36 36 32 32 31 39 33 32 29 36 34 36 37 33 41 32 31 38 31 27 29 31 36 32 35 31 30 36 28 68 0.03 6 
37 87 477 297 102 100 96 99 99 104 102 103 95 86 100 93 101 93 95 97 98 105 98 97 102 97 107 97 96 102 105 92 97 92 100 94 102 97 104 102 94 105 99 100 98 103 90 101 106 89 93 98 104 101 102 102 102 101 97 99 109 93 98 95 396 0.05 10 
38 341 199 174 44 53 63 69 56 58 65 57 59 53 48 45 45 50 57 46 62 60 51 69 54 59 62 55 54 46 67 47 61 56 56 66 69 48 61 53 63 63 64 46 50 55 63 53 62 70 58 60 55 53 59 56 42 46 55 62 59 54 51 47 232 0.08 16 
39 133 141 16 21 17 13 13 6 23 1 5 28 10 16 8 8 15 10 16 36 19 12 11 19 12 20 33 1 6 16 16 8 5 11 9 1 17 34 7 8 15 0 20 2 21 22 11 18 30 34 9 13 18 14 32 19 14 18 13 28 1 3 18 32 0.07 14 
40 46 37 65 71 65 54 72 82 65 72 55 74 70 76 63 56 59 76 60 62 72 69 59 57 60 76 66 68 68 68 63 68 67 66 62 68 70 59 72 49 58 45 58 68 65 80 76 55 73 75 48 60 53 78 68 75 60 64 73 63 68 67 67 130 0.05 10 
41 290 157 33 29 45 31 15 33 35 40 22 30 43 31 34 28 46 14 27 31 52 38 22 27 36 30 20 40 41 33 32 38 35 19 42 33 36 26 25 30 26 26 42 40 49 37 41 17 33 33 35 33 23 31 43 24 49 26 36 35 30 23 40 66 0.03 6 
42 182 272 117 40 44 36 40 39 40 40 39 39 36 39 37 38 40 40 40 37 41 38 39 41 37 40 38 40 39 40 36 38 39 36 39 42 33 34 40 36 38 39 41 39 39 40 39 38 40 37 37 39 41 35 37 40 37 35 40 40 40 41 38 156 0.05 10 
43 97 258 108 30 37 34 41 37 34 32 48 33 38 36 34 41 33 43 36 29 29 45 23 30 25 37 31 30 32 36 40 40 35 42 40 37 29 46 33 45 24 38 52 47 29 33 33 27 51 39 44 34 25 45 37 25 49 51 27 36 43 25 39 144 0.05 10 
44 220 176 50 21 24 26 25 24 25 22 32 25 20 25 21 25 25 27 29 26 27 26 28 22 26 31 27 29 25 17 19 19 22 27 18 29 18 24 20 19 24 20 24 23 23 29 30 31 26 25 17 24 34 25 23 26 28 24 29 26 24 25 23 75 0.09 18 
45 453 308 87 25 20 28 28 36 25 25 32 29 33 34 38 27 29 23 26 17 29 37 41 18 29 31 33 27 32 38 24 25 21 34 21 35 26 33 31 27 22 22 38 28 27 32 37 26 36 35 33 20 28 29 26 28 19 22 31 22 37 31 29 116 0.09 18 
46 169 188 39 16 0 17 14 12 5 8 16 22 11 9 4 14 19 28 13 11 9 23 17 8 10 12 21 12 3 29 25 21 31 17 16 15 21 12 6 23 11 6 10 1 11 6 19 26 9 17 15 22 17 3 3 8 18 25 22 20 27 11 15 52 0.09 18 
47 269 202 177 60 61 52 61 70 52 61 60 60 58 60 62 67 60 61 60 55 58 54 56 57 43 54 62 60 61 59 60 60 53 75 57 61 50 53 64 63 52 51 74 68 68 55 60 64 72 65 56 64 64 52 69 63 59 54 63 66 52 66 66 236 0.09 18 
48 82 30 66 65 66 64 62 66 66 68 65 68 67 67 64 66 64 67 63 62 67 66 62 66 64 64 67 65 66 64 65 68 65 67 66 61 67 66 65 65 71 62 66 66 63 67 64 64 67 67 65 67 68 65 64 64 63 63 65 63 63 64 62 132 0.06 12 
49 431 280 189 62 62 60 62 62 68 65 63 63 65 61 60 60 59 59 63 56 58 62 61 65 64 65 62 59 66 63 65 63 63 65 61 62 61 61 60 61 59 62 59 62 60 62 64 60 62 58 61 65 64 64 60 63 65 63 65 63 64 62 63 252 0.02 4 
50 269 389 29 32 35 29 36 34 32 35 31 32 26 33 35 23 30 18 35 24 19 28 21 21 35 29 49 39 39 17 21 7 16 29 28 31 27 7 38 20 25 43 36 25 14 30 32 23 17 36 18 32 23 15 21 28 29 45 43 17 35 12 21 58 0.06 12 
51 340 436 152 72 68 80 73 74 89 83 77 71 81 66 83 64 76 72 82 79 65 71 74 71 66 84 74 71 81 73 66 80 77 65 76 70 68 66 83 86 81 80 75 62 74 69 97 70 84 74 55 75 85 81 70 87 92 73 70 81 76 79 76 228 0.05 10 
52 174 161 53 58 50 53 57 60 58 47 58 44 44 53 60 42 57 49 50 48 62 54 54 60 50 49 54 58 62 55 53 36 55 43 45 45 40 48 50 55 55 59 54 48 48 52 51 50 56 50 63 47 48 55 42 51 53 64 42 54 47 56 60 106 0.07 14 
53 36 472 219 74 65 80 76 82 72 68 75 75 66 80 74 71 66 76 75 67 68 63 75 64 61 70 66 67 73 75 69 71 70 76 72 68 72 61 78 66 81 71 72 63 74 80 68 73 83 68 71 81 76 80 78 75 56 79 66 69 79 89 76 292 0.02 4 
54 343 418 70 38 36 38 32 30 40 39 35 28 36 36 33 35 29 42 34 37 34 32 34 36 37 36 32 38 29 32 31 33 38 31 39 37 30 34 35 34 36 37 34 36 34 37 37 39 32 34 39 33 35 38 34 37 37 33 36 38 36 36 36 105 0.04 8 
55 457 332 114 33 29 34 31 38 39 21 40 33 41 29 33 33 37 41 30 38 22 54 39 34 35 29 25 45 35 40 43 43 46 47 32 34 44 44 37 38 41 45 30 43 43 34 30 36 35 48 37 35 31 32 39 30 23 35 35 32 46 40 43 152 0.06 12 
56 295 465 41 37 41 39 40 39 40 42 40 43 39 44 40 40 39 42 41 37 41 42 44 41 38 40 40 42 42 40 43 40 42 38 41 40 40 45 39 41 42 38 38 45 39 41 43 40 40 41 39 45 40 39 41 39 41 44 41 38 40 37 42 82 0.02 4 
57 43 317 94 45 43 50 45 39 44 45 50 44 43 53 43 49 38 51 53 45 48 53 54 46 54 44 44 46 47 48 47 42 43 43 47 47 51 43 47 51 42 52 45 45 51 55 49 38 40 50 39 48 46 38 45 43 44 41 45 48 53 45 61 141 0.04 8 
58 367 14 219 73 69 73 85 71 80 72 73 69 67 70 67 70 69 76 75 69 71 76 72 71 71 76 67 69 72 72 70 74 66 70 74 71 70 76 68 73 65 62 74 70 64 70 72 86 67 67 83 65 71 70 76 63 71 78 72 77 79 75 74 292 0.07 14 
59 242 251 105 28 47 29 26 36 37 34 29 54 40 31 47 30 34 37 44 31 31 36 30 41 36 35 19 31 25 37 30 28 42 35 36 36 24 36 45 41 28 28 21 38 25 30 36 35 36 27 37 32 29 26 35 38 32 44 37 25 25 30 37 140 0.03 6 
60 136 46 156 52 52 49 54 54 53 49 54 51 51 50 54 52 57 57 50 55 49 57 51 55 55 52 44 56 55 59 51 50 52 48 55 51 51 47 47 51 52 50 55 54 52 53 50 55 54 51 54 53 54 46 54 49 46 50 55 49 49 54 48 208 0.05 10 
61 70 493 282 95 95 91 94 94 91 97 95 95 100 91 96 95 99 92 96 101 99 97 93 94 92 98 91 94 97 96 90 88 92 89 97 98 96 94 92 92 88 98 92 100 95 93 89 94 94 97 92 92 98 95 96 95 95 97 95 97 96 89 93 376 0.06 12 
62 71 436 50 25 25 26 24 25 26 26 25 29 21 26 17 25 25 27 22 25 27 22 21 25 27 27 24 28 26 23 22 22 27 26 27 23 24 24 26 27 23 24 28 24 26 24 26 24 26 24 25 25 25 28 24 24 25 23 22 26 25 26 24 75 0.09 18 
63 6 403 46 44 45 45 46 47 50 44 48 47 49 47 47 46 44 45 45 48 49 45 45 44 44 45 52 45 45 45 46 47 47 46 47 45 42 47 44 44 49 45 46 51 46 47 45 43 46 47 45 48 43 47 44 41 46 43 46 49 46 46 47 92 0.07 14 
64 307 154 118 66 65 68 54 52 63 70 63 57 63 51 58 66 63 65 61 42 46 45 55 57 55 31 53 62 66 70 74 40 72 48 58 55 68 65 63 55 56 66 45 47 64 65 48 45 59 50 60 57 67 49 65 63 67 64 42 60 54 66 53 177 0.03 6 
65 325 165 135 36 45 46 41 30 45 50 44 45 45 47 58 49 58 51 53 47 51 47 50 58 48 39 40 42 47 42 43 50 36 42 43 40 40 41 43 43 52 40 46 56 47 38 32 48 37 46 36 39 46 33 39 43 44 50 45 46 39 39 41 180 0.08 16 
66 88 87 44 15 23 28 27 16 31 24 10 20 19 13 11 27 26 43 17 24 45 19 21 11 9 13 22 28 16 15 15 20 24 35 31 6 19 23 18 13 23 17 34 27 39 45 26 21 24 29 17 20 27 25 28 23 19 12 18 12 21 28 17 66 0.06 12 
67 470 105 102 25 42 39 40 24 35 28 25 30 25 34 32 31 37 33 12 30 26 46 18 33 27 25 53 37 33 33 29 46 47 31 8 46 29 45 27 45 24 52 35 19 25 18 24 30 31 34 41 21 33 28 30 33 29 34 40 28 43 33 34 136 0.03 6 
68 130 463 190 90 97 96 100 86 95 89 97 100 94 87 96 100 97 93 97 95 99 90 93 99 102 98 88 90 91 99 93 90 91 95 97 93 95 100 99 91 99 100 96 100 100 87 97 101 98 84 97 91 97 90 75 91 94 94 91 97 92 96 92 285 0.07 14 
69 244 193 42 41 38 40 42 39 46 41 45 41 47 42 42 41 41 43 40 42 42 40 44 40 41 34 46 38 43 40 42 45 37 41 41 43 39 39 39 48 46 42 37 44 41 43 40 44 40 45 42 46 38 44 40 37 47 42 45 37 37 45 40 84 0.03 6 
70 11 454 108 47 42 26 40 34 36 40 44 32 33 23 38 37 41 27 39 41 31 50 30 34 30 29 31 34 36 34 34 43 40 38 48 53 32 34 43 38 28 36 31 39 30 33 23 39 37 42 27 32 33 27 33 28 38 39 39 14 44 37 41 144 0.06 12 
71 455 201 82 35 47 45 35 46 34 38 29 43 46 44 50 37 46 38 37 43 46 41 44 44 43 45 35 42 36 39 48 30 38 39 44 52 32 47 42 50 33 39 36 45 46 18 39 43 40 57 45 36 31 47 35 32 52 50 45 36 38 41 38 123 0.08 16 
72 416 150 74 49 34 49 41 51 40 35 28 50 39 43 23 38 45 20 43 37 42 30 31 54 44 46 41 28 41 32 25 49 35 41 42 33 39 24 17 39 47 37 64 43 50 28 33 44 21 40 41 32 21 47 34 31 43 52 48 36 42 45 28 111 0.09 18 
73 175 365 45 30 16 21 13 7 17 17 9 13 13 20 17 15 22 8 8 10 15 18 25 17 7 8 24 14 18 20 13 10 10 17 15 24 19 25 21 12 18 19 11 13 14 19 7 10 8 11 20 21 12 15 12 7 11 0 11 10 12 0 14 60 0.05 10 
74 55 64 26 35 16 28 14 35 11 23 22 18 36 33 43 16 9 21 32 24 27 31 18 18 17 12 18 17 24 37 26 33 44 20 25 19 12 12 21 45 19 25 36 14 33 23 21 22 39 21 32 30 15 35 21 23 40 25 40 20 25 22 29 52 0.04 8 
75 276 38 99 32 35 34 35 28 35 30 37 36 32 31 26 28 31 32 34 32 32 30 29 34 34 31 33 30 37 29 32 30 31 31 33 25 32 32 34 34 31 27 29 36 31 32 34 30 27 36 31 29 35 33 35 34 30 27 31 33 32 37 32 132 0.03 6 
76 24 380 134 56 71 74 71 68 71 78 60 67 73 67 69 71 71 63 63 74 74 73 76 75 72 64 79 56 64 71 70 61 64 59 59 72 67 62 71 70 75 52 63 73 59 75 50 71 72 75 75 79 47 77 73 70 74 59 78 63 68 76 75 201 0.07 14 
77 58 397 174 81 86 87 79 84 85 92 92 85 85 88 90 86 86 86 83 88 84 87 84 88 90 84 88 91 85 83 90 84 83 83 78 86 86 85 91 88 88 96 84 94 96 86 86 85 85 87 87 88 86 95 81 90 82 89 93 90 84 90 84 261 0.05 10 
78 196 22 90 52 54 50 55 33 43 56 36 56 53 36 51 28 54 50 44 48 58 44 59 29 28 52 32 45 45 51 42 47 60 61 39 53 36 40 38 32 49 48 44 49 47 28 36 35 50 46 36 31 28 32 48 56 59 45 55 51 39 52 44 135 0.06 12 
79 19 160 138 77 64 71 72 72 73 73 73 69 66 71 74 73 62 72 68 68 69 66 73 71 65 73 78 76 71 67 63 61 63 73 70 69 72 66 71 69 62 73 76 74 65 59 68 68 69 71 73 65 71 71 66 70 66 76 72 75 66 70 67 207 0.05 10 
80 110 138 69 68 70 68 68 68 68 67 67 65 68 68 67 67 66 74 72 68 69 66 68 72 67 72 68 65 66 66 69 65 67 71 67 67 71 69 70 63 69 68 69 70 65 71 66 67 71 71 71 72 66 68 67 70 68 68 68 68 67 68 69 138 0.02 4 
81 418 21 15 7 21 20 22 26 15 15 17 16 18 6 15 9 18 0 3 8 13 23 7 0 14 0 8 11 6 21 8 10 19 10 16 4 24 14 22 27 0 12 7 10 28 14 25 23 13 13 14 33 5 19 23 5 18 0 8 0 23 15 11 30 0.03 6 
82 295 148 294 102 93 95 89 99 92 110 97 90 102 102 95 107 100 108 84 101 113 111 112 100 95 87 105 98 98 106 97 119 106 107 90 103 98 96 107 109 93 97 106 95 103 99 88 93 103 89 89 92 107 112 97 99 97 104 93 98 102 100 113 392 0.07 14 
83 261 116 261 85 90 88 93 83 84 87 78 98 85 94 74 56 85 96 96 79 78 86 92 78 87 82 95 85 79 103 77 93 79 91 89 81 90 86 85 85 83 95 82 83 87 96 84 82 82 81 91 86 94 92 84 93 85 89 80 77 91 78 82 348 0.04 8 
84 220 11 184 83 94 90 100 70 102 68 79 94 85 82 89 95 93 92 97 90 93 101 86 128 93 101 108 87 91 91 94 86 99 88 85 96 90 81 77 73 82 97 95 93 87 105 91 100 91 92 100 87 106 93 82 84 99 85 78 81 80 82 86 276 0.02 4 
85 81 276 32 35 42 32 26 45 13 24 15 41 14 26 34 26 31 35 40 35 30 47 40 41 26 44 36 14 27 40 27 36 38 26 33 33 44 36 11 34 34 26 33 38 32 32 39 31 22 38 29 37 30 29 39 26 12 33 39 28 41 25 45 64 0.07 14 
86 273 272 92 40 45 49 43 46 44 46 44 47 44 41 40 45 45 50 38 44 46 46 43 39 42 43 47 47 47 50 45 44 42 48 47 48 52 49 45 43 48 50 49 47 45 49 43 52 44 38 48 44 49 50 49 43 49 42 41 39 46 40 43 138 0.08 16 
87 245 337 44 46 44 43 32 32 44 41 51 46 31 33 50 60 31 60 50 42 53 45 32 57 50 45 43 37 42 29 31 48 41 33 40 49 40 43 42 54 44 39 50 47 35 43 39 39 24 48 54 45 46 40 37 45 44 48 41 43 36 50 34 88 0.08 16 
88 56 287 154 64 82 72 73 76 81 76 78 77 78 71 80 86 72 66 73 78 75 74 76 73 68 76 72 81 79 71 73 80 78 78 82 86 78 82 80 79 81 73 66 83 77 78 75 77 73 70 74 69 85 81 80 80 83 79 78 73 70 81 73 231 0.09 18 
89 469 103 90 32 28 31 29 29 29 30 29 31 30 24 28 30 30 32 30 28 30 31 29 26 30 31 32 29 31 30 28 32 26 28 27 30 29 31 30 31 30 28 31 29 29 28 32 29 31 30 34 28 30 27 28 32 30 32 29 29 31 33 29 120 0.08 16 
90 94 183 63 22 18 23 18 22 19 23 25 17 28 18 24 21 23 18 27 20 19 22 16 21 19 15 23 21 21 24 25 19 24 18 20 22 25 22 20 18 21 23 24 18 23 22 21 24 21 19 16 15 17 26 16 23 25 19 18 27 18 21 20 84 0.04 8 
91 265 229 100 92 89 102 98 104 100 99 105 112 94 101 89 102 95 107 88 100 95 108 96 94 101 110 103 94 108 88 105 97 106 96 108 100 101 109 104 89 92 99 97 96 101 105 100 97 100 100 96 104 103 93 101 110 103 95 97 102 111 97 95 200 0.09 18 
92 63 260 25 26 27 26 24 33 25 26 23 22 25 23 24 21 26 25 25 20 21 23 20 27 23 25 21 20 27 24 30 24 23 30 22 32 17 23 26 22 22 26 19 23 23 19 31 25 22 22 24 25 25 22 30 20 29 22 23 25 27 25 20 50 0.02 4 
93 67 86 54 20 16 9 19 31 9 1 13 17 28 11 20 9 19 6 13 16 12 15 16 13 13 13 16 27 22 21 13 26 7 19 13 31 15 19 5 30 11 11 34 28 19 19 29 25 21 21 8 11 10 21 26 19 12 13 18 16 2 20 24 72 0.03 6 
94 409 287 216 78 67 79 69 81 79 74 64 77 81 87 78 52 82 72 84 67 71 53 77 80 67 80 64 79 70 65 73 75 74 76 82 59 73 68 64 79 87 73 71 89 70 71 81 65 86 71 63 68 77 71 78 62 64 73 78 78 66 63 78 288 0.06 12 
95 149 262 64 31 27 38 13 30 35 29 36 28 32 32 33 30 20 37 25 38 17 24 25 40 31 31 29 31 40 40 35 39 34 28 40 27 31 21 38 35 31 43 34 33 35 27 35 33 24 33 20 22 18 36 28 25 45 40 27 35 33 38 41 96 0.09 18 
96 451 84 71 69 69 74 72 68 69 72 71 65 73 74 67 69 70 71 63 72 70 72 72 73 67 70 74 70 75 67 67 70 72 70 69 69 75 73 69 74 74 70 72 67 72 71 72 69 71 73 71 74 71 74 72 69 72 68 75 74 70 72 76 142 0.05 10 
97 153 311 180 93 103 93 84 87 81 96 102 103 92 83 97 86 91 89 90 100 103 76 76 101 98 94 86 103 99 72 91 86 105 93 117 86 91 91 89 102 77 74 92 84 102 67 97 82 85 78 95 80 86 67 106 83 99 94 80 96 98 94 90 270 0.03 6 
98 158 20 21 13 23 22 17 17 20 15 19 17 23 26 25 23 16 21 25 24 28 21 21 17 27 29 18 19 22 15 17 18 18 20 29 23 24 25 20 11 21 17 14 29 19 12 23 22 17 9 22 30 17 25 22 25 17 20 18 24 32 5 15 42 0.03 6 
99 261 365 22 18 22 31 24 26 19 27 19 18 18 24 17 6 10 30 22 18 12 19 15 23 29 23 27 18 20 25 27 30 10 27 22 27 19 16 13 23 29 19 25 32 18 17 16 19 23 8 16 29 28 17 18 16 10 32 18 20 18 20 18 44 0.05 10 
100 276 447 183 62 63 59 58 52 56 59 56 58 57 60 59 58 63 59 60 63 57 58 61 58 63 57 59 60 59 58 56 59 60 60 58 57 63 60 61 61 56 65 61 58 58 60 63 64 62 61 58 59 62 63 62 62 60 54 64 65 57 63 62 244 0.08 16 
101 293 218 184 97 97 101 108 82 85 90 96 72 101 87 94 92 86 101 79 92 82 111 85 99 83 84 97 91 89 99 88 84 91 98 86 90 97 105 86 99 84 91 91 84 94 82 96 85 90 90 96 80 98 97 80 90 83 89 95 78 111 89 88 276 0.08 16 
102 162 28 68 33 31 34 35 34 32 32 37 31 36 34 34 33 34 36 33 35 34 34 34 31 32 34 33 30 36 36 33 35 34 33 33 36 36 29 30 32 34 35 34 29 35 33 31 34 34 31 31 33 33 30 31 36 33 33 34 33 33 33 33 102 0.07 14 
103 75 86 58 39 24 24 33 21 37 35 25 37 36 23 31 30 35 26 33 22 30 24 31 21 36 27 28 31 30 36 25 31 33 28 23 28 27 34 23 22 34 24 23 37 26 35 21 30 38 32 31 23 27 26 24 25 28 27 32 22 30 39 24 87 0.09 18 
104 356 229 83 71 89 89 82 99 73 80 89 85 85 86 74 81 72 77 76 79 81 74 75 69 82 80 70 93 78 92 80 90 84 82 90 98 85 87 78 78 83 93 76 87 87 80 73 85 79 75 75 79 79 61 88 82 83 84 85 86 89 78 81 166 0.06 12 
105 413 326 231 76 82 72 78 82 78 80 84 83 80 67 81 72 88 55 83 53 70 80 71 75 68 76 77 87 69 61 96 84 64 80 74 74 87 75 79 82 88 94 82 74 63 74 85 83 82 76 77 79 76 76 75 110 67 75 78 60 71 72 72 308 0.08 16 
106 286 252 73 71 75 73 71 71 72 74 75 76 71 75 69 72 69 68 73 69 73 75 75 73 72 70 74 75 72 74 77 74 74 78 74 74 76 76 76 71 70 69 74 74 73 73 74 73 75 75 77 69 75 73 73 72 74 72 72 73 74 73 72 146 0.09 18 
107 478 497 53 47 58 47 57 58 46 53 49 49 55 51 55 56 53 58 51 45 52 49 48 52 50 48 45 41 48 56 43 53 51 53 53 54 52 54 52 57 53 55 55 57 48 53 55 51 51 52 54 52 52 54 61 50 50 49 44 54 56 52 52 106 0.08 16 
108 444 129 165 52 58 53 53 55 56 60 54 57 53 51 54 50 58 56 56 52 54 57 56 52 54 53 51 49 55 51 48 52 53 52 52 55 55 55 54 58 54 51 52 51 53 60 56 52 61 54 53 54 52 56 53 56 50 57 55 52 52 55 55 220 0.09 18 
109 100 422 134 68 59 61 65 64 63 71 65 67 66 68 63 63 65 69 66 65 65 64 70 67 67 62 67 64 70 65 71 69 71 61 65 68 64 62 69 66 65 68 64 69 60 69 64 68 65 63 66 67 71 66 66 69 70 68 67 68 61 67 69 201 0.04 8 
110 403 362 78 76 83 72 70 79 83 81 75 78 81 88 71 72 77 76 84 74 77 81 79 78 83 84 84 74 76 74 75 77 72 87 76 80 78 74 85 75 87 75 74 73 81 78 76 74 76 76 68 73 73 87 83 81 78 79 79 78 79 76 76 156 0.04 8 
111 19 281 291 86 92 89 106 95 82 103 93 88 103 93 94 94 84 95 92 102 91 96 96 98 98 93 103 96 97 96 97 98 98 102 99 99 94 99 103 99 87 91 97 92 99 99 88 104 98 101 96 111 104 94 106 95 93 90 101 87 99 100 96 388 0.09 18 
112 62 326 36 11 15 15 19 11 14 8 7 5 8 6 10 8 0 8 6 20 12 0 12 7 13 33 12 14 2 17 2 11 3 16 10 13 13 19 12 4 3 20 7 0 18 11 19 13 15 10 9 9 5 8 12 22 1 21 16 12 11 10 20 48 0.06 12 
113 475 149 15 24 18 11 13 28 10 9 8 8 11 0 13 4 14 10 10 19 12 5 12 24 24 13 31 2 6 18 10 10 7 0 11 20 20 16 10 10 13 17 22 13 11 6 10 17 19 10 4 7 31 18 16 15 20 17 7 14 11 17 16 30 0.06 12 
114 253 347 88 98 93 91 86 76 94 74 93 83 79 74 100 88 85 84 91 78 92 83 79 97 90 69 118 98 95 100 81 91 97 85 87 79 91 92 88 92 93 96 77 102 94 86 89 94 86 78 92 81 85 86 88 87 77 80 86 97 77 94 89 176 0.06 12 
115 493 369 54 29 38 32 29 23 25 46 29 21 39 27 16 26 14 28 12 19 40 22 27 38 23 28 32 41 16 30 25 12 21 19 18 35 27 25 20 35 24 24 14 26 26 24 22 19 28 19 23 39 28 33 28 20 33 28 29 36 25 26 31 81 0.08 16 
116 96 127 87 32 25 27 31 29 29 29 31 27 30 30 29 28 28 28 28 31 27 31 26 32 27 31 31 28 29 27 28 26 28 27 30 25 28 30 26 29 25 29 26 30 31 26 26 30 30 27 31 32 30 28 29 29 30 29 27 30 30 29 29 116 0.04 8 
117 359 144 130 64 65 58 61 61 61 62 63 69 64 65 59 62 62 71 65 70 60 57 63 56 60 56 63 60 61 61 64 65 61 74 62 63 64 62 69 60 69 63 64 62 58 62 67 68 59 69 69 57 59 61 65 61 63 62 73 71 70 56 67 195 0.04 8 
118 326 466 132 62 67 61 77 74 58 68 66 77 57 60 67 65 62 62 75 64 65 67 81 59 60 56 65 59 63 80 47 62 60 65 51 66 63 66 70 64 61 70 60 67 47 76 70 82 60 61 62 64 61 54 71 59 62 56 68 79 65 61 62 198 0.06 12 
119 197 286 270 92 87 89 85 95 83 93 89 86 92 92 90 88 92 92 89 86 93 92 89 89 94 92 91 93 89 92 86 85 92 89 84 85 87 90 91 88 84 87 91 87 97 85 85 86 85 88 84 87 89 87 94 86 90 90 90 93 88 91 90 360 0.05 10 
120 141 416 57 55 57 56 52 58 59 55 57 57 57 56 58 56 58 59 54 56 56 56 56 56 58 60 61 57 55 57 56 57 57 55 55 58 58 57 56 57 58 54 54 55 56 59 55 55 57 59 58 60 54 56 51 58 59 58 55 56 57 55 59 114 0.05 10 
121 217 482 90 36 32 44 29 30 42 40 28 34 35 25 18 23 28 28 43 25 28 33 33 31 34 37 29 24 26 28 28 38 20 30 23 24 31 29 36 28 20 30 47 26 30 30 21 39 40 35 40 21 25 24 34 38 23 33 44 31 32 21 35 120 0.05 10 
122 95 77 91 82 80 98 97 72 90 88 94 89 91 89 89 75 99 102 90 84 92 104 103 95 91 98 87 88 96 95 89 98 96 79 80 103 95 82 94 90 90 94 86 84 103 96 108 90 99 88 82 81 89 87 79 95 90 87 85 84 84 89 102 182 0.07 14 
123 275 413 42 8 13 8 18 16 9 17 15 8 6 18 7 21 17 23 18 8 15 16 14 11 12 19 4 4 16 14 7 7 19 5 18 25 12 9 23 20 11 8 7 14 12 12 10 15 10 15 16 7 10 11 4 21 18 14 17 20 14 15 7 56 0.06 12 
124 138 235 27 22 30 22 25 25 29 18 23 25 26 18 27 24 25 29 22 27 26 26 27 24 23 25 22 27 25 28 26 22 28 26 27 26 30 21 21 30 23 31 24 28 31 26 25 25 23 28 30 29 28 21 25 28 25 25 25 25 28 27 21 54 0.06 12 
125 367 247 174 56 61 61 59 57 57 57 56 57 60 61 58 59 58 57 65 49 60 57 57 62 51 53 58 60 60 58 57 60 63 58 64 57 60 60 54 56 62 61 60 58 53 54 54 63 61 52 58 55 58 60 57 55 55 61 54 55 52 60 58 232 0.05 10 
126 366 52 51 55 52 50 50 52 49 48 57 51 52 59 57 47 45 47 54 49 58 58 57 53 57 44 52 49 45 55 47 54 52 47 50 50 53 51 42 52 54 54 51 47 51 50 46 47 49 50 52 53 55 51 57 50 47 48 46 54 52 52 47 102 0.02 4 
127 130 52 186 58 62 55 70 62 55 64 63 57 58 65 65 62 70 60 52 51 62 75 52 64 65 69 58 59 52 63 65 71 65 63 72 53 70 61 55 67 65 58 55 55 49 49 62 57 59 72 52 61 62 66 62 65 73 61 57 75 68 56 66 248 0.06 12 
128 16 358 30 10 22 18 3 13 15 9 18 11 18 16 10 17 0 10 14 18 28 14 8 21 23 12 11 8 22 14 14 14 15 18 9 7 17 10 16 9 19 11 8 29 26 17 11 15 9 15 16 11 10 19 17 17 15 15 13 30 3 5 13 45 0.08 16 
129 482 161 165 39 44 66 50 55 56 48 60 53 55 62 56 57 49 45 56 56 49 52 60 57 52 56 53 51 64 46 49 67 44 52 61 70 55 45 41 59 68 53 47 55 53 60 64 27 53 68 56 46 45 53 38 44 63 57 53 43 43 50 52 220 0.03 6 
130 492 218 297 87 90 102 101 96 94 95 107 89 104 103 84 105 97 93 102 94 105 98 95 104 99 94 98 94 97 91 91 88 94 97 94 101 101 97 101 106 98 105 104 105 90 87 108 103 104 100 95 96 101 100 98 99 95 95 94 100 92 97 108 396 0.04 8 
131 162 51 72 44 51 26 38 40 22 40 33 31 28 40 38 44 30 31 32 28 33 30 50 37 33 37 29 57 34 36 45 39 40 34 32 42 28 33 46 27 40 43 38 36 37 40 37 31 42 32 34 30 36 28 25 42 31 47 32 45 25 37 31 108 0.05 10 
132 201 323 150 74 77 65 70 65 76 84 70 61 80 73 63 79 58 70 79 78 81 85 90 74 67 77 76 78 74 77 65 57 70 70 84 75 84 65 76 74 76 78 79 67 80 91 78 71 74 75 75 75 74 78 75 65 61 71 73 77 82 79 71 225 0.03 6 
133 7 297 198 76 63 65 78 64 73 62 72 82 64 60 69 78 64 57 69 65 53 59 60 63 74 56 56 70 67 58 68 64 66 59 59 71 65 74 60 57 70 59 68 67 68 75 81 65 67 76 64 60 60 57 61 73 74 64 61 63 71 57 64 264 0.04 8 
134 242 197 91 88 89 87 94 92 87 95 94 93 95 80 96 93 93 90 82 91 94 90 84 95 88 98 89 92 85 96 90 89 100 82 89 90 91 92 101 93 103 88 87 95 93 98 86 95 87 92 91 98 91 96 89 90 88 84 94 90 88 89 84 182 0.05 10 
135 77 117 90 25 35 30 14 23 25 20 33 31 34 26 19 26 30 33 29 23 27 26 30 25 37 35 22 28 31 35 24 47 25 20 33 26 35 26 39 23 26 31 28 20 28 30 40 32 29 27 29 22 19 29 36 17 34 28 22 42 34 40 26 120 0.08 16 
136 92 309 32 18 17 13 17 8 17 17 16 16 13 19 10 13 16 12 11 21 26 13 9 17 15 17 6 25 14 16 18 15 21 16 10 14 20 17 14 14 19 17 11 11 14 18 12 20 16 16 14 14 16 16 23 13 18 18 18 15 19 11 22 48 0.03 6 
137 277 31 64 25 13 44 26 43 16 36 31 23 42 46 42 20 43 38 29 17 24 25 28 18 26 31 33 36 50 27 51 32 37 37 31 18 14 38 38 28 36 28 28 14 36 39 34 25 18 30 39 30 27 25 8 35 32 22 36 40 45 22 18 96 0.08 16 
138 247 353 74 76 69 82 81 72 81 74 75 71 75 79 65 72 72 75 73 78 71 68 73 64 71 74 72 65 80 72 68 73 77 70 80 68 70 78 72 66 76 74 75 68 77 76 76 77 67 79 73 72 74 76 73 78 67 65 69 67 79 77 78 148 0.08 16 
139 373 211 164 82 80 86 81 82 84 82 80 86 83 83 83 84 87 78 81 87 80 81 82 89 81 86 78 78 83 81 83 80 79 81 79 86 83 85 79 78 84 78 80 86 82 79 83 81 83 87 77 85 79 80 76 83 76 80 82 79 80 83 84 246 0.02 4 
140 175 420 128 75 64 70 64 63 66 70 68 59 67 57 62 62 60 45 60 69 57 56 65 67 52 70 69 58 68 71 68 67 63 64 67 61 68 67 65 54 67 60 57 64 49 54 68 67 63 61 59 62 64 56 65 68 66 65 68 62 66 62 60 192 0.09 18 
141 302 23 162 51 51 63 55 48 42 40 56 50 59 55 49 60 64 57 63 49 59 61 60 60 55 37 51 49 51 63 36 55 35 54 51 52 58 60 51 49 50 52 55 37 50 64 64 43 49 46 58 54 43 51 52 60 50 63 57 58 56 48 50 216 0.02 4 
142 159 424 52 56 46 52 55 54 57 47 50 52 53 50 58 41 45 49 46 48 54 55 46 46 44 51 55 51 52 51 54 48 48 53 46 48 49 47 56 50 50 62 50 52 55 51 51 53 51 49 47 56 49 50 56 54 55 60 51 51 56 52 53 104 0.04 8 
143 53 310 246 93 62 91 85 75 100 70 80 88 69 82 93 72 94 85 96 66 101 86 79 77 91 87 81 77 87 87 87 72 92 71 81 83 78 72 78 66 103 86 75 79 77 95 88 72 86 91 81 81 80 103 64 75 96 81 93 82 83 74 82 328 0.06 12 
144 445 193 100 62 61 40 54 52 45 43 41 45 61 42 50 49 53 52 48 51 49 45 43 53 52 45 45 53 62 50 41 64 46 49 47 42 43 51 44 45 47 52 39 42 57 44 52 52 51 49 53 48 46 47 49 36 58 52 52 48 47 55 52 150 0.05 10 
145 150 479 148 75 76 74 69 64 71 73 72 71 85 76 71 71 80 69 72 74 79 73 80 73 75 74 69 67 69 69 68 72 73 74 67 70 85 72 79 68 76 78 76 74 82 62 76 75 73 76 85 68 70 76 69 73 75 70 74 68 69 62 67 222 0.03 6 
146 372 177 77 68 69 67 80 78 86 88 84 68 71 67 60 65 65 77 80 73 60 89 84 83 95 77 86 81 83 67 64 73 73 71 70 82 73 81 76 70 68 70 89 87 79 79 59 82 74 80 72 71 91 87 66 81 68 62 63 71 69 76 78 154 0.06 12 
147 293 7 83 60 100 82 71 74 74 71 91 79 72 88 82 88 82 63 95 79 93 90 71 88 70 75 86 96 83 91 77 81 74 63 55 92 69 98 81 70 80 102 92 82 90 92 67 81 69 83 85 76 80 90 83 80 79 84 89 83 70 78 87 166 0.09 18 
148 432 217 123 38 39 41 40 46 37 38 34 39 43 35 44 38 38 43 43 46 40 54 48 37 37 40 47 49 48 39 41 47 34 41 33 45 45 44 34 35 40 39 40 43 47 48 46 38 39 47 36 43 38 35 49 44 44 35 32 27 36 37 44 164 0.06 12 
149 230 361 168 56 51 54 58 54 54 55 52 56 56 53 56 59 55 58 57 59 55 54 55 57 55 56 56 57 57 52 53 53 57 54 58 56 53 54 57 59 57 54 54 54 57 55 58 54 51 54 57 57 58 56 56 57 54 56 56 60 57 52 58 224 0.09 18 
150 487 177 72 25 25 24 22 25 24 22 26 23 28 22 26 23 24 21 24 26 25 25 28 22 25 24 23 23 19 22 25 15 23 27 26 23 25 28 21 18 15 22 20 20 26 24 27 20 24 26 22 27 18 22 24 23 24 26 21 25 19 25 26 96 0.06 12 
