125 20 10065
0 498 439 19510 13872 13874 13871 13877 13873 13874 13873 13876 13872 13876 13872 13881 13876 13876 13876 13877 13874 13873 13875 13874 0.01
1 143 81 49 44 58 59 45 41 49 43 57 52 55 57 59 42 60 47 44 56 42 53 59 37 43 49 53 44 45 45 62 38 54 49 44 58 49 51 48 53 44 62 46 55 45 57 52 52 60 60 48 46 48 53 44 66 58 49 35 34 53 47 60 54 47 57 44 38 50 57 51 53 50 98 0.06 12 
2 260 326 285 94 95 94 92 97 97 96 96 98 93 96 94 92 98 93 96 93 93 98 93 93 93 93 96 95 96 93 93 92 94 90 95 96 95 90 93 99 99 88 93 97 93 93 93 92 97 93 94 95 89 88 91 88 97 97 92 97 101 97 95 90 94 93 99 98 97 92 98 95 97 380 0.04 8 
3 68 193 111 41 31 33 46 28 41 34 32 29 39 31 31 42 31 38 32 43 34 42 34 31 44 22 26 34 37 29 32 41 42 39 27 42 41 44 30 35 42 31 46 34 30 31 46 32 36 32 38 25 35 32 31 46 30 40 26 39 32 43 32 42 33 27 31 36 46 36 31 40 38 148 0.08 16 
4 259 260 60 7 26 27 20 19 23 14 16 15 16 14 24 23 13 13 30 22 23 23 25 19 19 21 17 27 13 22 14 22 24 19 20 14 21 19 25 19 21 12 22 19 16 16 14 22 28 22 13 16 13 13 24 3 11 16 15 20 16 13 24 15 18 24 28 8 29 22 20 13 22 80 0.07 14 
5 30 156 95 104 85 94 97 81 101 87 97 93 102 85 100 100 89 88 97 95 96 95 91 100 82 85 99 78 85 88 105 92 80 83 101 87 89 101 65 93 86 99 93 94 92 110 94 103 100 106 97 92 85 93 89 96 105 88 90 103 99 95 106 92 85 92 108 94 93 96 98 99 100 190 0.09 18 
6 424 456 50 52 52 45 49 50 51 40 45 56 55 51 56 54 52 49 48 50 50 47 52 51 46 46 51 49 50 52 63 42 53 48 47 40 45 56 50 47 57 45 46 54 51 50 56 53 55 57 51 49 42 53 36 58 56 46 48 55 56 47 56 49 45 43 49 52 44 53 61 58 48 100 0.06 12 
7 167 401 150 80 91 77 80 61 85 68 84 72 75 78 78 79 78 66 64 76 80 69 66 78 64 71 66 62 72 82 65 68 85 73 79 73 78 67 79 64 76 74 79 80 69 64 73 71 83 87 63 80 70 74 67 81 66 72 86 70 71 88 71 76 81 77 83 62 81 80 76 86 83 225 0.04 8 
8 58 108 27 26 27 27 24 29 29 27 19 34 24 31 27 22 32 25 37 22 33 25 31 23 33 25 32 25 20 29 30 24 20 21 25 23 27 24 25 27 26 25 33 24 28 25 25 28 27 31 27 22 30 22 25 25 27 33 24 24 28 25 34 27 24 20 23 31 26 28 25 22 21 54 0.08 16 
9 374 162 93 85 100 100 91 85 107 82 86 83 103 100 84 93 79 86 96 96 100 100 98 104 85 79 87 97 97 99 99 96 106 85 88 103 85 86 81 105 108 88 83 102 90 89 90 100 104 76 69 98 92 88 101 107 78 96 96 86 105 77 82 88 106 98 87 92 104 84 97 106 89 186 0.08 16 
10 55 211 76 49 39 29 26 40 37 36 43 30 28 42 40 38 36 38 42 21 21 34 31 34 23 33 39 33 42 26 56 33 34 38 37 49 30 39 20 13 29 42 45 29 38 24 37 22 50 48 40 35 42 45 28 52 38 37 31 43 52 36 37 25 42 43 31 36 14 25 18 54 35 114 0.07 14 
11 279 228 76 58 86 64 77 81 76 72 67 72 83 77 77 73 64 83 77 72 88 77 92 71 70 65 83 81 85 82 73 92 72 78 77 68 91 74 66 81 89 75 95 81 72 75 75 74 73 78 79 63 76 71 79 70 85 80 72 81 67 74 62 79 81 61 79 78 64 75 69 71 63 152 0.03 6 
12 56 272 87 32 24 28 37 29 28 33 31 29 33 30 36 20 26 23 29 28 23 29 27 27 31 25 27 32 27 24 31 23 26 29 19 28 33 28 25 32 31 26 27 29 21 24 31 28 31 30 25 28 27 25 32 28 26 30 22 30 23 33 27 24 32 28 32 29 27 34 31 24 32 116 0.08 16 
13 307 36 201 68 68 86 63 65 75 64 77 63 65 57 69 68 77 63 65 63 61 54 65 61 64 70 70 65 70 67 64 65 66 71 74 70 69 67 65 63 67 71 70 58 68 66 71 66 57 64 67 82 69 55 66 63 63 64 65 68 70 73 62 67 60 67 66 71 76 68 70 66 67 268 0.08 16 
14 157 19 42 24 18 23 29 23 19 21 31 12 26 22 31 15 14 25 22 22 31 10 20 23 20 22 18 24 19 15 13 14 21 29 15 28 16 20 17 16 18 18 30 13 29 19 25 19 20 11 25 9 28 16 43 18 19 17 26 26 22 26 18 18 14 25 10 22 24 27 33 23 24 63 0.02 4 
15 161 13 64 65 63 64 61 68 62 65 65 62 69 63 62 65 63 61 64 63 62 65 66 64 62 61 65 63 64 66 61 65 61 65 65 62 62 68 64 64 64 65 62 64 64 66 58 64 59 64 62 63 63 64 64 64 63 64 64 66 66 62 66 61 66 63 65 63 60 62 62 61 62 128 0.09 18 
16 37 175 94 98 80 98 88 96 93 93 100 98 84 90 91 90 94 89 86 96 87 97 93 88 80 93 94 98 97 99 91 96 100 100 102 108 89 98 99 102 96 98 86 94 85 93 93 91 89 88 92 95 99 104 99 89 85 93 95 91 85 94 93 101 99 90 85 92 99 99 97 95 91 188 0.06 12 
17 176 171 89 96 83 100 88 74 86 84 90 94 82 72 85 69 91 108 89 70 83 76 70 75 101 97 90 77 64 99 73 72 84 98 78 83 98 91 96 101 89 90 105 102 87 100 91 67 84 93 92 90 87 101 90 86 92 77 98 88 101 78 67 77 89 104 98 115 84 107 101 77 98 178 0.06 12 
18 345 493 29 27 22 30 29 31 29 26 25 36 26 35 37 28 29 23 32 26 37 25 27 31 22 24 26 28 30 24 27 25 28 28 28 28 26 27 30 29 25 31 31 29 25 29 33 31 30 25 24 32 25 31 36 30 24 32 27 31 24 26 30 35 32 31 28 27 29 29 26 25 31 58 0.04 8 
19 439 475 71 73 73 68 70 68 69 70 74 70 71 66 71 72 70 73 72 71 72 72 68 72 72 70 70 71 68 72 70 72 69 71 74 69 68 71 72 69 73 67 72 71 72 69 74 72 73 73 69 68 72 73 69 70 70 75 70 70 69 75 77 73 72 72 69 68 72 70 72 72 73 142 0.04 8 
20 356 435 213 76 82 81 62 67 75 83 62 51 68 91 65 82 78 74 64 68 68 70 66 67 71 71 85 69 77 77 64 74 68 66 78 53 72 67 77 61 79 48 80 66 70 93 58 77 65 60 81 67 59 74 72 70 74 69 75 82 72 71 73 67 65 72 77 80 62 63 67 69 72 284 0.04 8 
21 105 289 87 91 90 100 80 77 82 89 99 81 76 83 78 96 89 79 72 94 88 78 94 81 94 81 83 90 84 84 80 85 81 92 92 88 85 84 90 79 88 84 68 99 98 80 82 83 89 85 74 91 90 89 86 89 76 86 79 85 84 85 96 88 91 96 92 75 78 91 85 78 88 174 0.05 10 
22 201 116 159 56 51 53 49 43 51 51 55 50 52 57 45 52 56 52 58 47 52 51 59 60 51 47 61 49 54 55 54 54 40 50 38 45 62 62 45 51 55 62 56 49 52 55 56 54 43 48 50 51 58 44 45 52 54 42 59 47 50 56 45 50 59 48 46 58 48 53 51 49 54 212 0.04 8 
23 175 248 144 67 73 71 77 83 74 71 74 64 72 71 70 87 75 68 70 71 79 69 67 68 72 72 65 79 68 63 64 77 64 69 69 74 81 66 72 75 77 65 75 71 84 66 69 65 61 67 75 83 69 65 72 69 69 80 79 70 70 79 68 86 69 71 53 64 65 59 64 70 71 216 0.02 4 
24 168 35 150 73 75 81 78 80 82 93 77 75 76 79 63 81 95 82 74 69 75 61 56 68 81 83 86 69 69 65 82 61 70 73 81 67 65 56 95 67 62 62 74 70 82 64 63 66 59 71 73 89 62 67 81 81 52 78 60 86 73 63 94 65 82 68 74 77 91 47 56 82 72 225 0.05 10 
25 198 14 152 68 71 76 77 72 74 75 76 83 75 71 75 84 78 72 80 69 80 77 76 70 73 74 76 68 77 74 74 80 69 74 86 73 77 73 66 71 75 75 80 73 80 67 73 73 76 74 74 71 72 76 76 84 81 80 72 78 79 79 84 75 72 71 75 74 77 75 72 75 81 228 0.04 8 
26 180 379 294 96 103 104 101 93 97 93 91 96 96 94 101 95 101 96 104 101 96 97 99 98 92 103 98 101 104 89 92 98 97 101 100 102 101 89 101 94 94 92 99 102 93 98 99 98 104 102 98 90 95 98 95 97 108 96 103 94 97 92 93 101 101 99 105 103 99 103 96 89 97 392 0.06 12 
27 387 455 23 22 24 26 25 26 18 27 20 22 17 20 21 26 25 25 18 26 24 24 20 27 22 23 24 26 19 21 22 25 20 20 23 23 27 23 20 24 23 22 26 24 21 22 24 18 24 23 17 25 25 23 27 23 32 22 23 21 23 21 28 15 18 24 18 22 28 22 25 25 23 46 0.04 8 
28 16 288 26 27 28 25 27 18 10 20 23 21 24 25 17 32 21 25 18 27 21 25 15 31 25 30 23 27 25 17 30 26 29 26 23 26 30 13 32 22 20 17 23 32 20 17 21 32 22 22 31 26 31 24 23 26 26 27 26 33 17 21 20 30 27 30 24 33 41 33 24 28 30 52 0.04 8 
29 194 5 80 79 82 81 76 84 87 79 73 74 83 75 80 77 83 81 81 78 80 74 78 80 82 76 79 80 77 81 79 76 84 79 77 77 80 79 79 83 75 80 83 79 79 78 79 82 74 86 78 80 78 79 81 82 83 80 80 84 79 81 81 86 81 79 76 87 80 84 76 85 80 160 0.08 16 
30 233 459 177 60 60 58 56 56 55 57 58 59 61 58 60 61 61 58 62 61 58 57 61 59 60 56 61 58 59 58 57 60 57 62 59 61 61 60 62 57 60 58 54 57 55 60 58 60 61 56 54 62 62 55 59 60 59 61 61 55 58 61 59 56 59 59 55 57 60 61 59 62 57 236 0.02 4 
31 146 216 219 49 83 85 87 58 61 73 85 76 62 60 73 85 72 58 78 79 75 73 65 80 81 62 85 80 45 65 76 77 52 79 70 65 62 77 72 60 80 65 78 63 75 74 72 71 75 71 71 76 66 77 70 72 86 72 68 76 53 45 74 85 73 73 71 72 80 63 73 87 79 292 0.05 10 
32 233 116 48 24 35 22 31 24 25 24 16 33 13 6 26 24 28 26 14 21 15 25 23 15 5 19 26 22 17 27 30 13 15 29 23 11 14 32 23 29 14 23 29 7 22 39 17 35 31 36 22 25 18 16 12 22 35 27 28 18 49 17 26 30 15 32 33 12 40 1 23 18 33 72 0.07 14 
33 352 369 97 100 101 103 91 95 116 96 89 106 103 114 97 80 106 107 92 98 112 102 123 109 110 90 111 94 100 98 111 99 94 100 85 96 96 100 95 104 108 100 91 95 93 102 114 93 84 105 97 100 84 95 99 111 104 101 89 81 109 101 108 106 105 105 108 85 87 90 98 104 122 194 0.09 18 
34 477 60 36 17 19 11 17 19 27 25 19 16 23 16 13 31 10 9 19 19 27 14 24 12 22 18 4 25 24 15 28 18 16 19 19 18 11 17 5 15 20 4 28 27 18 14 16 23 14 20 19 37 27 15 9 16 15 26 26 15 21 21 20 25 12 26 13 19 11 25 26 12 20 54 0.07 14 
35 406 500 180 78 105 87 82 83 102 82 107 76 80 91 99 85 100 87 79 91 93 84 75 87 98 67 85 93 80 72 70 116 102 89 97 94 97 71 83 109 73 93 85 90 92 83 88 100 89 81 105 87 98 107 92 68 85 81 89 68 95 93 93 92 96 100 79 73 123 80 105 104 80 270 0.09 18 
36 443 360 261 90 80 85 94 98 90 91 85 86 90 90 79 67 89 91 72 92 95 76 82 93 85 99 81 83 87 83 85 82 80 84 91 82 86 86 70 86 67 89 82 88 88 96 77 82 95 84 80 72 82 99 87 91 72 91 87 94 89 86 90 86 95 89 91 101 108 85 85 91 94 348 0.04 8 
37 252 161 69 85 64 74 93 56 69 73 79 69 77 65 61 73 76 57 66 58 78 71 82 63 62 79 80 70 59 86 56 77 64 64 76 55 59 63 68 83 61 62 56 67 69 88 66 71 62 58 53 45 57 58 61 71 55 63 77 72 75 64 54 68 71 78 69 73 77 70 58 63 55 138 0.06 12 
38 377 382 54 36 32 29 25 16 25 23 34 14 22 32 30 24 21 29 27 41 32 35 28 26 27 13 26 39 32 23 38 17 29 17 38 31 20 27 26 27 31 23 25 31 24 33 29 24 27 35 16 32 34 28 24 27 27 17 22 32 18 24 19 25 28 21 28 34 31 32 31 36 1 81 0.02 4 
39 83 137 98 54 52 48 53 45 46 47 52 54 48 53 45 52 63 36 46 55 57 47 56 47 57 50 37 53 52 43 42 48 46 32 41 51 45 41 41 51 58 55 37 54 47 44 54 66 46 48 56 45 51 53 45 40 49 50 39 44 46 49 64 47 37 52 37 48 50 54 48 46 48 147 0.03 6 
40 183 24 111 42 40 38 42 27 38 47 26 36 44 39 37 32 46 32 40 38 46 37 31 35 30 44 47 21 35 36 34 31 51 36 29 36 28 39 42 44 31 45 51 34 29 33 39 32 39 38 43 33 48 40 32 35 25 48 39 37 41 42 37 32 39 25 28 19 28 36 42 34 30 148 0.02 4 
41 226 245 102 28 30 33 43 30 32 40 34 25 31 29 34 35 26 25 31 34 43 32 51 26 21 29 36 29 43 33 42 38 28 42 29 33 39 41 30 33 33 35 30 25 32 27 45 39 30 35 38 34 40 29 40 32 36 37 26 22 22 32 37 35 25 40 37 37 34 26 38 24 27 136 0.09 18 
42 194 12 33 7 17 11 13 14 8 5 19 14 9 9 15 3 7 14 5 9 14 11 10 8 12 6 9 6 15 14 12 12 9 6 11 15 16 11 5 10 15 8 8 10 18 11 11 12 10 13 10 9 6 3 3 17 10 8 15 10 11 15 11 13 4 14 11 16 10 3 6 5 8 44 0.05 10 
43 57 29 99 36 34 38 47 28 23 24 41 30 36 33 31 32 35 51 30 29 22 44 28 28 20 45 38 32 27 19 24 27 19 30 34 43 30 31 23 43 39 46 29 33 36 34 29 39 26 29 22 31 22 34 24 19 29 25 35 38 24 40 35 36 26 27 34 24 40 32 47 36 38 132 0.09 18 
44 97 306 31 25 25 31 34 29 30 24 28 25 32 29 30 26 34 38 35 44 23 31 24 27 28 39 32 37 25 29 37 30 47 32 33 25 30 20 29 23 28 28 18 16 28 39 40 23 24 34 23 30 31 34 28 37 21 32 28 32 31 22 35 31 30 25 28 23 37 33 31 31 40 62 0.02 4 
45 235 133 54 17 13 14 19 22 12 13 17 12 16 15 19 15 16 25 28 18 20 18 15 28 16 20 14 18 15 15 12 17 21 13 15 18 16 19 17 19 23 19 21 19 9 13 28 21 18 15 15 17 19 15 16 14 15 13 19 22 16 19 14 15 16 23 15 13 14 13 23 18 21 72 0.05 10 
46 176 226 186 89 87 93 101 96 91 89 99 86 89 91 89 99 88 88 88 96 92 86 91 88 91 87 89 97 94 95 90 95 94 82 94 94 95 89 94 97 94 103 92 96 94 87 87 92 90 94 92 87 89 94 95 82 96 89 96 97 95 95 92 98 94 89 86 88 89 89 89 89 96 279 0.03 6 
47 250 62 72 67 74 74 71 73 76 63 71 71 70 69 68 74 67 68 65 72 74 72 72 73 74 74 67 74 71 71 74 72 72 66 78 73 80 70 72 71 77 69 73 78 72 73 74 73 69 72 69 70 71 74 72 72 67 72 74 76 66 72 69 70 68 67 67 70 75 72 72 70 70 144 0.03 6 
48 418 289 200 90 105 101 103 103 96 111 99 98 102 95 97 100 98 95 103 97 106 101 103 98 95 107 95 102 98 91 100 93 94 97 113 94 90 95 95 96 101 105 100 100 102 112 101 96 109 99 84 111 97 98 108 105 96 91 99 94 112 113 102 105 99 105 99 96 103 96 113 91 85 300 0.05 10 
49 111 186 86 46 52 28 42 48 46 37 46 45 42 45 37 43 36 33 52 44 38 43 34 40 45 40 45 55 43 40 39 49 42 46 35 39 43 46 37 48 38 49 41 38 47 31 31 38 44 36 37 39 37 50 46 36 54 47 49 39 45 45 45 48 42 54 38 45 41 34 39 46 34 129 0.06 12 
50 330 430 74 37 40 43 43 37 32 37 44 40 34 37 36 36 25 27 41 43 38 34 31 37 42 38 37 32 33 25 41 46 39 37 34 31 31 41 34 40 24 36 25 42 38 34 41 28 29 42 38 35 39 40 31 35 35 40 44 33 35 36 34 43 37 31 33 39 34 41 34 32 28 111 0.06 12 
51 130 455 54 36 56 52 53 57 50 62 56 54 57 49 69 51 52 65 53 54 46 49 56 48 46 67 51 64 58 46 60 51 42 43 59 45 68 53 54 55 54 58 58 52 53 48 54 44 50 49 55 54 59 43 54 49 63 71 55 54 50 49 45 45 46 50 54 64 53 51 44 54 56 108 0.07 14 
52 269 433 156 80 76 76 81 75 78 73 79 76 75 78 81 79 78 79 80 81 81 75 79 79 79 82 80 73 76 76 76 78 76 74 80 85 78 78 80 78 78 76 74 79 76 82 72 76 83 75 71 77 79 82 77 82 79 79 77 73 77 76 76 77 75 70 73 80 77 76 79 74 76 234 0.08 16 
53 343 456 81 88 80 75 72 74 82 89 84 89 87 89 85 93 77 81 80 78 76 80 77 91 79 62 78 84 80 74 89 82 74 75 81 82 77 77 73 82 82 85 73 84 81 70 82 73 83 81 87 89 78 77 81 73 81 82 75 68 77 77 80 86 81 77 84 89 85 78 80 82 73 162 0.02 4 
54 396 40 123 47 26 49 39 51 22 37 31 30 42 27 37 47 53 42 33 39 50 42 43 54 42 35 42 38 30 36 29 34 49 28 38 51 30 42 37 51 40 47 48 36 34 36 29 42 37 40 48 48 33 41 43 54 39 35 39 35 26 45 47 40 46 49 34 42 37 41 36 48 31 164 0.02 4 
55 420 156 23 20 22 22 21 21 15 13 20 22 20 23 26 29 21 27 29 28 27 23 28 29 11 29 27 24 29 11 15 16 21 31 18 16 13 15 31 21 15 19 25 19 26 23 22 23 30 28 12 28 29 14 22 23 19 24 9 26 24 24 27 27 21 22 24 17 35 16 13 16 31 46 0.07 14 
56 235 283 75 20 24 22 28 33 22 29 20 21 25 26 25 27 25 25 25 27 29 23 18 21 21 27 23 25 23 27 21 22 30 23 29 23 23 24 22 22 24 27 26 19 17 23 34 28 25 27 25 32 25 17 21 22 15 20 27 29 27 31 22 23 31 27 25 27 23 24 31 34 26 100 0.02 4 
57 397 104 92 80 96 88 96 83 102 97 101 92 100 81 72 90 105 97 101 84 91 109 103 95 92 102 106 83 97 95 89 72 90 97 78 92 83 103 85 86 93 86 89 95 92 86 90 95 101 76 96 105 92 93 105 87 92 83 94 79 88 98 86 75 92 99 95 107 88 87 99 85 101 184 0.09 18 
58 133 133 68 64 60 67 75 70 71 69 65 72 71 69 61 71 70 68 68 77 67 75 68 65 71 73 60 69 71 65 71 69 70 69 72 70 70 75 67 63 60 66 56 69 60 76 63 70 65 71 69 67 70 70 69 75 72 67 66 61 67 74 66 60 65 69 75 63 69 67 75 77 69 136 0.06 12 
59 253 448 36 21 16 16 12 19 7 32 11 30 13 8 14 10 6 9 31 17 15 16 0 16 15 25 30 10 25 14 17 19 8 20 20 14 11 14 17 8 14 11 17 17 6 14 12 13 11 25 15 19 22 11 22 22 13 18 24 26 11 15 11 22 10 14 16 16 23 17 19 13 21 54 0.05 10 
60 126 134 54 17 11 16 21 20 19 16 11 13 22 18 33 17 13 23 22 23 9 19 15 8 18 22 26 18 15 20 13 28 18 20 14 21 22 24 11 12 18 17 24 8 19 20 14 18 20 24 33 29 14 18 14 23 13 17 22 20 19 4 14 27 17 19 13 10 17 21 12 22 17 72 0.05 10 
61 453 339 82 37 41 39 40 41 38 41 40 41 37 42 41 37 37 39 43 41 41 40 37 40 39 39 39 40 38 40 43 37 41 35 36 39 42 36 41 43 41 40 39 40 38 37 38 41 43 40 39 42 39 39 41 41 38 42 41 40 42 43 39 39 42 44 41 38 41 40 35 41 41 123 0.09 18 
62 356 104 88 47 40 36 40 44 35 39 45 44 36 41 51 41 48 42 47 47 38 29 37 46 49 49 19 31 50 43 49 31 42 38 51 41 43 44 41 48 32 41 31 44 44 50 53 40 43 36 57 53 38 39 54 54 30 50 35 30 45 34 45 46 32 37 46 51 52 38 53 43 50 132 0.02 4 
63 322 500 291 89 90 99 79 114 93 82 103 103 109 99 108 100 100 86 97 88 115 101 88 94 92 90 107 94 108 103 95 86 91 88 103 101 95 99 94 98 100 84 88 102 96 92 108 96 83 93 90 99 90 88 102 100 111 100 101 86 90 114 99 96 88 99 86 105 115 101 91 99 92 388 0.02 4 
64 361 414 32 32 31 30 28 34 36 37 32 24 37 28 28 36 32 31 29 30 31 30 34 26 28 30 28 39 39 28 29 32 32 32 29 31 27 39 30 35 32 35 34 31 28 31 31 27 38 36 28 38 33 27 35 28 35 26 36 30 25 33 27 30 29 28 32 30 26 35 30 28 34 64 0.02 4 
65 104 261 30 11 28 28 30 18 32 35 22 31 28 43 67 33 42 31 14 34 21 7 27 31 25 42 9 18 36 25 26 45 28 37 27 31 28 12 35 18 20 47 22 38 25 35 35 43 23 21 11 27 26 41 35 26 21 17 30 28 24 22 55 25 12 37 28 25 37 26 38 28 30 60 0.02 4 
66 330 488 140 63 63 70 69 75 68 69 67 63 70 65 66 69 74 66 76 82 66 65 73 67 68 68 67 62 67 60 60 69 63 67 64 67 71 65 72 68 65 76 65 72 56 67 74 71 73 64 65 65 71 73 71 71 70 72 71 73 72 69 69 80 71 68 76 60 74 72 66 66 69 210 0.07 14 
67 254 455 27 31 32 37 23 38 26 17 27 33 25 21 27 24 18 29 26 32 30 23 31 25 22 28 33 15 15 40 30 21 28 19 32 14 24 23 21 26 35 33 17 24 28 25 33 27 39 16 29 23 33 24 31 19 24 18 35 28 33 34 21 26 24 31 27 31 23 28 30 26 32 54 0.09 18 
68 106 1 297 99 83 99 102 104 90 96 92 92 100 88 85 93 92 91 106 107 93 100 97 103 90 92 83 101 97 102 109 95 108 107 103 88 92 93 91 95 105 110 109 106 103 98 101 99 91 99 105 106 87 88 88 97 101 99 90 101 89 99 97 95 104 101 101 108 103 103 105 103 97 396 0.02 4 
69 250 143 78 37 39 40 42 38 38 36 36 39 39 38 38 38 39 35 39 42 40 40 39 38 36 35 41 37 40 39 39 35 38 36 40 36 42 38 35 37 36 38 40 41 37 35 42 41 41 38 38 39 42 40 41 39 39 41 39 40 35 38 41 39 37 36 39 36 38 36 38 42 42 117 0.05 10 
70 313 423 136 69 63 78 83 54 76 68 79 67 59 70 90 74 64 76 68 76 73 59 68 61 68 75 66 68 58 64 78 71 64 68 66 66 73 66 91 69 82 68 62 54 52 52 71 74 75 63 64 71 62 56 81 79 63 60 76 81 63 88 78 64 88 77 68 50 57 72 81 60 79 204 0.03 6 
71 358 68 49 45 48 51 47 49 49 51 48 48 55 47 44 49 46 49 53 49 49 44 48 50 46 45 52 48 48 51 48 50 48 48 50 51 50 50 47 50 49 47 48 50 50 48 47 46 49 49 47 52 45 52 52 51 50 46 47 51 45 51 50 53 50 47 48 48 43 51 47 42 53 98 0.06 12 
72 236 295 150 48 55 50 45 54 43 52 44 47 49 46 45 52 57 47 45 49 44 51 50 47 41 46 55 49 49 54 49 37 49 50 52 53 48 47 50 58 42 58 54 54 53 52 51 50 47 47 49 49 46 49 53 53 50 55 53 55 44 51 52 49 50 51 48 49 52 50 54 45 44 200 0.03 6 
73 238 40 190 85 101 92 100 91 109 95 96 92 101 96 95 96 97 107 93 88 99 88 100 96 80 89 104 100 87 87 92 90 95 98 85 91 99 93 93 93 95 90 95 97 85 96 89 90 92 99 102 87 88 108 83 97 90 90 91 96 88 97 97 108 102 106 96 89 96 99 93 98 91 285 0.08 16 
74 304 354 86 42 34 40 44 38 40 42 41 40 47 38 51 43 43 42 39 44 45 43 40 36 40 43 43 46 43 43 48 47 45 46 44 47 50 45 41 44 39 48 43 45 43 48 39 36 42 39 38 48 48 41 33 40 38 38 48 43 40 39 47 42 43 45 42 37 47 43 44 44 41 129 0.06 12 
75 125 50 23 27 20 25 23 17 24 20 20 25 25 24 19 22 24 24 22 23 21 22 22 23 25 21 23 23 20 23 23 20 21 19 21 24 24 25 25 24 23 24 22 23 24 25 19 24 27 22 23 21 22 20 24 22 22 21 21 24 24 28 24 22 22 23 24 24 21 21 24 24 21 46 0.04 8 
76 99 88 22 8 17 1 6 8 13 15 0 13 7 18 3 7 21 23 6 11 14 13 8 14 12 5 11 15 0 1 7 15 16 0 10 12 7 12 8 3 10 13 12 8 11 12 9 0 8 0 5 0 17 18 5 13 5 9 8 20 7 5 12 22 14 8 12 23 10 0 1 8 6 33 0.04 8 
77 34 427 22 21 16 22 22 22 26 22 26 25 25 21 21 20 18 21 21 23 20 18 20 20 24 26 24 21 22 23 20 19 23 21 19 23 20 24 21 25 22 25 20 23 24 21 22 19 23 23 20 17 20 18 25 22 23 22 21 20 24 24 21 22 23 23 24 24 29 19 25 19 22 44 0.07 14 
78 168 59 59 64 59 59 57 64 55 53 57 70 49 56 52 63 57 55 58 57 65 52 59 56 59 56 64 63 60 65 60 58 58 59 58 55 50 54 63 62 65 59 47 61 57 53 54 52 65 60 58 63 54 57 56 53 54 65 63 57 61 66 55 63 68 56 55 56 59 51 63 62 50 118 0.04 8 
79 493 451 192 97 84 97 85 61 89 109 118 102 103 87 84 86 112 100 92 85 103 97 96 96 103 81 106 82 99 102 76 91 98 107 103 100 72 94 66 100 102 115 112 102 119 85 106 93 113 95 94 104 92 111 96 104 82 95 103 90 68 96 94 105 99 103 93 103 86 100 111 93 98 288 0.09 18 
80 436 281 78 27 25 23 26 28 23 28 27 28 26 26 27 27 27 25 27 24 26 24 27 25 26 23 25 24 25 27 25 28 27 25 21 26 23 27 24 25 25 28 26 26 27 26 30 26 28 27 29 29 25 24 25 28 25 26 27 23 25 24 27 24 27 26 25 25 28 26 24 27 24 104 0.04 8 
81 410 365 158 80 81 95 85 97 75 65 105 49 72 75 85 81 88 65 81 66 90 89 79 90 65 72 75 74 89 103 69 77 75 81 70 80 88 74 98 89 79 81 55 70 75 95 78 68 85 61 93 78 65 81 74 76 73 70 77 66 75 75 66 90 79 80 85 89 81 71 74 71 69 237 0.09 18 
82 371 124 198 99 90 86 98 96 98 101 91 103 103 92 117 97 105 96 105 105 87 98 106 110 99 105 110 98 95 86 105 98 95 105 96 102 109 100 101 106 96 94 97 109 96 101 99 99 107 93 97 102 90 95 98 106 105 97 104 104 107 94 100 93 105 99 80 99 94 98 105 105 93 297 0.04 8 
83 281 287 38 55 33 46 29 39 41 31 34 45 47 25 29 19 46 29 43 42 29 26 31 35 28 55 39 35 35 43 51 46 46 30 46 55 41 35 33 31 48 47 41 57 38 41 25 48 40 32 32 19 46 36 24 24 50 30 57 31 60 48 52 47 28 40 34 32 34 39 33 27 36 76 0.02 4 
84 260 171 78 23 32 22 24 27 24 22 27 28 25 22 21 28 23 28 28 24 23 19 30 23 24 24 28 21 21 21 26 27 26 23 26 27 28 22 27 27 26 27 22 22 24 28 22 25 25 26 24 25 18 26 23 23 23 22 25 25 25 26 31 29 22 23 29 28 25 24 23 27 29 104 0.08 16 
85 174 417 120 45 36 41 55 40 37 39 34 29 39 43 40 35 48 52 45 44 46 39 30 36 36 29 39 34 44 36 35 32 38 39 44 45 34 43 43 42 36 48 36 58 27 46 41 40 38 39 52 39 38 36 41 43 33 34 34 36 35 47 42 35 28 35 42 33 40 49 32 43 39 160 0.08 16 
86 246 467 154 70 77 86 53 93 61 71 80 93 79 61 84 81 80 67 69 84 77 68 63 77 83 76 85 74 79 95 71 87 75 81 81 85 70 63 71 70 87 86 62 88 66 71 76 82 81 81 82 84 72 85 80 71 86 89 87 81 52 70 67 66 81 90 74 61 74 100 76 73 69 231 0.07 14 
87 275 243 84 41 38 44 41 44 43 40 40 44 44 40 42 38 43 39 40 42 41 43 40 45 45 39 43 43 39 40 38 42 42 43 39 37 45 41 44 43 40 46 42 37 40 44 40 42 42 40 42 40 42 42 42 43 42 43 38 38 41 43 42 43 41 40 41 40 43 43 42 42 40 126 0.08 16 
88 133 188 28 7 7 17 20 12 17 15 18 10 13 21 8 12 17 16 9 18 12 11 17 14 10 11 5 16 24 18 12 10 15 13 13 7 13 16 18 9 16 11 19 18 15 20 2 15 15 10 10 10 16 7 6 4 28 18 16 14 23 7 23 4 3 9 16 18 14 17 0 20 16 42 0.06 12 
89 256 64 55 58 52 58 50 54 55 52 50 56 54 56 54 51 54 49 56 49 55 57 57 56 56 57 50 57 57 49 52 54 55 44 48 59 53 51 52 58 52 53 56 57 48 52 65 56 60 58 57 51 53 61 58 55 44 47 57 58 58 53 54 62 55 55 48 57 56 54 58 53 48 110 0.06 12 
90 56 224 94 57 62 60 46 44 52 52 68 62 53 56 52 44 62 39 41 59 52 36 55 59 47 44 42 25 41 55 62 58 47 59 45 46 43 38 44 35 38 42 27 52 41 48 59 36 59 58 41 39 35 55 39 46 44 34 41 80 23 49 46 39 45 20 46 52 52 60 40 36 51 141 0.04 8 
91 111 51 74 25 35 28 38 46 25 42 24 43 30 25 41 31 25 38 37 36 34 25 40 32 39 40 33 31 19 37 45 23 33 48 49 22 38 46 42 42 44 40 44 45 37 35 39 35 39 34 41 30 27 40 29 17 37 35 43 47 39 28 38 33 22 35 45 38 37 39 37 55 34 111 0.05 10 
92 92 453 291 97 97 99 101 102 94 95 102 90 95 102 93 92 104 99 93 92 98 103 95 97 101 99 96 93 100 101 88 89 89 94 91 106 95 95 101 93 95 100 91 100 88 94 104 91 98 107 107 105 97 101 95 92 97 90 95 101 99 93 91 95 94 100 88 90 94 91 94 98 91 388 0.04 8 
93 47 316 270 93 72 88 119 81 98 90 90 94 95 81 91 88 93 91 80 84 78 92 99 103 92 87 79 86 90 97 98 96 85 100 90 98 81 86 85 82 94 85 84 82 79 88 95 83 96 86 94 89 90 84 91 91 94 86 87 83 89 93 88 87 91 87 90 80 87 81 74 77 99 360 0.02 4 
94 488 465 164 82 80 77 77 85 72 79 82 79 86 75 92 87 81 84 82 80 86 76 84 76 73 80 82 77 75 74 87 81 83 84 80 77 81 89 83 76 77 79 78 86 77 76 85 89 73 84 85 89 85 78 82 74 87 73 76 82 78 87 82 83 82 83 86 76 83 80 75 81 81 246 0.08 16 
95 407 364 228 76 74 76 85 71 76 77 80 81 81 81 80 67 79 79 73 76 76 69 74 72 84 70 79 83 73 71 82 84 78 72 67 76 67 72 73 68 77 66 85 76 82 81 78 83 75 81 77 72 81 82 75 68 77 71 71 69 75 84 73 74 80 71 77 82 68 75 74 71 71 304 0.02 4 
96 40 130 10 10 11 9 10 11 14 8 9 13 11 5 4 12 6 10 3 6 11 11 6 11 6 11 11 8 3 7 8 11 15 12 10 9 7 10 9 10 11 7 12 15 5 3 9 8 9 8 11 8 15 8 14 11 13 13 11 11 12 10 14 15 13 8 13 6 9 11 6 14 8 20 0.03 6 
97 59 61 35 21 34 49 36 23 28 21 36 14 32 35 25 24 47 39 39 24 44 34 38 35 40 47 25 26 34 24 33 35 23 31 47 12 34 36 32 41 36 34 19 16 20 23 34 48 38 44 22 32 29 42 32 38 34 22 43 34 32 42 25 47 35 36 40 48 41 38 25 27 28 70 0.03 6 
98 264 400 180 98 90 84 85 87 99 99 87 97 98 92 93 91 82 92 84 90 85 89 90 94 89 85 86 92 88 91 90 94 90 96 86 102 83 82 88 92 95 82 87 94 91 97 91 85 87 77 83 96 84 93 84 83 86 95 86 89 91 97 92 93 90 96 94 81 87 84 87 92 86 270 0.07 14 
99 22 94 192 61 56 64 60 64 59 64 59 55 67 63 58 69 60 59 67 61 61 54 63 56 66 71 68 60 72 66 64 64 65 60 60 60 62 68 60 65 58 61 67 68 67 59 66 72 60 63 69 65 56 65 64 67 71 64 60 73 64 65 67 62 60 72 56 64 71 65 59 58 68 256 0.05 10 
100 335 460 63 55 65 58 71 63 65 67 61 68 62 63 54 56 60 52 68 60 63 60 60 53 72 59 69 57 64 63 61 66 69 60 53 63 64 61 62 73 63 56 64 68 64 59 70 66 61 65 62 70 64 73 60 65 59 61 60 68 58 55 60 67 59 60 58 71 62 63 56 64 58 126 0.02 4 
101 468 160 84 34 32 27 31 29 24 23 23 25 29 24 21 28 24 27 32 24 32 25 22 27 23 21 29 26 25 33 25 29 27 32 27 29 28 22 22 25 36 27 32 26 26 27 29 32 27 29 34 26 25 26 23 29 31 27 27 23 22 31 33 26 25 35 33 24 22 25 24 27 31 112 0.04 8 
102 428 300 28 23 27 32 26 35 34 21 20 35 24 34 24 35 26 38 19 23 30 29 21 25 23 32 21 34 27 26 32 23 35 31 23 14 33 39 23 30 35 26 25 11 15 26 18 32 30 32 25 28 34 32 31 28 25 39 42 29 26 36 30 33 21 29 25 35 29 32 32 29 23 56 0.06 12 
103 311 486 49 32 75 47 45 43 60 61 65 60 39 49 40 36 53 41 50 53 34 66 67 60 51 40 39 40 35 41 47 45 42 67 42 74 49 43 53 43 41 44 40 41 55 49 56 37 45 67 41 52 73 53 45 48 47 68 66 37 54 54 52 37 35 51 45 52 58 44 44 52 47 98 0.02 4 
104 466 228 123 51 42 38 38 32 44 40 34 44 44 46 40 40 43 38 41 48 50 41 47 45 36 38 41 43 38 46 39 35 37 39 44 36 28 40 39 39 41 38 42 54 51 38 40 37 41 35 48 39 44 42 55 28 30 36 42 58 41 50 49 42 42 42 50 50 46 34 25 38 38 164 0.08 16 
105 72 482 22 18 9 2 15 5 0 24 11 15 16 4 15 5 15 17 8 7 17 1 17 13 12 1 3 14 11 7 5 10 11 7 0 2 15 15 3 6 24 9 19 28 24 24 4 0 16 0 18 9 8 8 11 6 7 15 22 10 10 12 12 12 10 4 5 16 5 0 4 3 2 33 0.04 8 
106 234 176 138 25 47 48 45 34 43 38 30 64 56 58 78 44 52 50 41 67 48 52 40 50 51 41 54 37 42 52 54 44 59 56 54 75 44 43 47 55 42 32 48 60 58 50 40 30 47 58 49 58 54 73 59 64 62 39 49 61 43 33 53 42 51 42 53 49 46 56 43 36 41 184 0.06 12 
107 137 3 210 73 72 76 68 77 75 76 63 74 77 76 64 55 71 69 78 72 73 56 66 63 69 73 67 86 77 66 67 59 57 74 80 68 80 69 94 74 61 70 79 78 60 78 68 63 64 75 87 74 75 72 68 59 80 75 66 70 58 70 68 72 60 66 60 70 73 60 62 78 71 280 0.07 14 
108 78 346 19 13 16 18 20 17 17 16 22 23 15 13 17 21 24 17 18 20 19 21 20 23 18 18 21 20 17 18 18 22 22 23 22 18 21 22 15 17 15 16 17 21 17 19 22 15 20 19 12 21 25 24 21 21 18 15 21 19 19 15 19 19 25 19 22 21 19 13 17 19 19 38 0.03 6 
109 8 368 174 91 88 91 90 71 90 91 76 88 72 78 83 80 53 69 82 79 92 96 82 84 92 87 81 83 83 92 84 80 95 79 90 87 81 91 86 77 83 87 73 84 87 93 92 89 88 90 78 85 89 87 85 97 92 86 91 84 93 84 83 82 94 82 102 78 88 80 90 83 96 261 0.02 4 
110 80 389 34 30 15 30 40 19 17 28 12 12 13 27 5 16 19 1 5 21 0 26 20 10 26 9 20 22 3 12 18 16 2 21 10 26 17 6 11 33 19 7 40 14 16 23 7 15 0 0 9 24 29 16 22 32 32 18 8 11 20 17 18 22 24 23 0 19 16 6 23 7 7 51 0.05 10 
111 168 210 56 28 36 35 28 32 17 36 28 32 31 29 24 29 20 26 21 35 22 14 23 36 12 24 29 30 35 19 29 15 29 27 30 35 26 31 13 20 26 25 21 31 28 32 27 24 21 28 27 20 22 33 18 28 25 29 9 27 37 19 30 34 19 39 30 25 38 27 31 31 16 84 0.04 8 
112 205 274 75 27 20 32 19 31 25 29 24 27 28 16 27 26 24 25 25 24 21 19 26 22 17 22 17 26 30 30 26 33 17 26 28 25 26 25 29 15 24 25 30 24 27 27 15 27 24 25 18 24 19 28 26 29 24 36 28 20 21 19 21 27 28 33 25 23 23 22 24 15 31 100 0.03 6 
113 201 304 20 13 21 35 0 25 19 28 38 27 17 23 14 39 25 29 9 9 6 31 27 21 24 16 20 22 26 24 0 30 43 30 24 25 13 12 14 11 25 23 21 20 20 20 15 28 5 16 27 16 19 21 27 21 16 22 24 30 19 18 29 7 15 3 30 22 18 11 14 22 25 40 0.09 18 
114 73 380 171 59 58 54 51 59 60 60 58 71 57 60 58 52 59 59 54 57 55 53 57 62 56 61 54 55 58 57 51 54 54 46 61 58 65 56 48 63 54 58 52 54 63 60 57 53 66 61 58 57 67 56 62 62 50 52 53 58 51 50 47 63 54 57 61 68 54 56 45 51 53 228 0.03 6 
115 73 20 93 94 76 90 102 101 99 105 86 99 110 92 94 94 81 112 78 92 95 96 102 98 89 99 89 84 93 72 89 110 75 91 80 87 97 89 102 97 95 98 104 91 93 101 99 84 97 98 97 93 88 90 91 81 84 80 92 97 108 102 99 99 83 91 89 98 92 87 84 82 112 186 0.07 14 
116 314 463 38 54 35 36 44 36 27 26 43 35 38 41 7 43 36 55 40 30 33 42 40 44 8 60 47 12 14 31 39 51 39 16 33 38 44 22 45 15 30 25 36 41 21 29 39 29 47 27 44 28 29 43 37 14 41 36 32 38 42 22 23 32 38 34 52 33 51 23 29 41 41 76 0.08 16 
117 444 10 69 73 68 64 71 69 66 73 72 76 69 58 73 63 67 71 71 57 59 71 75 63 65 62 67 57 65 69 69 65 76 73 75 69 67 73 80 67 61 62 71 75 71 73 61 66 67 74 71 67 68 68 67 68 67 66 57 73 75 71 70 69 60 70 70 68 77 72 70 69 78 138 0.06 12 
118 318 129 38 18 18 22 18 20 10 11 18 31 20 18 8 22 28 25 17 20 13 15 15 39 23 25 26 24 17 12 29 12 9 26 11 14 36 3 19 41 8 23 6 21 21 27 19 23 22 14 19 15 11 23 10 30 19 19 23 18 26 18 26 17 3 42 20 37 18 13 0 13 10 57 0.04 8 
119 471 184 54 56 52 45 47 46 47 54 51 54 40 40 64 55 68 54 48 52 56 59 45 54 61 39 55 43 56 32 56 61 48 58 56 61 56 72 47 49 54 59 41 43 54 48 47 58 38 46 57 52 30 57 51 54 46 51 49 49 53 53 37 25 44 41 37 63 50 48 61 58 53 108 0.06 12 
120 274 1 72 68 73 75 68 64 63 73 79 74 66 66 58 70 73 65 71 78 77 81 71 70 72 77 77 77 71 64 65 58 62 76 67 67 76 67 58 66 77 69 72 74 67 67 69 72 70 82 83 72 83 70 73 68 65 73 61 80 69 74 63 86 64 72 61 69 62 73 79 60 73 144 0.06 12 
121 209 477 88 39 37 46 43 45 45 43 45 42 40 46 44 41 41 46 47 40 42 42 45 45 44 45 41 45 40 46 43 44 43 43 40 41 41 44 43 40 44 43 48 43 42 44 42 46 45 41 44 45 45 40 48 44 43 41 45 42 41 43 40 46 45 45 45 43 43 44 42 44 43 132 0.05 10 
122 303 80 16 9 17 8 0 28 11 9 8 26 14 17 25 13 27 17 9 21 3 0 23 10 23 12 10 15 32 20 30 22 26 14 12 16 26 14 6 17 10 13 18 12 16 17 10 14 17 1 24 15 18 27 20 26 10 0 17 16 11 14 21 12 26 6 14 12 13 20 12 19 18 32 0.02 4 
123 409 370 98 95 107 82 110 93 96 89 98 98 97 97 102 85 98 85 95 96 96 91 106 91 104 101 105 101 90 91 98 105 104 97 91 94 96 94 89 89 84 96 109 104 96 95 91 92 94 93 90 101 99 104 107 108 94 103 108 75 94 100 101 97 106 101 91 100 95 95 105 108 98 196 0.03 6 
124 12 268 76 42 35 34 36 34 35 36 36 42 34 36 37 37 35 38 42 46 36 43 39 43 40 41 34 41 42 40 41 42 38 39 40 38 36 32 34 37 39 39 42 36 38 36 38 40 41 34 34 38 38 39 36 38 36 41 40 40 37 37 40 36 38 35 39 41 31 34 35 37 35 114 0.06 12 
125 414 71 243 81 68 75 78 92 92 90 75 80 72 78 84 78 83 74 94 90 82 78 84 81 73 67 76 74 75 73 96 85 85 102 73 77 93 82 77 88 83 91 80 94 81 86 85 75 69 67 90 78 72 80 86 72 77 93 81 89 83 74 92 77 64 77 72 90 64 75 93 86 75 324 0.04 8 
