150 20 13162
0 194 133 26951 16486 16500 16501 16512 16501 16496 16497 16506 16500 16479 16508 16518 16496 16486 16497 16510 16493 16508 16502 16500 0.01
1 354 249 24 12 8 17 18 0 14 4 13 26 17 14 15 18 6 0 6 26 16 13 18 8 8 1 22 4 16 11 25 18 2 15 22 0 6 13 8 20 25 0 25 12 10 0 13 20 12 18 9 10 8 21 15 35 7 5 13 14 11 7 14 15 1 11 8 22 5 21 19 25 16 36 0.07 14 
2 435 334 48 46 44 58 42 48 46 40 50 56 50 54 48 53 55 52 55 49 53 46 52 50 48 49 39 45 43 46 62 50 40 50 51 36 41 49 47 45 47 44 42 49 48 48 54 57 53 47 47 32 44 51 42 32 46 46 44 51 32 59 55 44 49 41 48 60 52 39 37 50 42 96 0.08 16 
3 306 20 216 58 70 81 73 59 75 64 65 78 89 75 69 77 74 54 70 79 66 70 70 68 65 70 62 79 79 73 72 82 75 74 71 74 66 69 67 80 65 68 77 82 68 77 63 66 64 59 65 75 92 72 77 78 88 70 70 65 82 63 71 72 83 61 64 58 100 68 73 73 72 288 0.08 16 
4 232 417 276 94 98 93 95 85 84 98 86 102 82 94 91 102 105 97 92 85 89 90 97 88 93 96 85 88 96 87 90 81 91 89 100 93 95 82 87 95 93 91 98 92 87 95 91 97 95 96 87 98 91 91 93 84 95 89 93 89 99 98 91 94 97 92 101 84 91 92 85 86 98 368 0.08 16 
5 348 12 192 66 60 66 68 73 67 64 63 65 71 61 47 62 59 70 65 65 69 64 53 78 61 73 72 58 71 64 59 68 54 53 65 62 61 67 60 65 66 59 58 65 57 62 68 66 70 50 75 64 51 61 64 65 76 51 62 67 67 61 75 74 64 68 63 58 72 67 66 60 66 256 0.04 8 
6 314 319 112 52 54 55 54 62 62 56 49 58 61 55 50 57 66 57 56 66 51 49 48 51 55 62 54 58 53 50 55 56 48 57 62 53 58 60 55 52 55 56 60 52 53 54 56 58 53 55 58 47 54 60 58 58 64 48 52 48 59 49 56 52 61 56 62 52 58 57 57 55 47 168 0.07 14 
7 243 291 66 26 27 18 31 4 26 26 27 8 32 21 19 20 27 20 28 14 27 17 19 10 23 15 32 29 35 18 26 23 22 25 13 26 17 19 14 23 28 17 22 17 25 18 25 25 21 28 25 14 16 22 17 13 20 22 27 14 17 18 19 12 23 17 27 28 20 17 32 16 26 88 0.02 4 
8 314 16 34 15 6 10 16 20 14 11 19 15 18 21 16 17 11 12 21 15 13 20 30 18 22 16 12 24 26 10 20 28 28 19 21 20 12 19 23 13 18 14 0 14 9 15 9 11 7 30 27 13 12 15 17 17 14 19 18 22 25 24 16 3 20 14 27 8 15 23 16 17 22 51 0.05 10 
9 179 360 23 10 26 31 35 15 19 30 25 12 20 13 25 27 27 22 23 29 18 12 27 22 31 30 27 20 10 27 20 19 13 21 11 15 18 31 26 28 14 19 21 29 34 31 29 29 15 10 7 31 34 16 26 31 25 37 17 17 21 20 19 8 25 31 20 37 14 22 27 22 16 46 0.03 6 
10 116 270 123 40 38 42 41 37 36 43 34 44 40 40 41 38 38 44 43 48 40 41 40 40 43 38 40 38 42 48 36 34 37 35 40 46 37 40 39 35 35 44 40 43 43 40 39 43 41 40 41 43 43 39 38 45 37 39 46 44 40 43 42 33 38 38 45 36 42 42 40 42 41 164 0.04 8 
11 178 17 74 48 35 32 14 39 21 50 41 41 21 55 53 35 40 39 35 37 48 38 33 31 49 26 25 29 33 47 36 26 44 40 26 26 32 24 47 35 23 29 33 36 39 40 52 30 31 47 40 32 48 43 47 44 34 36 24 36 38 47 26 37 55 40 37 33 48 48 42 43 31 111 0.06 12 
12 471 253 28 17 18 11 9 19 7 9 9 21 13 8 16 8 18 0 21 5 0 8 10 6 13 13 6 8 14 13 11 2 15 22 7 11 19 10 24 6 15 14 13 19 8 22 0 24 18 21 2 26 0 10 17 22 16 0 3 21 14 13 10 16 7 14 23 19 10 5 21 12 6 42 0.02 4 
13 466 280 182 95 85 93 101 94 95 86 99 88 86 96 86 87 94 99 84 96 91 96 80 99 89 86 87 92 101 101 92 98 103 97 88 94 91 92 92 88 90 83 85 92 95 88 88 76 106 74 91 89 89 83 97 89 88 99 92 91 85 92 107 87 95 90 95 90 108 96 102 91 93 273 0.09 18 
14 108 261 90 23 35 29 33 35 33 28 30 36 26 40 29 30 30 34 21 20 35 27 37 30 38 24 31 32 26 36 33 29 30 33 34 33 34 29 21 37 30 30 39 32 26 32 24 26 27 31 27 22 31 32 21 28 31 33 29 24 34 25 32 21 32 37 35 20 18 28 20 29 29 120 0.07 14 
15 136 213 129 44 48 39 45 44 41 40 49 54 41 28 48 41 46 42 47 37 45 47 46 37 41 49 53 48 44 53 41 40 43 34 42 42 42 42 50 39 41 45 41 38 47 41 44 42 45 47 35 39 43 36 43 44 44 38 44 38 42 44 45 38 44 42 43 39 40 47 43 49 40 172 0.02 4 
16 269 294 78 84 75 77 78 81 69 67 76 74 69 71 72 86 71 68 86 70 84 87 76 73 67 66 75 81 64 80 74 87 99 75 74 70 81 91 76 62 72 93 71 86 86 72 88 86 79 84 76 88 77 84 77 75 69 75 76 81 77 87 80 88 76 78 72 79 80 76 77 79 80 156 0.09 18 
17 137 454 246 69 72 71 84 99 77 84 87 93 75 74 91 88 79 81 80 85 81 83 81 87 81 81 65 95 93 94 88 71 76 85 87 88 67 95 67 73 108 82 71 82 82 72 78 78 74 81 98 70 75 92 68 97 85 75 72 80 82 81 83 74 97 90 88 99 57 99 84 87 73 328 0.08 16 
18 63 190 174 102 80 110 80 74 89 113 90 90 89 85 87 90 86 75 106 91 72 77 66 99 71 88 114 74 79 85 106 66 92 95 97 96 87 88 98 100 78 86 93 86 97 73 98 99 76 94 91 99 99 73 83 73 87 83 85 75 72 77 89 102 107 101 108 90 82 77 95 88 82 261 0.03 6 
19 127 73 94 41 49 40 46 39 51 49 47 39 37 47 43 42 53 43 50 53 41 55 55 54 48 56 43 51 54 47 54 44 42 35 43 32 52 43 37 50 50 44 49 41 43 57 48 40 50 38 48 39 51 46 47 50 49 59 55 42 51 50 55 59 51 51 48 51 51 44 47 43 37 141 0.08 16 
20 106 340 33 42 24 29 39 47 25 48 33 31 31 37 34 21 24 38 32 36 36 36 33 28 23 25 42 16 28 39 30 23 32 35 23 35 32 25 30 25 40 40 23 43 36 26 35 26 41 24 23 34 33 26 28 37 32 35 30 26 39 39 38 32 33 27 37 25 36 48 35 35 34 66 0.02 4 
21 53 204 64 31 31 30 33 31 33 31 35 33 31 32 31 30 25 32 30 32 33 31 31 33 33 34 32 27 34 35 33 31 29 32 29 29 33 29 29 32 33 29 30 30 32 31 29 32 32 33 33 28 33 29 31 31 33 31 32 29 31 32 32 30 33 31 32 31 29 27 33 34 34 96 0.08 16 
22 182 466 243 80 81 80 75 78 87 83 72 79 79 75 79 88 82 85 74 78 70 79 68 77 86 75 81 87 77 76 64 82 85 78 91 77 82 87 69 77 83 84 81 77 80 86 85 91 75 70 75 85 89 78 76 81 81 77 87 74 84 70 69 90 88 74 78 68 81 82 84 80 71 324 0.07 14 
23 82 48 294 103 91 100 89 93 98 95 98 101 111 87 98 95 106 99 105 91 91 106 95 108 96 99 85 97 96 95 100 95 76 97 109 103 101 89 103 106 111 105 106 102 115 105 95 91 90 90 93 88 106 106 102 89 102 99 89 104 82 81 97 98 95 89 94 106 92 100 111 101 107 392 0.09 18 
24 431 275 204 63 66 68 68 68 67 68 69 71 69 71 62 69 66 68 69 64 69 68 68 66 72 65 68 69 66 68 67 64 65 70 68 62 65 67 66 68 66 70 68 67 69 67 70 65 69 66 68 66 67 67 69 72 67 69 69 67 68 66 67 67 71 68 72 66 65 65 69 68 68 272 0.09 18 
25 70 5 122 56 57 70 65 56 54 54 57 61 62 66 64 62 56 48 59 50 51 69 64 45 57 66 61 60 57 62 50 55 64 63 54 50 58 59 65 43 73 67 53 65 65 55 69 58 73 62 68 63 69 53 68 61 64 60 49 56 65 65 60 58 50 71 61 65 63 64 57 67 53 183 0.03 6 
26 186 300 200 108 97 93 90 99 94 117 94 114 99 108 112 95 85 99 103 108 93 100 106 96 109 100 86 108 96 102 104 89 114 114 85 78 99 94 106 106 84 126 84 108 95 107 108 100 101 98 98 116 106 92 96 89 98 101 115 92 113 101 103 100 111 96 98 107 88 94 107 93 89 300 0.02 4 
27 346 388 189 61 63 63 62 62 60 66 65 61 61 62 62 61 64 61 58 59 61 62 63 64 60 66 62 63 60 64 63 62 57 66 66 64 64 59 65 62 62 62 58 64 60 56 64 61 63 58 63 65 62 62 59 58 55 62 54 59 62 64 59 61 65 63 65 69 63 63 64 62 60 252 0.03 6 
28 99 157 80 42 22 38 45 37 42 41 40 37 35 38 43 44 36 43 31 41 34 33 38 35 36 33 34 40 40 42 33 36 38 40 39 44 44 41 40 45 37 37 33 36 33 35 43 47 37 30 39 39 50 37 39 42 41 34 47 49 47 41 45 40 45 47 41 34 46 32 37 41 39 120 0.08 16 
29 200 6 48 16 18 14 13 14 17 15 17 15 17 13 20 19 14 14 19 14 15 22 18 10 11 10 18 16 15 20 19 12 15 20 15 17 18 9 18 17 15 16 14 15 18 12 12 20 16 20 17 15 18 19 11 14 14 13 19 16 13 17 12 13 21 12 15 16 17 18 17 12 11 64 0.09 18 
30 202 207 66 65 63 69 62 67 67 63 65 62 67 66 68 68 67 68 67 61 67 65 62 65 62 62 66 66 69 64 65 66 63 62 67 65 63 67 62 68 65 62 67 65 65 65 63 67 64 68 64 63 67 63 63 66 69 65 68 64 66 62 64 64 64 63 66 66 66 68 66 65 67 132 0.07 14 
31 302 299 225 85 81 72 78 81 77 81 79 64 80 78 65 78 78 85 60 91 78 63 92 61 79 72 85 73 78 87 70 71 70 79 85 75 76 86 89 65 73 77 74 70 77 64 86 74 72 82 64 95 83 69 75 83 77 74 70 76 79 75 73 76 75 66 85 71 87 74 69 61 62 300 0.08 16 
32 398 379 91 90 91 91 88 90 89 92 94 92 91 93 90 93 91 89 88 87 88 86 89 89 90 89 89 89 90 91 90 89 92 93 88 96 90 93 92 93 89 90 92 89 91 92 87 94 91 89 89 91 90 91 88 91 89 90 94 87 90 93 90 87 85 89 91 93 91 90 89 91 90 182 0.02 4 
33 413 247 200 97 98 113 95 94 113 117 92 108 93 116 112 97 91 89 102 91 99 108 98 98 107 106 107 94 103 98 93 78 86 108 85 115 93 106 102 106 106 104 87 100 96 105 96 107 83 108 113 105 115 88 102 116 101 92 95 96 97 93 107 99 98 92 103 108 95 94 99 99 104 300 0.03 6 
34 77 226 81 20 30 29 31 27 27 27 26 29 25 24 28 25 24 26 31 27 25 25 25 25 27 28 25 27 27 28 26 30 27 27 23 29 25 24 25 27 26 28 25 25 25 27 23 26 26 28 23 29 28 27 26 28 29 27 28 23 26 26 25 30 30 26 27 27 28 23 22 30 28 108 0.02 4 
35 378 11 152 76 76 81 81 72 99 83 85 83 74 69 77 88 73 64 58 96 69 72 60 60 101 87 73 66 78 73 70 67 76 71 88 71 73 74 75 76 72 63 80 64 88 69 94 61 96 69 65 76 65 85 74 92 59 71 82 84 82 75 85 64 68 78 53 67 64 79 62 93 81 228 0.08 16 
36 294 70 15 1 12 6 26 28 13 20 17 17 0 7 17 23 14 1 15 13 18 17 14 25 15 4 17 33 12 0 16 16 24 0 21 16 18 24 11 26 9 3 4 0 18 0 19 27 27 23 28 8 17 10 27 10 21 14 9 9 22 21 23 0 18 37 16 20 1 2 0 3 26 30 0.05 10 
37 181 212 285 92 91 95 93 97 93 97 96 96 96 98 94 94 94 93 94 97 93 93 94 94 92 92 93 93 91 94 93 93 98 94 93 91 94 97 93 94 99 96 92 93 98 94 99 93 97 96 97 94 93 97 93 96 96 97 94 98 93 93 97 92 96 94 96 94 98 95 94 93 95 380 0.03 6 
38 347 444 14 4 17 18 20 15 12 17 8 4 5 8 4 7 18 18 21 1 26 15 8 0 26 19 12 11 8 0 23 12 25 11 7 16 17 16 20 24 19 11 13 14 17 17 8 25 11 13 0 15 3 14 9 7 9 0 18 8 9 7 7 6 15 8 10 16 14 14 24 16 13 28 0.08 16 
39 34 349 74 74 72 75 75 70 75 73 74 77 75 76 73 75 73 74 74 71 73 73 74 75 74 76 75 72 75 71 71 72 73 73 74 74 72 76 73 73 74 74 73 69 75 76 74 70 70 73 76 73 75 77 74 72 71 73 76 74 73 68 74 77 76 71 72 69 77 71 76 74 72 148 0.05 10 
40 145 164 52 25 24 26 25 27 27 26 26 28 27 29 22 25 25 21 26 28 24 22 25 22 30 24 22 27 26 25 26 24 28 30 26 25 26 27 26 23 27 26 29 25 24 25 23 28 28 25 24 24 27 26 21 23 26 24 27 26 25 24 27 23 29 25 28 26 29 25 24 30 24 78 0.09 18 
41 244 273 32 35 30 31 31 30 29 29 31 34 30 30 33 28 32 32 33 30 32 39 32 32 30 34 34 31 33 32 41 32 35 36 27 35 28 27 30 31 33 30 34 33 36 29 29 32 31 34 34 33 28 28 33 33 27 36 30 28 31 33 31 27 31 33 32 31 31 32 28 39 30 64 0.08 16 
42 458 489 184 106 75 89 91 88 103 104 92 92 102 110 90 97 92 99 95 94 89 86 110 85 87 93 102 93 95 98 83 90 99 93 104 88 80 84 79 92 105 83 103 88 103 88 92 97 95 90 103 90 89 82 94 104 83 94 101 90 96 87 85 84 92 91 89 97 82 93 99 95 92 276 0.03 6 
43 300 170 32 17 17 21 16 54 27 11 36 20 20 38 25 24 37 36 40 27 31 48 40 27 58 22 16 40 31 28 16 42 21 27 28 30 12 18 41 42 23 13 15 40 27 37 47 40 45 40 35 43 9 36 27 40 17 29 18 47 25 14 18 19 41 22 37 20 38 32 53 18 26 64 0.05 10 
44 135 94 64 32 28 36 37 36 23 29 25 32 30 32 36 31 32 33 33 28 34 34 34 34 37 27 37 33 37 36 34 30 35 40 31 28 25 34 29 32 34 30 32 34 27 31 33 36 35 34 35 30 31 31 39 27 29 33 37 33 27 40 30 27 37 33 27 36 33 27 32 22 31 96 0.03 6 
45 160 113 144 75 68 66 62 82 78 68 74 62 72 65 61 92 80 63 73 64 73 77 72 63 84 65 73 78 58 67 76 68 77 65 71 73 62 71 78 77 68 64 59 68 69 77 77 64 71 75 67 73 68 64 74 63 88 69 70 69 79 78 68 66 67 74 82 65 59 70 77 60 72 216 0.07 14 
46 466 312 114 37 44 48 30 29 48 36 37 52 38 38 32 25 31 30 26 29 37 47 45 29 26 43 50 41 38 47 30 29 23 36 48 41 29 38 50 35 46 49 33 39 39 36 49 38 46 27 43 55 37 34 23 48 35 44 36 42 31 35 38 35 26 43 37 44 30 19 44 39 33 152 0.05 10 
47 336 126 140 54 69 87 85 66 65 62 71 76 63 79 68 77 73 82 85 71 61 64 84 49 85 66 65 61 91 65 66 75 72 56 70 71 74 75 69 66 75 86 77 61 75 65 63 64 52 70 74 62 66 63 66 76 68 63 69 82 69 63 82 69 63 76 63 92 74 81 82 51 59 210 0.03 6 
48 198 184 75 73 77 75 76 74 72 73 76 75 74 77 80 73 73 79 78 83 74 74 74 74 73 73 71 79 73 74 72 73 72 65 71 71 77 76 77 75 80 66 80 78 76 67 68 76 78 76 73 74 78 69 76 73 73 74 78 78 74 75 74 79 78 79 70 73 77 78 78 70 77 150 0.04 8 
49 138 455 36 27 35 39 42 41 46 26 41 29 27 35 34 24 28 34 45 52 28 43 43 51 15 26 32 37 38 45 40 24 38 34 26 34 42 22 43 36 30 40 56 38 43 37 41 27 24 29 34 34 25 29 20 38 34 33 28 31 40 37 35 32 29 48 32 36 32 36 48 34 56 72 0.04 8 
50 221 368 114 35 40 41 35 32 37 36 35 42 39 38 36 45 41 32 35 32 32 37 40 37 40 41 36 38 33 42 33 38 40 40 36 39 38 33 39 39 37 35 40 38 40 37 34 36 36 41 38 45 38 33 39 35 36 36 37 39 38 33 35 35 37 35 39 40 42 38 37 37 40 152 0.03 6 
51 372 30 72 31 50 35 48 38 38 41 40 36 43 25 22 28 42 46 26 50 34 29 31 38 37 36 38 32 29 35 38 33 30 44 29 34 40 54 30 33 41 50 29 35 48 26 32 33 32 44 31 50 49 28 27 51 42 33 45 27 36 36 30 41 25 42 24 39 27 40 46 32 33 108 0.02 4 
52 366 184 32 31 24 28 32 36 21 29 22 28 28 28 39 26 45 30 29 30 36 24 30 37 36 36 28 37 33 35 29 40 28 41 41 38 36 32 32 23 31 42 29 35 27 30 25 32 21 35 33 24 41 41 37 32 26 27 37 27 33 29 29 26 28 25 28 43 37 30 40 26 35 64 0.05 10 
53 436 307 36 17 19 17 19 5 22 17 16 16 25 23 27 10 23 16 16 27 8 17 16 32 21 13 20 16 24 24 21 15 7 11 20 13 28 21 25 14 18 15 25 27 17 22 17 11 25 25 21 12 5 22 20 17 32 11 10 19 21 19 16 20 20 9 19 22 20 32 24 7 25 54 0.05 10 
54 299 211 98 98 90 97 103 88 93 107 93 98 93 97 100 96 94 97 99 90 99 99 100 100 107 89 107 99 94 98 91 102 104 95 90 102 101 97 93 99 101 91 98 99 93 99 108 98 95 95 92 103 103 106 100 105 99 92 107 102 99 102 95 108 94 98 98 102 85 101 95 94 102 196 0.05 10 
55 210 142 150 55 53 50 47 50 50 52 49 52 44 51 46 50 52 47 54 45 51 48 44 46 46 50 49 48 55 51 42 45 48 51 46 44 53 48 44 48 50 45 50 49 50 48 52 50 53 49 46 49 44 53 54 55 51 54 49 50 48 46 49 49 47 46 48 53 43 50 49 50 47 200 0.09 18 
56 242 269 86 81 73 78 98 87 87 75 93 78 85 89 90 78 91 90 67 82 84 81 68 97 66 78 83 77 74 104 93 75 95 87 95 105 78 91 88 83 82 94 90 83 90 95 86 85 87 97 82 92 86 79 81 93 87 76 81 100 97 87 95 79 85 96 87 91 99 73 91 70 102 172 0.02 4 
57 214 54 180 54 56 59 63 68 59 58 53 59 62 62 62 64 62 58 58 60 58 59 65 57 58 60 60 63 61 61 60 55 51 59 60 61 57 67 56 58 63 56 59 63 62 56 57 62 59 61 57 60 63 57 57 59 57 55 62 59 59 57 63 56 61 62 63 56 59 59 60 55 67 240 0.03 6 
58 301 390 213 67 67 81 66 68 72 74 68 66 63 69 66 79 77 81 71 71 88 74 70 71 71 73 69 70 64 77 67 71 70 68 68 66 56 59 74 79 65 76 76 66 66 86 62 70 80 65 69 70 78 73 71 61 67 84 64 68 64 60 77 70 69 84 58 68 84 71 65 73 67 284 0.02 4 
59 390 238 69 29 21 27 23 30 22 24 29 20 30 24 23 18 12 18 23 25 19 17 21 14 24 19 19 29 22 18 24 28 20 23 28 21 34 20 30 27 22 23 22 25 27 26 29 24 21 22 24 27 24 26 17 16 22 22 22 30 31 22 20 18 19 27 20 18 19 26 19 23 32 92 0.03 6 
60 494 497 10 0 0 22 14 14 21 19 14 12 6 14 7 10 2 14 8 12 1 17 1 28 25 11 15 20 0 1 15 15 5 9 29 6 19 20 0 12 15 0 0 14 11 0 15 8 7 18 19 0 19 30 2 3 0 16 4 7 11 2 0 22 7 16 5 10 29 2 2 0 18 20 0.09 18 
61 245 76 160 86 81 55 60 82 79 75 64 64 73 74 93 76 70 85 85 95 97 80 78 66 93 89 60 67 82 68 79 82 78 90 84 89 88 80 66 67 61 59 83 66 93 82 72 86 84 82 76 70 70 83 84 74 75 90 75 85 81 74 96 66 76 73 69 71 85 66 89 83 75 240 0.02 4 
62 173 104 111 36 39 39 36 38 33 38 41 35 36 37 40 35 30 32 36 39 36 33 40 36 41 42 41 33 38 33 36 34 34 40 45 39 35 35 34 35 32 30 42 32 41 40 40 35 36 27 37 42 34 31 43 39 30 39 40 35 43 31 43 36 43 36 33 37 29 33 37 30 31 148 0.02 4 
63 406 426 68 71 72 67 70 68 59 69 63 68 68 63 67 70 75 70 64 65 70 73 68 64 72 72 72 68 70 66 65 64 72 64 68 72 62 71 68 66 68 65 69 68 61 62 64 68 67 67 74 64 62 72 67 74 69 64 72 63 65 67 65 70 60 69 66 67 69 71 63 62 72 136 0.04 8 
64 456 30 78 27 44 39 37 41 35 43 42 39 30 41 35 34 38 41 45 39 41 40 38 34 37 43 37 37 34 36 34 39 41 34 46 33 41 42 41 39 33 42 34 35 41 43 40 49 40 42 35 40 43 39 40 34 35 36 44 44 37 36 38 46 42 37 33 40 47 43 38 32 33 117 0.03 6 
65 312 2 78 72 79 78 78 77 78 79 80 75 83 75 80 68 77 75 78 79 80 77 75 79 79 77 76 73 75 74 75 68 84 68 79 73 77 82 86 72 82 80 82 79 79 78 82 84 80 77 76 77 72 73 72 76 74 70 72 71 79 83 81 77 83 81 77 82 77 72 78 80 78 156 0.02 4 
66 24 77 61 75 56 53 53 68 63 65 49 48 51 50 51 68 69 44 60 50 73 73 64 59 56 62 56 60 54 55 50 61 52 48 60 54 51 57 70 52 75 72 54 50 76 52 60 42 45 69 41 51 70 59 76 63 62 47 60 41 59 62 42 59 61 63 58 53 49 57 78 55 77 122 0.07 14 
67 54 123 82 78 88 76 69 98 77 86 83 94 79 88 85 81 91 86 78 67 85 79 80 69 81 84 84 81 72 82 82 77 93 80 75 79 75 88 94 83 86 73 90 81 78 89 81 60 78 82 87 77 72 81 88 85 75 95 84 66 67 74 69 85 73 67 85 88 69 84 73 77 81 164 0.04 8 
68 329 346 144 67 71 68 75 74 67 73 60 68 71 67 68 70 66 76 69 67 77 68 74 71 70 71 71 80 71 69 74 68 70 76 65 68 77 73 70 78 67 76 71 72 68 71 70 74 70 64 70 64 63 70 61 68 77 69 70 75 80 66 71 66 66 67 71 70 70 74 69 74 66 216 0.06 12 
69 7 206 40 30 15 10 20 10 25 27 6 18 33 20 20 19 25 26 15 20 14 15 14 23 11 17 29 18 10 15 28 22 22 14 18 15 23 19 20 27 28 22 15 15 19 16 9 23 27 12 29 24 17 26 19 21 12 29 17 11 24 13 18 18 12 10 33 26 19 19 20 15 12 60 0.04 8 
70 240 117 172 88 82 91 81 82 97 91 76 88 93 82 83 94 78 93 82 71 82 75 82 92 83 76 84 76 84 83 88 96 82 79 83 92 81 93 91 90 83 94 83 88 95 89 75 80 96 91 82 82 87 98 79 81 84 85 81 91 78 79 77 92 101 86 78 82 82 84 72 86 81 258 0.06 12 
71 237 195 29 26 26 28 26 29 30 28 29 28 27 25 30 26 29 30 24 31 28 26 34 29 27 33 29 34 31 30 28 30 29 33 25 33 26 28 28 37 30 27 34 32 29 29 30 23 29 27 26 28 26 26 30 26 26 27 26 28 29 32 30 34 25 25 29 29 27 27 27 29 32 58 0.04 8 
72 62 422 26 4 26 2 18 0 10 16 23 22 23 3 5 9 3 19 16 7 18 3 14 9 0 16 6 19 0 3 5 20 17 16 9 14 17 16 20 21 16 12 10 12 9 8 10 34 9 1 2 4 16 7 26 8 12 0 12 9 8 1 10 38 17 14 29 0 25 1 18 31 10 39 0.02 4 
73 46 138 300 99 113 106 107 85 109 94 109 98 96 96 92 95 86 99 102 101 101 106 101 95 97 95 100 99 98 101 106 93 104 102 89 96 92 93 97 95 115 91 98 111 99 92 99 94 99 83 106 105 112 87 93 90 106 104 101 87 91 96 109 96 102 103 111 105 97 85 105 98 98 400 0.05 10 
74 195 405 82 32 31 37 36 56 49 46 41 37 47 36 42 47 50 40 47 49 34 51 38 37 47 43 24 35 34 40 35 52 50 27 47 29 43 49 42 40 36 33 47 36 52 27 41 39 35 52 43 44 31 49 27 46 50 46 24 48 44 43 42 43 48 41 44 32 35 31 30 49 45 123 0.08 16 
75 254 157 111 37 36 38 39 29 36 35 38 34 36 36 36 37 37 38 38 39 38 40 37 35 37 39 35 33 38 35 39 38 38 29 35 37 38 37 36 32 35 37 39 34 37 41 38 37 36 37 37 36 36 38 33 35 39 39 39 38 38 36 35 36 38 38 37 40 35 35 35 37 36 148 0.09 18 
76 7 58 52 26 19 24 23 31 28 26 33 33 32 26 19 33 17 34 33 36 36 20 36 7 22 31 25 33 20 30 34 25 29 29 19 12 28 25 21 20 32 22 21 28 28 30 32 27 29 30 29 30 22 16 29 26 35 25 21 21 13 26 23 30 24 19 15 31 22 22 27 36 27 78 0.09 18 
77 350 451 78 26 26 28 23 31 27 29 27 26 24 31 31 23 32 25 22 23 24 17 24 20 27 23 30 22 25 27 28 25 25 28 22 34 25 24 25 30 26 29 24 27 29 23 20 31 27 30 27 22 22 29 22 22 26 23 24 27 18 28 25 29 31 22 31 25 19 24 29 28 15 104 0.02 4 
78 456 339 13 26 8 13 13 10 13 10 16 10 15 18 5 3 6 5 12 8 7 19 15 10 12 17 19 12 5 11 3 12 11 14 8 10 12 6 15 11 10 13 9 9 6 18 10 2 9 11 7 5 4 12 16 17 15 4 9 12 14 9 13 17 23 10 16 13 16 16 9 18 6 26 0.04 8 
79 489 246 219 74 70 73 79 69 73 73 68 72 70 72 75 75 73 72 75 68 72 74 67 71 73 70 70 72 73 76 73 78 74 74 70 74 79 74 72 74 77 71 69 67 67 73 73 67 73 68 73 71 69 69 72 71 67 70 69 73 74 71 72 71 73 71 71 74 74 67 69 75 73 292 0.04 8 
80 220 153 73 73 78 73 76 68 67 78 67 75 79 77 74 71 74 72 72 73 70 76 71 75 76 76 75 76 75 75 73 72 75 77 76 74 73 76 72 73 76 71 70 68 75 74 76 77 69 73 76 67 74 74 70 73 74 72 73 73 73 72 75 73 73 72 74 70 69 74 70 70 71 146 0.03 6 
81 484 413 93 25 29 30 34 36 29 25 31 31 27 30 26 34 37 31 30 30 32 35 32 30 26 30 33 31 35 33 29 32 24 32 24 24 33 34 34 32 27 29 27 35 30 32 36 30 32 22 35 31 30 31 36 32 24 38 26 36 31 31 30 29 31 27 31 31 30 31 34 27 30 124 0.07 14 
82 341 361 182 86 96 91 89 91 83 91 94 98 86 85 87 92 93 87 82 82 94 97 85 95 95 81 98 83 91 86 88 86 89 89 98 87 88 87 88 96 93 85 83 85 86 88 93 89 90 94 101 92 96 92 82 89 85 84 95 88 99 100 89 85 91 91 93 95 87 83 102 87 89 273 0.06 12 
83 219 199 44 37 24 21 9 21 19 30 28 0 31 22 20 20 19 44 15 37 26 25 8 21 10 28 15 27 21 28 26 36 16 17 22 13 22 17 11 28 29 43 25 28 11 12 15 8 16 12 18 14 12 35 26 29 2 3 26 9 24 17 24 27 18 15 35 13 22 32 11 12 31 66 0.04 8 
84 254 160 62 23 34 30 33 36 42 25 32 40 36 34 32 32 30 29 25 37 32 27 27 35 20 31 37 24 32 40 31 46 40 30 32 31 32 40 30 26 43 33 24 23 29 22 44 23 37 45 34 35 33 37 38 26 38 35 26 38 20 22 29 26 31 30 26 31 30 34 35 32 33 93 0.02 4 
85 269 90 198 103 100 102 101 99 98 99 100 97 99 98 100 95 100 99 100 101 100 93 100 102 97 96 96 101 94 97 98 98 99 97 96 104 98 103 100 100 101 99 97 94 95 98 103 98 99 96 99 102 98 96 95 98 101 98 98 97 98 98 100 97 99 100 95 97 96 98 99 101 99 297 0.03 6 
86 277 170 64 52 68 76 55 62 58 61 64 74 64 68 65 79 75 61 69 71 64 79 51 56 69 53 62 62 72 55 79 56 72 45 55 73 58 66 57 68 84 81 64 63 53 60 62 58 55 69 64 70 53 66 72 60 59 55 64 75 59 63 65 69 55 68 60 62 51 76 59 63 55 128 0.09 18 
87 61 13 50 57 47 52 49 51 54 51 55 48 49 50 52 49 43 49 50 52 46 43 43 54 50 55 46 46 55 52 45 46 54 51 54 50 53 53 39 54 56 49 53 50 51 46 49 53 51 46 45 42 54 48 53 47 50 54 47 50 47 48 48 53 51 48 52 52 56 51 40 50 50 100 0.03 6 
88 381 471 86 40 41 46 46 50 41 43 42 47 46 40 42 39 39 37 38 43 40 43 43 42 41 40 41 43 36 35 40 48 45 33 49 43 44 45 42 46 42 41 41 44 39 38 40 39 40 38 38 36 37 38 36 41 47 43 42 43 45 48 44 40 46 44 46 42 43 35 38 43 36 129 0.05 10 
89 335 378 83 89 86 83 83 84 80 86 77 88 81 78 87 81 75 81 76 80 84 77 77 88 85 76 79 78 83 79 84 84 85 84 80 76 84 80 88 82 78 82 83 91 80 79 91 81 86 77 81 81 86 75 83 82 87 84 95 80 83 82 83 71 92 81 83 78 92 86 87 84 84 166 0.08 16 
90 481 468 273 92 90 90 86 87 90 90 89 91 92 95 88 93 90 95 96 90 89 86 89 88 93 95 92 90 91 94 88 89 96 92 91 96 87 89 90 89 93 95 88 95 93 86 94 91 86 92 99 88 91 89 91 91 86 94 92 88 89 94 90 88 87 95 89 90 93 97 92 85 95 364 0.08 16 
91 121 88 222 73 75 71 76 77 71 78 73 73 76 73 71 71 71 74 73 73 70 76 75 72 71 72 69 75 78 70 73 71 73 77 78 75 80 74 74 75 69 78 76 79 70 80 73 75 74 72 71 72 71 73 74 73 75 77 72 75 77 73 70 80 74 69 74 78 76 73 74 71 79 296 0.09 18 
92 146 290 156 77 75 75 87 78 76 77 90 76 89 86 82 84 76 81 71 79 77 78 76 79 71 76 83 83 79 78 85 87 83 79 80 83 83 76 78 75 80 81 80 78 70 68 75 79 84 79 86 74 82 82 76 77 76 77 72 73 71 69 81 75 72 80 78 74 81 81 78 74 74 234 0.03 6 
93 100 384 188 93 95 94 90 97 93 94 94 93 94 91 96 96 93 89 92 91 96 99 89 89 93 92 92 96 90 93 90 93 96 91 94 91 90 91 96 95 93 92 98 94 91 95 94 93 94 94 94 90 95 93 89 93 94 97 96 93 93 91 90 97 93 92 95 95 93 94 93 94 98 282 0.04 8 
94 263 225 291 92 99 111 106 94 98 94 106 95 106 98 100 93 85 96 92 90 109 97 95 102 73 112 88 93 87 90 88 98 100 94 99 92 93 92 85 98 102 83 96 101 92 105 80 83 104 101 77 104 105 97 89 91 90 98 97 93 92 106 87 108 91 83 84 111 100 118 103 92 94 388 0.05 10 
95 18 340 65 76 70 73 72 63 65 66 57 66 61 70 55 67 68 68 66 76 56 51 67 56 70 58 62 62 77 77 75 67 67 66 66 66 79 70 62 81 51 68 64 65 63 56 70 60 58 60 74 68 67 67 54 60 68 60 74 67 70 61 59 81 76 64 68 69 71 70 61 71 67 130 0.08 16 
96 158 176 68 74 72 59 77 73 65 76 60 72 62 63 66 65 65 77 67 73 70 68 67 69 57 60 65 64 74 73 67 72 59 60 62 63 65 58 68 63 78 61 62 72 60 73 58 55 73 59 64 76 63 76 69 60 72 71 59 69 71 65 72 68 71 73 64 67 72 72 74 64 69 136 0.08 16 
97 458 350 46 24 34 17 28 24 23 13 27 16 31 45 12 24 22 21 27 10 19 22 37 22 30 32 39 26 19 30 20 31 1 34 24 12 0 15 40 33 19 19 31 22 12 10 22 40 35 20 0 33 19 24 19 27 18 15 21 15 4 11 22 15 29 23 24 18 21 35 26 29 28 69 0.02 4 
98 272 77 39 0 7 22 20 0 6 11 27 10 22 2 13 9 27 8 14 12 11 16 15 29 10 5 22 4 13 26 7 2 15 22 12 12 12 16 22 9 20 12 29 9 13 14 22 16 7 11 0 0 8 12 10 14 27 16 36 5 12 18 14 8 7 20 11 18 12 43 15 8 14 52 0.08 16 
99 165 343 93 94 79 100 106 102 93 100 106 101 90 93 77 95 79 93 73 64 101 122 102 105 119 93 87 106 109 90 102 86 103 75 103 92 94 95 101 98 91 99 116 85 109 75 111 82 115 102 108 79 84 91 112 65 81 94 107 107 110 90 87 93 84 104 111 95 91 84 99 90 101 186 0.02 4 
100 467 341 189 60 64 64 64 62 62 64 61 60 55 61 60 64 62 59 64 62 69 59 63 64 62 65 62 66 70 61 60 62 63 65 58 60 61 65 67 63 59 62 61 61 61 64 63 62 56 62 64 60 64 67 61 63 62 56 65 68 61 64 66 69 64 64 57 66 61 63 58 66 64 252 0.03 6 
101 143 249 231 77 72 73 78 73 75 76 69 84 79 77 81 76 71 78 79 77 66 77 71 74 71 78 69 80 75 84 76 81 75 78 82 76 78 75 76 74 72 68 79 73 80 73 72 75 71 79 79 70 76 74 75 81 73 79 79 80 83 74 83 76 75 74 80 74 79 68 72 78 79 308 0.09 18 
102 175 173 88 49 55 44 42 47 35 46 42 39 41 41 34 39 47 52 39 48 42 44 48 45 39 49 35 46 33 41 57 42 32 51 42 42 38 44 46 47 48 42 36 42 46 40 55 47 54 34 44 37 47 47 45 41 42 41 33 48 36 24 31 47 55 39 65 39 47 35 54 49 28 132 0.08 16 
103 271 446 99 96 111 95 96 93 95 104 88 94 84 123 92 103 97 86 96 93 104 109 92 94 90 91 94 99 106 102 108 78 97 99 116 98 87 85 90 103 102 105 92 83 97 100 74 91 76 109 95 91 118 106 107 91 105 100 77 121 94 101 92 85 100 82 93 92 101 100 110 94 123 198 0.08 16 
104 261 268 86 85 93 86 77 92 88 84 73 79 98 86 91 82 82 83 82 91 84 76 91 92 81 80 79 85 84 85 81 91 79 77 82 88 82 77 89 84 91 91 96 95 99 100 98 72 79 79 82 94 87 84 78 82 104 76 88 75 80 86 71 81 94 86 83 89 89 91 87 86 89 172 0.07 14 
105 402 77 291 93 101 102 90 93 104 94 100 99 100 92 92 89 109 96 97 93 105 103 95 93 104 82 108 106 93 87 93 106 87 91 99 101 92 94 99 100 98 101 98 100 90 96 98 106 97 95 100 105 90 97 102 84 93 103 98 106 95 95 91 91 96 95 96 96 97 89 103 94 97 388 0.03 6 
106 411 308 291 94 93 80 93 98 104 95 102 101 115 108 90 83 56 86 93 118 99 96 114 113 108 117 74 97 101 101 96 102 73 94 99 114 79 86 80 107 95 98 106 91 98 92 99 99 103 98 92 103 87 89 102 91 100 109 90 106 93 104 103 112 92 120 101 110 109 92 117 96 88 388 0.03 6 
107 92 371 126 60 58 58 69 65 58 62 72 56 61 61 69 56 66 62 66 62 65 61 60 66 59 71 68 54 57 65 65 66 66 71 59 55 67 71 66 57 58 74 79 60 59 51 64 61 56 59 72 59 56 60 71 58 64 57 52 65 61 58 66 70 56 59 72 55 56 59 67 62 59 189 0.08 16 
108 197 459 83 87 79 79 85 82 77 77 83 90 94 85 90 84 78 88 90 82 90 84 88 84 86 79 81 81 75 88 77 86 88 85 89 91 82 91 92 78 77 81 81 83 78 82 87 80 89 81 78 91 84 94 79 85 84 81 81 85 73 73 76 88 84 78 81 84 86 88 78 82 85 166 0.02 4 
109 129 133 196 98 98 101 97 97 91 94 98 100 98 95 97 97 98 93 98 99 97 99 100 95 99 101 93 99 98 98 96 96 97 96 95 100 96 100 95 98 99 100 96 98 98 95 97 96 99 97 94 98 96 100 98 98 101 97 96 100 97 100 100 99 96 96 94 100 98 101 96 95 95 294 0.08 16 
110 307 415 46 37 48 48 21 51 53 41 37 37 45 44 36 46 57 46 41 28 38 45 63 48 42 43 53 56 54 36 59 51 45 51 50 46 48 42 49 49 30 46 53 50 54 48 45 42 25 31 55 52 40 42 39 42 38 39 39 35 44 48 44 39 37 38 40 60 47 30 37 55 39 92 0.09 18 
111 331 463 138 54 76 83 62 57 58 85 66 65 61 68 73 60 74 66 71 63 66 72 59 70 54 60 62 72 64 77 75 66 67 71 78 74 59 67 67 64 79 83 63 78 68 76 67 67 58 71 80 65 79 62 67 69 70 75 72 70 70 97 78 71 75 69 74 67 66 65 83 75 68 207 0.03 6 
112 214 271 178 85 94 74 95 88 93 86 91 81 68 86 70 87 69 76 86 82 85 78 113 106 90 96 76 87 100 94 75 96 92 81 78 70 74 92 99 98 110 91 84 96 79 82 91 78 92 78 91 93 84 99 90 82 93 104 94 75 96 102 96 95 89 101 86 87 107 75 111 85 84 267 0.02 4 
113 346 423 60 69 65 58 55 54 42 54 65 54 50 52 65 39 57 57 57 67 73 53 61 66 60 57 47 75 61 67 52 56 56 70 42 70 49 43 62 65 47 73 67 73 63 62 70 67 67 64 62 54 56 64 50 57 61 57 78 57 53 58 52 58 77 72 49 60 70 57 51 68 69 120 0.04 8 
114 36 33 285 98 94 96 96 96 89 101 101 95 99 94 94 96 87 99 96 96 93 102 97 94 92 103 89 92 98 93 95 102 98 96 96 97 99 94 94 93 95 99 92 94 91 92 95 96 95 96 95 92 96 88 97 96 91 89 101 95 96 95 101 92 87 100 97 102 94 96 94 94 94 380 0.02 4 
115 495 81 31 33 27 29 29 34 34 25 32 33 34 28 30 37 32 25 28 33 30 31 29 29 33 32 32 35 26 31 33 29 28 32 27 35 32 35 27 33 32 33 30 32 29 32 26 30 30 28 34 31 29 29 28 29 25 32 32 31 31 30 29 32 28 28 35 31 28 34 32 32 31 62 0.02 4 
116 166 440 144 47 43 47 50 51 53 46 48 51 49 43 47 51 48 45 51 45 46 49 44 54 49 49 50 51 48 50 47 48 49 49 50 47 50 52 50 50 43 45 55 48 46 46 46 46 47 42 48 45 47 53 50 49 48 48 48 49 46 52 47 52 44 48 48 50 48 45 50 50 43 192 0.09 18 
117 358 49 30 42 28 22 22 21 34 16 26 38 29 30 51 40 34 35 33 36 21 31 31 33 28 22 35 28 26 36 28 11 22 20 32 37 35 27 23 38 32 24 28 20 24 14 17 38 31 29 31 49 23 30 37 30 24 12 24 33 25 31 24 41 28 34 31 21 23 36 24 18 28 60 0.03 6 
118 458 401 243 82 81 81 81 77 80 80 85 81 79 82 83 79 78 82 82 81 77 82 81 83 76 82 81 84 84 81 84 82 78 78 80 76 78 80 82 81 79 81 81 86 78 79 80 81 79 82 78 82 81 78 80 82 81 80 82 81 79 79 81 79 84 81 81 79 75 80 79 81 80 324 0.04 8 
119 81 313 48 23 17 15 29 29 28 15 26 30 20 22 19 25 18 18 27 22 24 33 20 19 27 28 22 28 25 21 21 21 21 24 27 29 29 21 23 24 28 24 21 23 16 23 27 16 25 22 20 27 27 22 21 27 20 20 21 19 29 26 25 22 27 16 21 22 23 26 21 28 22 72 0.02 4 
120 206 19 104 54 53 55 51 47 61 51 55 56 54 54 51 48 50 52 54 44 51 54 47 56 46 48 57 58 55 47 54 55 55 58 58 54 52 52 42 42 54 51 49 53 47 54 51 49 58 50 47 48 52 52 45 55 47 55 51 49 51 51 55 52 52 53 57 51 54 53 56 48 49 156 0.02 4 
121 189 203 27 31 29 26 25 19 30 32 31 27 29 24 25 30 29 26 41 37 23 30 13 23 25 20 29 32 29 21 28 22 28 28 19 23 36 28 34 34 38 34 29 22 23 25 28 26 18 28 28 29 20 19 25 18 27 26 30 25 32 29 34 31 36 27 32 24 29 35 29 24 29 54 0.03 6 
122 424 324 75 28 37 26 5 36 36 7 21 15 14 0 18 25 30 13 33 20 13 28 0 40 29 7 40 22 17 23 30 9 10 6 31 35 13 20 23 19 21 45 27 24 20 23 10 40 41 15 10 27 28 22 16 21 31 30 32 21 24 39 14 25 24 24 52 22 26 23 13 12 28 100 0.05 10 
123 181 462 43 43 46 48 41 43 39 37 41 45 46 42 48 44 38 44 44 47 41 45 48 45 41 40 47 38 43 40 41 43 38 43 48 37 46 45 42 50 45 40 46 41 42 47 45 46 41 43 43 39 45 47 44 45 41 42 44 42 45 40 38 41 42 45 40 40 36 45 40 40 36 86 0.02 4 
124 465 401 144 48 43 53 44 43 45 48 41 42 42 62 45 42 50 47 41 50 32 52 38 50 55 55 40 47 49 41 59 50 57 40 54 39 50 54 39 38 36 53 50 55 52 55 54 33 61 59 50 49 38 43 44 53 35 37 60 45 48 43 40 39 43 47 52 49 47 48 36 59 47 192 0.02 4 
125 159 299 273 76 92 84 91 89 98 92 88 94 97 85 95 77 81 98 90 87 93 85 100 85 87 96 96 87 84 95 91 95 90 88 94 96 94 90 89 88 97 91 85 88 90 92 85 81 96 86 92 92 97 88 84 81 89 88 98 93 90 89 92 91 89 98 88 81 91 92 88 91 83 364 0.07 14 
126 282 487 73 72 72 73 73 72 77 74 71 68 72 69 71 71 72 77 71 73 74 75 77 73 72 81 62 71 75 72 71 73 70 74 73 69 67 72 73 74 76 72 75 69 74 72 77 73 74 74 73 70 72 74 73 72 71 69 77 74 74 68 80 71 76 74 70 73 73 76 73 71 72 146 0.09 18 
127 441 168 200 99 95 99 112 88 99 97 84 90 87 112 105 97 89 106 100 106 112 101 102 104 119 86 110 105 82 115 86 97 102 99 111 118 110 100 106 104 98 105 94 78 100 104 108 96 101 91 114 105 100 97 93 83 90 104 98 85 101 113 108 99 109 91 92 95 98 100 103 113 113 300 0.03 6 
128 236 469 96 33 29 33 30 33 32 31 30 28 28 31 34 33 30 28 30 33 32 31 32 33 35 30 31 32 33 28 29 32 34 30 31 29 33 32 28 35 32 34 32 29 34 32 31 30 29 31 31 31 30 30 32 32 32 26 30 33 33 32 29 38 30 33 29 29 32 27 31 32 32 128 0.05 10 
129 204 311 102 31 37 34 31 29 31 33 28 34 38 33 33 34 31 35 36 33 32 38 38 36 33 37 31 32 34 26 40 34 30 34 30 32 39 33 35 33 32 28 31 31 29 29 31 33 32 35 31 35 33 33 35 29 34 38 31 33 31 29 39 35 35 31 33 33 33 36 35 32 35 136 0.09 18 
130 1 71 180 93 86 85 87 87 90 90 87 92 86 88 88 90 97 85 86 87 94 95 81 97 86 94 90 95 89 82 93 90 92 91 95 101 93 90 93 92 90 94 89 88 85 85 83 89 94 94 90 93 89 83 87 85 89 90 89 92 97 94 89 92 88 87 91 85 84 91 96 91 94 270 0.06 12 
131 319 475 141 48 50 40 49 43 45 43 50 40 46 43 49 47 39 36 42 53 43 63 34 45 45 33 43 51 44 33 41 41 60 47 44 49 48 46 45 36 44 48 50 50 47 52 53 44 42 56 54 52 34 32 37 57 45 52 51 56 34 35 59 52 37 52 52 59 41 45 37 49 38 188 0.07 14 
132 179 456 297 102 99 95 97 101 96 103 102 101 98 101 101 99 95 96 99 107 98 98 100 102 99 106 94 99 98 98 98 93 99 100 98 92 95 93 99 99 98 100 96 97 103 97 97 101 94 99 96 98 96 102 101 103 97 100 100 101 95 101 100 102 96 98 98 94 105 98 106 100 97 396 0.05 10 
133 128 190 57 57 60 47 54 63 63 61 60 53 62 56 57 54 62 53 51 60 58 62 55 60 58 58 50 55 51 48 56 57 56 53 56 54 57 53 59 54 58 57 56 53 62 59 55 59 57 57 57 55 56 56 48 59 59 56 58 55 60 58 62 59 57 59 51 61 54 58 56 57 50 114 0.03 6 
134 43 248 192 94 86 92 86 89 96 82 111 95 101 101 95 86 98 98 104 99 97 103 112 96 96 82 103 88 99 98 98 90 90 96 83 99 104 89 91 98 86 96 111 102 103 91 104 95 103 89 106 111 94 85 104 87 99 102 90 103 94 86 101 100 93 98 93 99 101 85 95 89 110 288 0.09 18 
135 53 6 264 88 89 91 89 88 90 87 85 83 91 94 93 88 91 87 83 86 84 82 85 84 82 89 86 79 84 77 90 90 90 96 86 93 87 88 92 89 81 82 86 85 85 95 82 85 90 86 88 85 89 89 93 90 87 83 84 90 96 87 94 87 85 88 85 79 88 91 82 83 86 352 0.04 8 
136 97 406 106 42 46 49 37 38 51 40 50 49 30 72 51 44 53 70 62 47 50 41 57 44 46 47 69 51 58 50 36 54 56 54 52 67 47 57 46 63 30 45 66 54 58 38 48 51 52 54 52 73 38 62 64 38 35 63 62 70 58 43 54 54 27 55 69 62 66 59 68 76 41 159 0.03 6 
137 39 245 285 96 93 97 97 90 92 91 90 92 91 97 96 97 94 95 94 93 95 89 99 88 91 94 94 99 98 90 90 93 94 95 98 94 96 93 91 91 87 94 97 92 100 92 96 95 92 91 92 97 98 95 98 95 94 98 98 102 96 100 98 97 94 93 98 91 95 96 96 98 96 380 0.05 10 
138 179 412 146 80 77 72 65 73 70 72 72 74 74 69 69 73 76 71 70 72 80 72 75 69 74 82 74 72 72 73 72 78 78 73 67 67 74 78 75 72 77 71 74 74 72 75 78 69 79 72 69 71 78 73 75 71 72 68 64 65 72 76 69 71 75 72 68 69 65 78 75 75 74 219 0.05 10 
139 278 154 48 59 52 44 44 53 40 49 43 51 60 48 53 47 47 44 44 45 49 54 45 52 49 46 47 47 45 59 40 49 53 46 48 55 55 50 46 51 59 50 62 53 45 40 54 55 41 47 50 45 48 41 48 43 56 44 47 43 43 50 48 48 39 51 45 51 43 49 49 55 49 96 0.04 8 
140 131 91 57 58 52 53 64 72 57 56 44 73 59 62 50 41 66 59 51 68 72 47 55 64 55 46 63 61 45 68 58 62 61 58 53 49 58 52 58 66 60 51 54 55 58 54 45 55 79 51 58 61 57 48 51 47 43 63 51 61 53 53 62 44 71 53 42 65 49 64 61 60 50 114 0.02 4 
141 227 307 42 29 11 13 21 20 23 16 21 7 23 21 24 11 29 17 15 42 38 23 13 19 17 23 29 16 21 7 17 5 17 13 26 26 8 33 26 35 23 17 21 14 4 21 22 10 26 21 18 29 12 11 12 19 13 24 10 15 5 19 14 26 35 16 19 26 17 15 28 17 10 63 0.07 14 
142 68 183 126 64 62 64 61 62 66 69 63 65 61 58 63 57 58 68 66 60 61 61 67 64 62 63 58 62 62 60 58 67 67 63 66 61 64 60 64 63 63 62 61 57 60 56 65 65 63 64 60 60 63 60 56 61 65 66 65 64 60 69 59 58 62 62 64 67 62 62 59 59 62 189 0.08 16 
143 58 205 282 91 96 85 94 120 98 81 97 103 85 97 80 98 101 109 93 98 93 83 92 83 93 117 104 93 117 98 85 99 100 109 106 93 96 89 95 82 103 98 96 90 97 89 100 95 99 99 94 109 105 87 104 114 90 83 89 80 100 91 71 98 92 94 94 76 96 105 102 106 93 376 0.03 6 
144 213 455 92 91 88 90 89 97 86 90 91 96 91 94 92 95 87 96 93 88 91 95 88 91 90 89 97 87 93 89 88 99 95 84 89 91 93 89 91 88 94 88 91 92 91 88 91 91 92 91 94 91 93 93 93 97 89 88 94 97 90 95 91 89 93 88 99 95 89 89 93 91 91 184 0.03 6 
145 16 452 180 88 94 94 94 95 97 87 86 91 87 89 96 92 89 91 86 84 90 96 87 90 88 83 84 92 87 91 92 90 89 91 91 83 91 86 88 89 86 91 89 93 95 89 91 82 93 83 89 89 81 82 92 91 87 92 93 89 93 93 81 99 92 85 90 86 84 90 86 93 92 270 0.08 16 
146 266 273 46 47 46 49 55 38 41 40 37 58 62 34 50 44 34 41 41 40 41 42 38 32 49 41 65 50 35 38 49 45 52 39 66 29 40 40 49 33 32 39 40 42 46 40 47 45 49 42 43 57 53 46 36 46 39 41 54 40 28 40 49 45 46 46 46 35 36 43 41 48 44 92 0.09 18 
147 106 133 189 72 67 55 63 67 56 54 62 55 73 66 61 72 66 74 63 52 55 64 62 63 62 63 63 63 61 61 52 64 64 54 65 65 64 63 73 56 64 56 59 61 69 60 60 63 68 57 65 58 55 64 60 68 62 73 63 65 60 71 67 63 70 66 61 68 58 59 55 58 60 252 0.08 16 
148 352 73 126 33 44 41 46 40 34 40 42 41 47 42 44 32 47 45 48 50 39 40 37 35 46 56 44 52 41 54 38 38 25 47 48 49 50 40 48 42 39 44 41 33 44 42 36 49 38 39 42 49 47 34 44 48 33 41 45 46 40 43 36 47 47 33 45 39 51 46 43 37 44 168 0.04 8 
149 16 81 90 31 30 28 26 34 28 30 28 32 27 30 29 30 31 28 29 29 31 28 28 29 31 31 34 30 32 27 29 27 27 29 29 27 27 28 30 28 29 29 31 29 30 28 30 31 29 31 31 29 29 28 31 29 28 29 30 29 30 32 26 31 31 26 29 29 32 31 31 26 28 120 0.09 18 
150 383 121 108 59 51 50 54 64 51 51 61 56 49 46 53 52 57 50 59 54 55 52 44 61 54 48 39 49 50 56 39 53 57 46 45 52 59 59 68 44 65 59 57 66 53 56 55 51 49 58 51 47 46 51 45 64 73 65 58 49 48 57 53 40 61 54 53 40 50 65 52 66 52 162 0.03 6 
