200 5 17152
0 420 314 34390 23801 23792 23791 23796 23808 0.01
1 243 396 60 32 27 29 43 21 29 28 21 23 19 29 26 28 20 31 26 33 36 15 39 27 37 32 37 39 27 25 30 31 47 29 37 30 39 23 26 28 34 25 29 35 31 27 33 30 28 33 49 26 17 31 25 37 24 25 90 0.09 18 
2 69 439 37 40 43 37 37 44 28 38 32 39 32 36 40 33 42 37 42 35 32 34 39 31 40 32 32 33 36 37 40 31 34 27 40 40 32 31 41 35 31 43 27 39 30 33 47 44 37 25 39 42 35 42 32 42 37 35 74 0.03 6 
3 426 188 90 39 44 45 42 46 42 41 44 41 50 44 49 52 53 46 43 50 49 46 39 46 37 44 49 46 48 44 50 45 43 49 51 36 42 41 43 44 47 47 44 40 52 42 45 41 42 47 39 42 39 43 49 41 49 45 135 0.06 12 
4 460 359 68 38 36 34 35 42 32 38 41 40 33 39 30 28 35 32 41 37 38 36 35 34 22 28 34 41 35 24 29 32 40 33 33 30 31 27 38 25 41 39 29 34 36 51 33 42 36 20 48 29 37 38 36 35 37 24 102 0.06 12 
5 90 200 168 49 62 59 56 59 50 55 58 55 54 55 47 52 58 51 59 50 58 58 53 59 56 59 53 58 51 59 60 53 64 47 54 54 58 43 50 54 63 51 60 55 52 53 50 58 62 52 60 51 55 60 56 56 55 59 224 0.08 16 
6 380 86 188 90 96 97 92 91 85 95 89 93 93 95 92 94 92 94 93 93 94 96 95 93 92 90 93 92 97 91 91 87 92 90 85 96 93 96 98 98 93 92 95 89 98 93 96 96 97 95 98 99 94 97 94 96 92 100 282 0.08 16 
7 381 267 171 56 56 58 57 56 58 54 58 57 58 54 57 51 53 57 54 57 57 54 55 56 54 53 54 58 57 56 54 57 58 56 60 57 54 54 55 56 56 58 58 57 60 59 59 57 56 58 55 59 56 55 57 58 56 60 228 0.08 16 
8 157 241 90 50 39 45 28 43 50 42 49 34 56 43 47 46 39 39 47 22 46 44 42 50 54 32 46 44 37 49 36 62 32 57 37 45 49 44 42 46 53 47 62 37 47 44 44 53 45 46 46 53 30 57 48 44 42 41 135 0.07 14 
9 321 461 64 31 27 35 32 31 33 33 34 32 33 33 32 32 29 33 28 32 31 31 30 29 31 31 28 30 32 29 32 35 36 30 28 26 33 31 33 33 35 31 30 32 29 33 30 32 36 32 30 37 30 32 35 29 29 34 96 0.09 18 
10 405 384 79 78 80 82 84 84 91 76 77 82 85 76 72 83 86 81 78 80 74 76 76 92 85 70 63 78 76 83 70 80 78 82 81 76 79 76 69 84 93 80 75 70 79 83 84 79 79 77 83 86 76 81 75 80 73 78 158 0.09 18 
11 102 283 141 44 47 47 45 44 48 51 47 42 48 50 43 46 45 49 45 44 48 50 49 48 48 48 50 46 46 47 43 46 45 45 47 47 47 44 46 47 49 45 47 44 52 45 48 49 45 45 48 46 47 52 46 45 48 46 188 0.02 4 
12 390 196 30 11 18 9 18 15 27 18 24 14 24 21 7 17 24 26 25 29 28 0 15 16 16 21 26 7 13 13 14 28 7 22 16 28 17 23 21 13 6 15 2 17 0 12 14 27 30 13 17 23 24 13 22 21 18 25 45 0.08 16 
13 372 334 153 45 55 42 42 41 51 44 50 44 54 55 44 59 50 53 57 46 38 50 52 60 35 40 51 44 43 53 52 61 52 52 52 39 54 40 47 56 40 49 45 36 47 57 50 59 53 58 54 49 40 36 34 51 60 39 204 0.09 18 
14 184 122 40 37 14 23 10 20 21 32 19 28 13 25 32 21 18 32 13 27 21 11 8 26 28 21 29 6 15 18 14 21 10 16 11 13 12 25 19 16 33 21 15 22 35 20 10 5 18 25 20 2 20 26 12 22 13 10 60 0.08 16 
15 326 0 300 100 99 98 103 106 93 89 111 94 103 101 98 90 99 99 92 92 103 98 99 96 102 102 99 104 101 104 105 93 91 108 103 92 101 93 104 101 97 101 109 100 95 98 100 102 100 98 97 101 96 104 97 93 91 98 400 0.06 12 
16 453 200 201 62 66 69 67 66 67 68 68 65 64 67 65 66 68 64 65 66 71 64 67 63 66 66 66 64 65 65 70 67 69 67 67 68 69 64 67 68 67 69 69 67 68 65 64 69 63 64 66 67 64 68 69 65 68 67 268 0.09 18 
17 309 318 92 86 94 93 91 97 93 91 94 89 86 93 88 93 99 90 93 97 89 91 91 90 93 93 91 85 93 97 91 92 87 93 96 90 93 98 85 91 93 85 94 88 89 96 97 89 94 93 92 91 89 96 90 91 88 90 184 0.05 10 
18 241 179 78 28 30 25 26 20 26 27 27 28 25 25 25 27 25 24 26 24 26 27 27 28 25 24 30 23 21 27 32 22 29 26 25 29 26 27 28 26 23 27 26 26 26 23 28 31 26 26 25 24 25 23 24 25 30 26 104 0.04 8 
19 269 81 100 53 51 52 54 53 46 48 46 51 46 50 51 52 49 49 48 53 47 44 49 51 46 51 47 52 45 54 47 44 49 53 52 49 47 48 50 47 56 48 53 47 51 51 54 49 52 50 49 53 47 50 48 47 48 50 150 0.08 16 
20 115 365 36 37 35 34 36 37 38 32 38 31 38 36 34 37 37 35 35 39 39 36 34 33 36 30 33 40 33 37 37 31 33 41 37 38 33 35 34 30 34 40 31 34 31 36 37 37 35 35 32 37 36 35 35 40 32 37 72 0.05 10 
21 369 65 82 84 84 85 72 86 87 84 79 79 88 76 79 73 79 83 78 77 89 82 88 83 81 93 69 84 77 82 79 69 80 71 72 88 92 81 71 74 88 76 86 75 75 78 88 81 81 81 88 88 85 86 87 78 86 75 164 0.08 16 
22 78 123 176 89 83 92 91 86 94 84 83 82 85 87 91 86 81 77 88 77 84 87 94 91 77 99 92 86 93 95 98 92 92 80 91 83 96 85 86 88 85 86 90 81 82 93 82 98 97 93 87 93 82 90 84 89 83 88 264 0.03 6 
23 266 435 47 46 47 39 49 49 35 53 50 39 38 33 45 34 42 57 41 34 40 44 21 38 53 49 39 49 39 29 47 64 52 51 47 44 57 47 27 46 42 41 44 63 54 44 42 54 48 33 52 37 48 52 47 55 60 45 94 0.07 14 
24 86 115 156 81 78 82 71 73 77 74 75 69 71 66 78 73 71 77 80 83 85 79 76 83 74 74 76 86 80 83 81 85 82 80 73 78 67 80 72 81 93 70 81 83 79 76 69 83 59 83 86 79 87 86 79 73 73 71 234 0.05 10 
25 426 411 102 38 55 50 58 44 50 46 53 46 40 50 58 46 50 44 49 41 53 52 54 65 69 50 54 58 44 59 52 70 62 38 65 48 40 41 49 52 47 43 59 64 42 49 38 49 49 66 57 51 48 41 64 41 56 46 153 0.07 14 
26 399 495 114 65 54 63 58 55 62 52 49 62 58 58 48 58 52 62 60 63 54 52 53 62 53 53 57 54 61 56 59 61 55 55 57 58 56 58 61 49 62 56 61 58 51 56 51 56 53 56 56 57 57 64 51 60 68 51 171 0.02 4 
27 96 401 47 35 55 60 46 46 36 32 49 50 40 47 36 39 52 58 47 62 53 45 46 38 48 51 38 48 50 27 47 37 45 27 41 54 47 56 41 53 44 40 41 61 50 31 38 45 40 44 52 38 38 51 63 43 60 44 94 0.04 8 
28 362 91 32 28 34 32 32 32 29 35 30 29 35 30 32 35 37 29 30 32 36 31 33 28 28 33 27 27 32 30 31 32 34 30 31 35 28 34 36 33 32 31 29 28 30 31 30 27 33 25 29 31 35 34 31 31 28 32 64 0.08 16 
29 323 137 19 20 9 8 19 15 12 17 40 29 24 14 14 31 18 0 20 12 28 36 13 15 25 18 30 27 22 23 26 15 13 19 15 22 24 32 32 31 21 23 21 28 3 21 25 30 18 20 14 23 29 13 18 21 17 19 38 0.09 18 
30 457 196 14 0 24 15 14 18 20 12 21 19 13 19 3 23 21 2 17 18 13 16 26 11 21 23 11 9 13 18 3 22 6 12 4 23 15 15 17 19 14 15 10 0 4 14 11 25 13 9 6 28 3 20 0 11 13 25 28 0.07 14 
31 282 437 134 68 64 68 68 68 68 71 67 68 69 67 63 63 73 73 59 69 69 64 66 60 71 66 64 66 68 66 68 65 59 73 63 63 63 74 64 60 71 68 65 71 61 71 69 65 65 64 68 62 66 62 66 70 70 67 201 0.02 4 
32 14 370 207 83 56 75 73 77 66 63 74 86 79 74 62 44 74 64 93 57 59 74 56 70 48 64 52 78 70 78 69 58 68 57 60 70 75 76 70 63 63 61 60 48 76 60 40 66 76 73 59 70 48 71 72 86 59 55 276 0.03 6 
33 215 500 80 82 82 74 77 76 78 78 70 80 83 88 82 74 81 72 69 70 71 83 74 77 80 80 79 78 78 74 82 84 80 78 77 87 82 78 83 83 81 72 81 86 87 84 90 67 71 72 81 76 79 74 77 81 82 76 160 0.07 14 
34 76 458 52 53 53 73 40 52 46 52 32 62 48 49 55 62 42 45 38 56 58 40 59 57 48 42 35 55 69 61 42 66 54 66 43 57 42 44 50 48 55 54 55 63 59 44 49 44 33 65 36 44 59 51 53 32 53 66 104 0.09 18 
35 272 219 264 85 90 91 71 92 88 89 85 90 88 85 97 92 86 79 94 85 88 83 81 86 90 77 87 93 89 90 86 82 75 94 83 88 86 87 84 77 96 79 89 88 85 83 83 90 98 78 83 93 85 86 84 88 82 89 352 0.09 18 
36 472 44 194 99 101 98 96 94 94 91 103 93 95 95 95 93 95 97 99 101 99 101 101 97 93 95 97 96 92 89 97 99 100 94 96 98 98 98 102 93 94 101 97 95 98 94 97 92 94 94 98 99 92 92 96 97 94 99 291 0.05 10 
37 261 69 172 91 82 86 81 79 84 86 89 82 85 89 78 90 87 80 80 92 86 88 84 96 85 91 73 80 84 90 88 79 76 88 82 92 83 86 79 85 93 91 92 82 81 89 89 87 77 82 84 88 79 81 81 78 92 89 258 0.09 18 
38 337 355 195 75 49 68 61 58 46 61 61 66 76 70 64 70 74 61 56 63 69 57 74 61 64 59 56 53 62 68 61 59 57 58 62 63 65 65 67 62 60 57 64 61 53 50 69 70 75 63 73 70 70 70 70 63 62 61 260 0.04 8 
39 198 112 198 72 71 66 59 68 64 70 68 64 71 65 64 65 69 64 64 69 69 71 71 70 68 64 66 68 73 68 68 62 59 63 60 57 62 64 68 66 64 69 62 61 73 68 68 61 64 70 59 69 63 58 65 63 55 70 264 0.06 12 
40 185 463 96 103 96 107 91 84 87 72 89 81 94 107 90 99 82 97 79 103 104 82 100 92 81 119 82 81 98 98 100 94 99 108 87 97 80 99 100 92 96 92 80 81 102 90 117 91 96 85 106 108 87 106 87 106 97 87 192 0.09 18 
41 376 496 87 90 83 92 75 91 80 81 95 91 79 88 93 80 79 89 93 84 79 87 88 92 78 80 89 89 99 82 83 87 85 84 88 93 88 73 76 89 97 92 81 85 82 91 85 86 100 92 91 87 82 91 87 84 93 93 174 0.03 6 
42 471 352 84 18 9 31 36 22 33 19 25 29 29 18 31 35 30 32 38 45 20 16 12 42 35 20 29 22 24 35 25 19 17 25 30 30 32 26 27 27 28 35 33 24 16 14 27 28 30 30 28 34 16 30 38 44 27 15 112 0.07 14 
43 362 406 117 31 52 26 48 55 54 26 42 43 55 33 34 46 45 29 32 37 36 28 42 44 54 52 36 53 45 20 34 41 47 31 32 36 36 34 34 26 43 39 29 38 35 43 56 52 34 39 31 30 44 31 46 45 34 33 156 0.07 14 
44 62 103 10 5 9 10 0 8 2 5 12 12 7 21 9 8 0 3 6 12 0 2 4 11 0 19 15 2 32 3 18 12 0 19 11 16 4 14 18 0 23 15 28 13 5 17 13 8 22 25 12 8 12 5 0 15 18 18 20 0.05 10 
45 326 45 267 98 91 97 98 84 76 80 83 86 85 93 87 94 96 80 77 77 81 90 80 76 90 106 95 86 94 89 100 94 76 85 92 92 76 88 87 92 105 77 84 83 99 87 76 86 107 83 102 75 93 111 87 89 87 90 356 0.05 10 
46 481 79 54 59 48 54 34 35 64 35 49 62 49 53 40 77 62 58 43 62 60 46 56 66 63 50 44 32 46 54 55 49 51 67 59 44 61 62 58 47 53 62 74 59 47 56 61 52 48 57 50 35 48 43 64 58 47 63 108 0.06 12 
47 25 286 58 65 48 49 79 63 41 56 79 55 51 43 56 62 57 43 60 47 62 64 57 51 65 66 49 63 60 44 58 53 53 58 44 66 58 53 70 51 56 64 50 59 71 54 71 58 59 56 57 52 72 46 65 71 57 49 116 0.05 10 
48 210 381 32 33 24 37 38 37 23 14 40 26 32 38 50 46 38 26 28 36 24 25 39 15 21 36 33 36 29 37 33 25 32 38 26 41 35 24 44 35 27 22 18 35 37 29 43 39 14 29 25 29 26 37 24 35 38 30 64 0.09 18 
49 282 385 70 71 69 62 70 68 70 70 68 74 72 75 70 71 68 75 66 69 73 69 72 66 68 65 67 66 68 69 70 71 72 68 65 73 73 72 78 66 66 67 74 70 69 71 68 73 75 75 72 70 69 69 69 72 74 65 140 0.09 18 
50 277 132 68 43 43 16 25 24 27 33 33 30 36 51 25 49 39 54 41 42 32 25 34 54 55 40 18 28 28 35 38 43 52 50 33 21 39 47 35 42 39 28 24 35 16 29 39 24 23 26 47 38 31 39 34 38 38 37 102 0.07 14 
51 281 255 171 58 57 76 68 53 71 48 46 56 53 43 51 58 50 63 34 49 52 70 64 48 72 61 56 55 56 55 55 52 67 55 45 66 57 67 34 55 50 81 60 39 51 67 33 45 63 51 48 51 54 70 48 52 59 46 228 0.05 10 
52 108 435 94 93 97 91 100 83 95 94 96 97 102 94 96 101 96 102 89 95 98 102 93 96 87 94 88 96 93 100 94 85 89 92 90 96 94 94 101 91 95 86 88 100 82 93 99 88 85 94 92 85 102 96 96 90 94 99 188 0.08 16 
53 318 496 40 42 40 34 31 41 45 41 42 43 36 45 48 44 44 42 40 51 44 31 43 30 42 44 40 31 51 31 37 39 29 38 40 35 54 45 35 41 39 26 36 44 23 39 40 42 43 43 47 35 31 32 40 36 49 38 80 0.06 12 
54 360 455 28 15 26 44 26 27 27 26 9 23 18 26 43 18 20 37 25 31 13 17 23 23 22 17 30 27 17 33 39 48 22 36 12 29 11 24 23 26 39 14 14 30 14 17 26 26 36 41 45 15 51 23 28 19 22 23 56 0.03 6 
55 265 121 43 46 50 31 22 28 47 50 47 49 50 49 49 44 50 58 47 51 42 39 48 49 47 45 49 37 41 24 38 58 43 48 38 33 40 30 48 46 28 43 38 44 30 64 52 33 63 46 46 53 52 45 49 41 40 33 86 0.03 6 
56 63 167 96 35 32 32 28 21 45 31 34 21 17 37 41 33 37 38 24 34 45 20 25 23 21 13 33 25 34 39 36 42 33 46 35 38 44 48 30 47 32 39 39 42 26 49 44 41 19 39 42 27 30 34 18 29 18 29 128 0.07 14 
57 327 98 99 23 24 27 36 35 31 32 39 34 25 29 30 32 35 27 26 33 45 34 23 32 37 33 25 36 33 31 34 25 40 31 27 35 32 35 33 31 24 27 33 35 38 30 30 35 32 46 27 34 29 45 40 30 29 40 132 0.07 14 
58 253 13 150 59 44 37 54 51 56 54 43 42 49 51 48 48 64 54 42 49 42 63 56 56 70 45 49 52 57 54 51 58 53 64 38 50 54 44 42 42 52 43 46 54 74 52 45 47 51 50 33 46 45 42 48 48 53 43 200 0.05 10 
59 105 363 200 98 101 101 97 103 105 100 96 102 99 95 96 103 109 96 103 98 87 106 104 103 99 100 109 93 105 98 100 98 100 102 115 95 105 107 102 98 104 96 91 100 100 106 87 98 96 95 92 99 90 107 102 97 98 99 300 0.07 14 
60 242 433 94 43 48 46 44 46 53 49 43 51 50 48 45 38 47 46 42 49 43 44 51 40 45 47 45 44 46 49 44 43 48 44 44 46 42 48 43 42 49 47 41 46 42 48 50 47 44 48 43 49 50 51 47 46 47 43 141 0.07 14 
61 27 243 243 79 77 82 94 84 75 72 73 81 77 74 76 85 68 69 80 86 79 88 73 82 74 71 78 85 84 101 81 80 68 88 82 77 82 87 68 90 92 73 76 71 82 86 78 79 77 75 73 65 93 82 81 85 91 95 324 0.09 18 
62 459 200 49 49 50 56 49 45 42 56 50 52 59 63 35 54 55 48 50 48 49 56 61 39 60 55 39 47 28 49 40 52 54 47 41 50 42 53 61 49 46 41 43 47 52 41 47 48 64 46 62 54 51 67 72 55 52 47 98 0.05 10 
63 144 496 56 57 61 58 54 55 57 57 56 53 55 54 55 63 58 56 58 53 55 54 55 52 51 53 54 63 58 50 60 56 46 53 57 53 59 66 54 52 55 54 56 56 58 54 53 51 47 50 50 62 49 57 52 56 55 51 112 0.09 18 
64 410 235 32 23 21 16 21 21 2 7 14 7 7 17 8 18 6 10 4 10 11 10 15 18 10 13 20 27 2 16 25 17 10 12 23 3 13 13 19 16 13 7 17 25 13 10 11 20 19 0 24 21 19 7 10 7 21 28 48 0.02 4 
65 395 233 18 11 15 25 26 14 14 19 21 15 17 13 12 11 13 14 21 20 17 20 12 16 20 15 15 20 20 21 21 14 15 16 10 13 14 22 21 17 18 22 25 18 19 27 10 22 15 24 20 21 19 14 19 17 17 22 36 0.08 16 
66 491 491 240 89 78 82 75 75 78 70 88 78 74 73 74 89 81 69 81 83 79 84 77 88 81 88 71 67 77 91 77 75 76 90 74 77 75 80 84 78 81 78 75 83 77 81 80 82 76 87 78 83 92 80 84 87 83 76 320 0.03 6 
67 332 500 138 71 70 70 72 70 69 66 70 67 67 71 70 67 70 71 68 69 65 70 71 69 70 68 69 67 69 64 67 67 68 67 68 72 65 68 68 69 66 69 69 69 68 69 68 72 66 68 66 68 68 69 69 71 68 71 207 0.09 18 
68 308 59 225 75 75 70 77 79 77 78 76 72 74 81 68 68 73 76 77 74 78 78 70 73 71 74 73 73 70 71 76 77 78 77 73 74 66 73 75 74 75 79 69 75 75 73 74 71 74 75 71 75 76 77 74 72 76 76 300 0.03 6 
69 65 271 48 50 44 46 50 45 47 49 54 46 51 48 44 43 51 45 42 49 50 51 50 49 51 44 48 46 49 43 46 48 49 51 40 46 51 45 44 48 51 47 45 47 46 46 48 52 46 47 49 45 44 50 47 53 43 46 96 0.04 8 
70 391 431 194 101 103 91 106 96 105 103 83 95 96 98 108 80 95 103 97 91 108 95 100 105 105 88 100 99 103 90 104 95 104 88 108 92 108 96 96 106 100 91 93 85 112 102 104 93 92 90 105 89 99 88 98 91 103 104 291 0.05 10 
71 37 417 85 84 82 86 97 89 86 88 85 83 90 78 81 84 72 83 77 81 90 86 75 89 86 87 89 91 86 89 85 84 89 85 88 85 93 83 84 86 89 84 77 84 84 86 90 77 82 82 79 81 82 87 81 85 84 86 170 0.09 18 
72 476 9 40 53 28 29 34 36 36 55 38 50 59 51 24 37 34 41 25 34 51 23 31 37 42 27 17 37 42 33 42 25 19 36 29 46 46 46 22 32 35 48 31 33 54 48 54 26 41 32 41 50 31 46 46 37 25 42 80 0.06 12 
73 281 16 141 51 52 39 55 47 57 43 46 54 55 61 60 33 48 41 43 53 28 49 42 53 46 50 48 51 42 38 35 43 56 49 58 52 50 55 45 40 42 48 30 51 54 43 36 53 48 61 40 24 49 34 59 51 37 50 188 0.09 18 
74 294 280 86 70 94 91 106 85 67 93 80 89 91 98 98 85 92 76 77 71 84 80 82 104 93 89 91 72 84 84 80 86 93 94 85 72 82 90 73 95 97 91 87 90 98 76 65 101 92 93 81 82 92 72 72 70 76 82 172 0.08 16 
75 230 489 279 100 84 84 102 85 101 95 101 86 98 81 91 101 91 86 91 100 89 90 94 95 105 102 111 70 100 84 76 97 89 95 87 101 88 86 97 94 88 117 100 101 83 79 87 79 97 88 103 90 97 102 102 93 89 89 372 0.05 10 
76 42 156 159 45 56 50 49 53 49 50 39 50 54 50 51 49 51 53 52 58 53 61 48 60 50 63 60 50 52 58 57 48 53 56 49 56 62 48 50 50 55 60 54 50 53 50 58 42 52 59 60 55 48 60 49 56 49 44 212 0.08 16 
77 105 152 112 60 58 55 55 64 53 50 49 62 57 55 52 54 46 47 55 58 52 58 68 56 53 58 53 52 48 63 58 49 54 53 55 60 52 60 64 63 57 58 50 58 57 63 60 52 47 51 61 56 51 63 60 54 62 63 168 0.07 14 
78 21 269 66 65 65 64 65 67 54 74 64 60 71 80 70 78 61 71 72 62 69 61 68 74 60 74 57 63 54 65 74 68 69 74 45 65 69 46 60 74 58 67 75 51 71 62 69 79 69 75 55 54 58 55 51 69 60 55 132 0.05 10 
79 453 139 32 15 0 13 22 25 24 28 21 0 4 21 22 18 34 0 25 11 23 18 20 13 25 31 13 19 17 37 20 7 31 25 22 14 19 12 30 20 21 9 12 16 11 12 12 12 13 3 22 12 0 21 11 13 20 34 48 0.08 16 
80 15 18 166 77 82 87 81 84 80 86 85 80 86 87 83 81 80 80 80 78 86 79 80 87 80 81 83 85 80 82 82 81 84 82 80 85 77 82 82 82 83 82 77 82 84 80 79 84 80 83 83 85 84 79 92 87 81 82 249 0.02 4 
81 229 429 288 96 101 103 91 98 89 82 102 101 96 94 100 100 94 98 98 102 90 92 96 98 100 98 91 93 98 97 93 99 93 88 99 94 92 94 100 82 93 100 90 95 96 101 93 81 105 90 88 93 94 84 96 94 94 94 384 0.07 14 
82 218 29 16 15 13 10 18 10 5 26 20 18 6 17 15 13 25 23 14 9 25 15 23 18 6 8 25 14 21 21 13 19 29 16 12 22 11 18 15 12 16 15 13 13 11 13 14 16 9 3 17 11 11 25 20 17 22 25 32 0.08 16 
83 93 182 154 86 71 87 91 67 72 88 68 78 78 72 70 76 82 81 94 91 63 94 83 77 63 62 90 84 86 69 78 86 89 55 83 98 69 78 78 71 70 77 58 82 79 72 67 54 76 74 75 59 79 75 84 72 66 59 231 0.06 12 
84 258 181 243 81 78 81 81 82 79 80 79 77 83 79 82 76 78 83 83 82 82 85 78 77 83 80 81 81 83 77 81 79 80 82 82 81 82 81 77 80 82 78 80 78 82 81 81 84 77 81 79 81 80 78 83 78 76 80 324 0.04 8 
85 343 398 114 48 33 43 41 36 34 35 36 41 47 38 37 41 40 31 27 29 41 35 38 39 36 36 44 45 35 43 38 34 37 27 41 52 38 38 34 48 38 32 33 33 32 42 37 46 32 35 43 34 33 44 32 44 37 35 152 0.04 8 
86 479 450 58 29 42 37 26 24 35 23 30 21 21 30 24 42 23 32 39 28 34 38 28 22 28 28 28 34 34 27 37 31 18 33 36 32 21 50 18 35 30 27 28 32 23 26 29 29 43 22 15 32 14 27 14 26 25 31 87 0.04 8 
87 326 480 97 90 85 99 99 100 93 97 102 104 101 88 83 109 90 87 100 105 99 95 88 116 87 83 112 103 85 92 94 95 86 100 90 88 112 97 82 107 101 92 97 95 88 103 87 93 101 88 88 114 95 120 90 104 106 100 194 0.07 14 
88 330 270 22 5 9 16 13 14 3 1 6 21 14 7 12 2 9 20 12 5 16 1 10 17 3 10 2 17 7 8 13 8 4 1 9 4 13 20 15 18 16 9 15 4 1 3 12 10 5 1 9 18 2 5 8 23 20 6 33 0.09 18 
89 105 387 91 85 87 93 89 93 89 94 93 94 96 96 90 81 83 84 97 95 85 92 92 98 90 88 92 102 84 94 92 90 73 88 82 86 83 90 94 90 90 93 79 85 93 95 92 90 95 89 100 93 88 92 86 104 83 90 182 0.07 14 
90 7 342 171 53 54 56 63 52 54 58 54 52 57 58 52 55 56 59 56 58 54 52 57 57 57 59 53 56 54 58 51 56 52 56 60 54 57 50 56 57 57 55 57 61 55 56 53 56 56 55 53 62 57 58 59 52 58 62 228 0.07 14 
91 62 197 136 68 67 83 56 65 54 77 64 73 84 72 73 70 60 80 76 65 71 72 56 75 73 58 71 50 68 70 56 57 70 69 76 56 41 69 67 60 76 59 72 64 66 74 61 73 75 75 73 52 55 52 63 79 70 62 204 0.08 16 
92 222 117 132 64 64 67 63 64 65 69 67 65 68 64 69 67 64 68 67 61 65 66 64 67 62 66 66 68 65 67 66 62 64 63 67 64 66 64 62 68 66 66 63 61 69 66 68 66 65 67 65 65 66 65 65 64 64 67 198 0.09 18 
93 302 406 45 52 62 45 51 48 38 41 38 30 46 33 47 47 32 52 57 45 40 56 47 57 44 55 49 37 36 51 47 51 49 49 52 57 42 29 54 42 47 47 44 61 44 36 40 44 51 41 36 39 47 47 42 52 44 46 90 0.02 4 
94 117 269 180 93 91 100 91 84 102 88 89 92 78 85 91 88 92 94 96 82 101 114 76 95 93 94 99 89 82 84 88 98 93 87 100 92 81 88 77 85 89 94 79 94 95 89 91 89 89 90 94 90 85 85 91 81 86 84 270 0.03 6 
95 96 331 186 62 84 67 71 60 39 61 65 76 58 75 57 66 56 53 70 60 70 66 65 67 50 49 58 51 64 82 58 58 57 57 64 63 63 53 56 42 64 76 82 43 56 88 83 55 57 68 67 71 57 59 63 60 55 65 248 0.04 8 
96 134 273 15 16 19 15 7 20 20 10 14 20 23 15 17 5 25 9 14 10 9 12 19 14 7 7 6 7 19 11 11 21 16 3 13 15 11 12 13 22 18 15 23 7 16 16 9 16 15 16 20 13 14 16 18 16 7 21 30 0.03 6 
97 192 468 97 83 96 92 82 94 111 109 91 97 98 88 101 101 102 93 98 90 87 110 87 101 90 100 107 102 96 91 79 93 100 95 89 99 88 91 90 79 91 101 92 106 94 89 100 90 105 96 101 109 83 93 92 107 94 103 194 0.02 4 
98 484 383 219 65 68 74 76 70 74 76 69 71 71 77 70 69 70 77 66 73 77 78 68 67 73 71 68 71 70 70 73 77 67 74 68 71 71 70 75 66 71 78 66 72 70 70 75 72 70 73 67 81 73 70 78 74 73 67 292 0.08 16 
99 59 303 219 72 75 75 70 72 72 70 73 73 70 72 72 70 70 77 73 73 72 73 71 72 70 73 73 74 70 73 69 74 78 72 74 72 75 70 71 69 74 73 74 72 73 77 74 69 72 72 74 72 70 69 72 72 73 74 292 0.05 10 
100 266 229 105 39 38 26 36 36 37 37 38 39 30 37 36 32 43 41 41 35 34 33 31 31 34 35 33 38 35 35 33 29 32 38 39 38 32 40 34 31 38 30 36 35 31 38 34 35 36 35 34 36 36 34 34 36 40 31 140 0.05 10 
101 359 41 84 32 30 29 25 31 31 30 30 28 28 27 27 26 29 27 32 28 24 28 27 23 29 25 28 27 27 27 26 31 28 23 28 25 28 30 32 33 29 28 28 29 26 29 31 33 25 26 34 28 25 29 29 27 27 28 112 0.07 14 
102 161 173 87 82 77 93 86 84 93 85 92 94 84 83 90 81 83 72 90 90 88 88 90 85 99 81 83 95 80 75 86 76 99 81 93 81 87 86 83 84 87 88 93 91 82 85 82 86 72 80 91 85 90 91 77 85 88 82 174 0.07 14 
103 292 14 98 50 48 45 47 50 56 47 38 57 46 42 45 53 53 51 39 53 53 57 45 49 45 43 45 55 56 51 54 70 57 44 48 44 44 46 41 53 47 50 42 47 53 51 49 49 42 59 48 47 49 46 55 41 60 57 147 0.02 4 
104 414 236 114 33 33 38 26 24 24 41 37 57 49 48 45 26 37 42 30 24 42 43 37 49 43 38 40 37 44 53 37 36 34 43 46 44 29 44 35 43 39 33 52 42 41 29 41 48 44 28 47 38 40 45 56 37 33 38 152 0.07 14 
105 101 201 56 25 28 29 25 21 30 31 30 23 26 30 33 31 28 28 27 26 28 20 26 28 24 32 24 24 23 35 28 27 33 33 30 23 20 27 22 29 30 31 13 31 34 34 23 26 23 30 28 23 29 30 33 27 36 21 84 0.04 8 
106 297 345 44 28 12 28 28 16 17 27 30 22 26 24 25 18 34 29 15 19 26 20 12 16 26 37 18 20 22 24 26 24 19 23 11 26 19 22 14 19 28 25 18 19 23 17 16 22 18 23 18 23 16 19 24 5 25 26 66 0.05 10 
107 95 261 54 24 29 30 22 19 36 23 32 31 22 38 27 24 23 28 33 26 18 25 28 24 22 25 23 30 29 25 23 24 31 28 21 28 29 19 32 27 26 18 26 25 26 27 27 23 23 30 21 34 23 30 22 29 25 23 81 0.05 10 
108 281 433 147 46 53 41 55 58 48 45 44 53 51 46 50 39 46 45 45 53 56 50 49 49 45 51 49 47 48 51 46 45 44 49 52 48 50 51 48 56 50 47 48 48 48 46 51 53 49 46 50 45 47 55 52 53 44 55 196 0.02 4 
109 44 374 300 98 97 104 93 98 92 99 100 99 105 95 103 98 95 101 107 98 112 106 97 99 94 98 104 101 104 103 98 103 98 97 102 94 103 100 100 100 98 98 99 98 93 100 97 101 107 100 99 96 97 89 92 100 99 96 400 0.06 12 
110 355 166 225 72 74 74 72 76 76 80 81 72 77 76 81 73 68 73 76 74 76 70 77 76 76 73 72 72 69 78 78 76 72 75 70 73 74 74 71 71 70 74 76 85 74 76 80 70 78 77 72 72 75 79 81 72 75 74 300 0.05 10 
111 34 452 44 6 13 15 19 12 33 32 23 17 36 29 34 14 12 23 18 16 10 19 9 22 16 25 16 11 15 25 31 19 32 24 21 24 15 16 21 29 21 24 24 15 24 22 16 16 16 21 27 21 28 20 18 24 11 27 66 0.06 12 
112 266 13 294 98 93 95 93 109 93 99 96 98 101 99 103 97 99 91 100 100 103 96 105 94 96 89 84 97 93 104 99 104 103 84 84 112 93 83 94 106 101 98 106 91 97 92 97 94 82 105 99 87 91 100 103 92 95 109 392 0.06 12 
113 493 176 51 18 18 19 13 18 16 19 16 18 19 15 15 16 16 16 21 17 14 17 19 18 18 16 18 16 18 19 15 19 20 18 16 19 16 14 13 15 18 15 18 18 17 19 18 14 16 18 17 19 18 16 15 15 16 18 68 0.05 10 
114 135 32 88 82 79 86 88 98 97 85 89 84 92 83 80 87 88 91 87 77 73 86 85 89 92 89 91 81 87 91 93 86 90 88 89 84 79 91 83 83 90 87 81 86 87 81 83 87 76 84 94 86 84 87 82 88 95 97 176 0.06 12 
115 209 192 150 52 55 55 69 40 69 41 65 53 51 40 53 48 45 59 32 47 73 68 53 56 30 57 49 55 52 50 54 46 60 61 27 48 52 57 40 50 50 49 49 56 57 65 37 39 31 51 66 45 46 45 47 57 39 57 200 0.09 18 
116 186 334 228 74 78 76 80 78 74 76 77 78 74 77 75 76 76 76 70 77 77 77 77 72 74 77 76 75 77 81 80 72 76 77 71 73 77 78 75 69 76 73 71 72 75 72 82 79 74 77 73 78 76 74 77 72 72 74 304 0.09 18 
117 172 375 222 76 74 74 65 77 79 67 71 81 76 68 69 79 74 75 71 78 72 81 75 73 68 71 72 83 71 74 81 71 67 80 73 82 74 83 70 74 72 71 74 74 78 64 70 72 70 76 71 76 76 76 70 86 70 66 296 0.06 12 
118 254 318 198 68 68 74 72 71 65 75 64 64 59 62 81 65 69 63 69 62 69 55 77 47 66 66 63 59 80 75 65 67 69 72 68 68 69 59 61 74 71 70 58 60 84 54 63 59 62 63 65 71 56 59 61 47 67 58 264 0.05 10 
119 460 480 28 7 11 18 11 12 15 13 17 10 14 20 11 16 22 19 10 18 13 16 19 16 15 15 14 14 14 14 14 11 11 11 7 14 10 15 9 11 16 18 7 13 13 18 16 10 11 12 10 17 14 17 10 13 12 10 42 0.08 16 
120 354 45 78 73 95 85 82 73 78 80 63 81 77 69 79 71 78 98 78 67 70 93 85 73 88 73 70 82 80 81 86 89 71 66 78 77 88 71 75 86 85 74 79 68 81 78 86 68 85 65 85 71 68 94 78 90 89 82 156 0.02 4 
121 412 497 90 32 27 35 37 13 28 24 16 41 26 14 43 29 24 26 27 38 23 45 21 27 36 30 20 37 31 22 36 29 27 36 10 11 23 31 27 35 25 18 33 29 35 38 22 27 26 28 18 36 29 32 31 31 32 38 120 0.06 12 
122 114 63 172 79 84 88 85 82 87 88 90 78 87 84 83 83 89 84 85 86 85 82 82 83 82 89 81 87 86 91 85 78 90 81 79 83 90 90 81 99 77 83 91 78 80 84 76 85 94 84 91 85 90 90 89 84 90 90 258 0.04 8 
123 317 456 183 62 64 62 63 60 60 58 62 61 63 58 62 63 58 57 64 58 57 58 66 59 62 61 62 56 62 59 58 60 59 66 59 59 62 60 53 61 62 59 58 58 61 56 63 60 65 58 61 61 59 62 61 58 63 64 244 0.08 16 
124 153 194 97 91 84 85 83 93 98 90 104 93 104 107 98 99 84 89 97 93 105 84 95 93 98 93 108 113 87 96 101 97 96 102 90 106 96 103 99 80 94 95 94 94 91 111 98 102 98 88 83 121 89 98 100 109 98 108 194 0.04 8 
125 345 126 69 65 68 63 63 66 64 71 69 68 61 78 67 65 71 70 67 70 66 68 73 72 68 65 72 56 70 64 69 68 69 71 70 65 65 66 67 58 69 76 73 71 68 63 66 68 69 77 68 72 73 67 68 71 72 72 138 0.04 8 
126 112 485 14 9 0 0 14 14 4 16 29 19 18 17 5 0 31 22 8 6 10 23 8 30 17 21 14 22 6 30 39 18 46 0 14 3 15 14 3 13 21 0 4 13 15 20 8 12 14 15 2 0 9 18 7 26 0 0 28 0.07 14 
127 157 58 29 27 29 34 23 27 34 22 35 36 29 39 38 44 30 23 23 27 39 28 25 30 29 27 32 28 26 22 39 32 31 38 38 17 34 35 28 24 27 36 28 29 30 16 33 28 24 36 23 30 31 23 43 24 35 56 58 0.03 6 
128 451 359 124 64 56 66 63 59 58 65 58 58 61 60 62 58 55 61 60 62 62 64 61 64 62 59 60 60 61 63 61 65 62 66 62 59 60 55 65 63 60 63 63 62 65 60 60 57 65 63 58 62 64 62 63 62 65 64 186 0.08 16 
129 402 204 61 69 72 63 57 52 51 45 62 64 46 56 60 67 74 55 61 68 64 51 54 72 54 52 57 55 83 48 67 62 55 64 51 63 57 54 56 53 62 47 58 58 74 48 75 59 66 65 58 40 51 42 62 64 69 50 122 0.07 14 
130 216 32 144 49 51 41 49 41 44 46 49 49 47 40 44 49 47 45 45 53 49 45 48 52 50 50 41 52 46 56 50 43 46 60 45 41 47 41 47 53 47 44 40 41 45 56 47 47 44 51 49 45 44 50 59 54 47 43 192 0.07 14 
131 84 360 11 21 0 14 0 33 0 17 19 8 18 6 12 14 9 2 13 1 10 17 6 3 5 13 0 3 0 19 15 17 0 30 4 0 0 13 16 9 11 8 15 5 16 12 3 0 16 17 8 18 0 4 12 11 1 0 22 0.04 8 
132 191 85 168 80 82 92 74 79 84 80 79 99 90 82 79 79 86 68 89 81 93 86 75 77 94 96 80 94 81 76 83 88 83 89 90 76 78 67 86 77 84 87 83 87 78 92 82 86 105 79 94 92 85 89 81 89 77 87 252 0.04 8 
133 266 140 108 53 48 49 46 56 47 49 53 62 56 52 51 60 51 48 57 51 48 54 54 48 49 53 55 54 54 62 54 45 64 55 57 51 49 51 57 52 61 63 40 57 54 54 57 61 52 49 43 54 46 56 52 53 52 56 162 0.09 18 
134 356 274 96 42 59 32 47 46 40 44 56 38 27 57 37 51 41 38 61 29 56 43 55 60 56 50 70 56 48 44 31 54 40 44 47 55 32 50 45 50 39 60 61 48 46 47 48 45 55 36 35 50 38 49 34 64 42 35 144 0.09 18 
135 81 449 237 81 64 71 81 86 85 81 85 71 71 54 78 88 67 88 78 74 78 89 77 75 89 64 77 89 74 68 87 78 76 79 81 83 94 84 80 57 61 90 79 71 75 94 81 62 76 71 80 81 78 73 66 69 78 74 316 0.04 8 
136 478 55 273 74 81 89 89 93 86 77 76 88 78 95 96 82 117 93 102 96 85 106 93 79 88 63 79 77 95 93 91 102 94 84 87 88 98 94 105 87 86 100 93 85 83 90 79 96 104 87 102 81 85 91 85 90 93 89 364 0.02 4 
137 329 195 77 62 73 68 57 83 71 67 74 75 88 79 51 66 83 71 91 96 78 71 90 86 83 66 86 80 84 85 64 81 68 64 90 77 68 73 85 81 79 81 75 77 69 79 86 87 74 76 77 85 71 82 79 84 56 84 154 0.05 10 
138 199 50 273 86 94 92 86 99 85 84 97 92 96 82 98 89 107 97 92 88 91 99 107 77 92 101 87 98 94 82 86 95 86 95 96 88 87 101 85 89 94 94 91 81 94 82 95 95 90 101 96 99 89 84 85 90 91 91 364 0.08 16 
139 423 1 106 46 49 57 51 48 58 55 49 53 51 50 59 54 54 49 55 53 53 56 60 54 48 53 62 55 54 48 53 47 57 47 49 52 52 47 51 51 52 49 56 49 54 56 53 50 52 49 51 52 52 54 59 56 52 53 159 0.06 12 
140 148 490 42 18 19 19 22 22 15 22 12 28 24 20 9 28 22 26 19 16 29 25 28 17 17 24 14 14 22 18 14 25 14 23 14 25 21 27 29 22 20 26 22 19 18 14 23 14 10 20 24 20 27 23 18 31 36 20 63 0.09 18 
141 409 62 20 6 1 9 0 16 10 10 12 7 8 22 7 3 15 3 13 20 0 3 5 12 12 14 0 20 10 16 11 0 13 7 0 9 10 10 4 14 9 6 4 10 21 10 13 8 5 21 1 15 9 18 9 17 8 12 30 0.06 12 
142 352 257 222 69 70 71 70 78 74 71 71 77 76 71 66 72 75 72 65 70 77 74 74 77 68 72 71 73 76 76 68 70 68 72 78 79 67 65 74 79 73 72 69 80 77 80 71 70 74 72 70 74 75 77 76 74 80 74 296 0.04 8 
143 306 151 84 28 32 16 30 31 40 16 40 32 23 20 21 29 34 13 49 26 45 33 13 41 17 21 25 36 15 10 38 16 35 29 24 34 31 39 26 33 21 47 28 39 32 35 29 4 29 33 29 37 29 37 24 24 41 36 112 0.09 18 
144 496 489 120 60 56 59 61 63 67 59 63 55 57 63 63 57 63 53 63 53 59 56 58 62 62 58 52 57 60 60 62 55 63 55 61 59 63 60 67 62 56 63 58 58 55 55 53 55 57 62 60 60 57 57 58 64 63 67 180 0.09 18 
145 156 120 38 35 38 41 44 46 33 48 41 39 33 34 40 36 36 41 37 41 32 35 41 40 37 39 35 35 34 38 35 34 38 34 37 38 43 40 35 38 38 41 39 38 43 39 42 36 34 47 36 45 39 37 34 43 39 30 76 0.06 12 
146 256 153 30 6 10 17 12 1 11 4 16 20 6 8 14 9 4 21 17 20 15 8 12 11 14 8 3 17 19 22 18 15 20 9 31 18 20 11 13 0 12 25 17 20 10 4 12 8 11 18 18 29 27 0 7 18 17 16 45 0.09 18 
147 381 138 174 61 71 53 57 47 64 61 42 47 56 59 52 45 67 60 61 70 65 66 57 57 51 51 63 66 68 50 61 66 43 42 62 56 53 55 62 63 60 59 52 51 61 47 66 54 69 55 52 66 54 69 65 67 73 52 232 0.05 10 
148 130 148 150 70 79 67 81 75 78 72 70 73 78 81 79 71 70 71 82 77 73 75 79 77 74 78 80 62 76 75 80 79 71 81 80 80 80 74 71 82 77 80 77 65 74 76 79 72 72 69 81 72 71 74 80 75 76 60 225 0.07 14 
149 142 412 40 36 35 39 38 22 37 43 40 27 49 42 40 35 34 37 46 51 39 40 28 36 37 59 49 38 41 34 39 39 37 25 54 34 42 40 34 43 42 41 38 41 45 30 35 49 49 43 45 36 39 35 30 48 41 36 80 0.02 4 
150 421 93 42 39 43 42 46 51 33 48 37 38 50 38 23 40 51 44 42 35 49 41 28 51 24 39 48 36 42 42 36 32 40 51 47 32 51 43 35 36 31 36 39 46 45 36 34 39 35 30 44 36 35 34 47 40 49 36 84 0.06 12 
151 97 379 198 108 93 91 76 107 109 94 101 86 90 96 79 104 108 94 96 104 85 110 91 87 104 86 109 86 111 92 98 100 92 101 100 101 103 98 101 87 94 85 97 118 103 81 97 103 83 99 101 99 95 90 93 87 90 110 297 0.04 8 
152 407 324 111 34 39 38 40 34 35 38 41 32 44 37 30 38 37 37 43 37 36 38 37 34 32 36 42 35 38 36 33 37 36 36 35 36 43 36 33 42 36 33 38 41 42 33 35 37 35 36 37 38 31 32 37 35 44 38 148 0.02 4 
153 318 85 270 85 95 86 85 86 96 100 96 81 88 90 88 90 101 86 97 88 92 91 87 88 79 94 85 89 102 96 90 86 91 89 97 93 86 90 81 86 92 87 89 82 88 89 89 97 93 94 79 90 96 88 82 94 92 92 360 0.08 16 
154 16 196 16 24 5 4 39 2 29 22 14 31 19 15 12 12 25 32 23 12 9 19 15 15 19 17 4 16 15 6 36 18 18 9 15 24 23 8 18 19 22 25 14 21 8 25 19 23 24 23 10 7 19 26 24 8 23 28 32 0.06 12 
155 480 122 192 90 90 101 95 95 102 95 88 93 98 93 95 92 92 95 92 93 98 97 94 94 94 100 94 96 90 95 96 98 93 97 92 96 98 98 93 101 90 95 94 95 96 97 94 100 94 99 95 92 102 93 93 96 100 93 288 0.08 16 
156 279 236 46 64 42 47 43 32 40 34 52 44 47 41 37 78 55 36 35 29 46 45 54 38 28 70 56 47 45 48 42 34 44 55 42 49 35 26 50 66 40 55 42 42 42 55 47 56 42 39 58 63 53 31 42 58 44 36 92 0.05 10 
157 66 234 35 31 31 23 36 40 41 46 37 50 34 34 39 28 43 31 40 38 37 23 39 40 36 31 34 39 31 21 39 40 42 39 31 35 19 25 27 46 43 37 42 36 33 33 32 35 41 40 39 37 34 33 42 22 39 40 70 0.08 16 
158 123 84 120 38 36 44 33 32 50 37 31 42 38 41 34 29 39 45 45 28 39 32 42 26 35 39 36 26 38 47 25 34 36 34 38 21 37 28 44 51 49 43 37 33 44 52 42 51 34 40 29 31 35 55 27 47 30 48 160 0.06 12 
159 381 113 90 90 88 90 91 89 88 89 87 87 90 88 93 88 91 87 89 94 89 88 92 86 89 91 89 88 88 92 87 88 89 92 89 89 92 91 88 86 88 91 86 92 92 84 90 89 90 90 88 91 90 89 87 91 89 89 180 0.08 16 
160 99 1 20 12 12 9 7 8 15 7 7 9 13 16 8 6 13 1 12 7 8 18 5 10 11 13 13 13 14 11 12 8 7 12 13 6 12 9 10 4 8 11 10 10 12 9 12 3 13 7 7 7 9 7 10 13 12 9 30 0.06 12 
161 426 58 219 63 74 80 72 68 62 73 66 73 75 74 72 72 66 77 70 70 77 80 69 70 73 77 75 66 73 67 67 69 79 72 76 73 81 80 75 72 67 78 75 75 66 60 75 73 71 63 75 76 70 74 72 79 62 68 292 0.09 18 
162 221 461 83 70 82 95 97 55 85 100 83 80 80 65 80 77 76 84 55 83 94 85 86 69 80 83 73 81 84 89 77 79 86 93 80 85 96 81 91 70 79 81 77 69 87 75 79 86 103 101 83 87 88 95 81 66 58 70 166 0.05 10 
163 306 188 90 40 39 51 44 32 55 43 46 29 42 43 42 41 48 52 50 42 40 54 63 51 49 46 59 38 42 52 46 40 41 47 44 36 46 49 41 32 38 43 46 44 36 32 51 54 56 51 46 39 46 39 34 43 43 41 135 0.07 14 
164 161 399 52 61 51 43 55 63 57 29 59 50 44 37 54 47 41 46 68 39 37 38 39 65 62 68 52 57 40 46 52 62 61 49 45 53 43 50 53 41 52 45 48 59 62 50 52 44 61 56 41 65 47 46 47 68 37 34 104 0.02 4 
165 214 329 23 22 19 24 26 30 24 24 20 27 23 23 23 23 18 25 15 18 25 19 28 20 20 18 16 26 20 28 25 25 23 27 23 28 24 30 25 20 25 26 19 20 25 24 25 27 20 25 25 22 29 19 22 20 22 20 46 0.04 8 
166 177 443 40 12 24 15 18 21 16 25 20 9 25 13 13 13 13 21 35 20 28 20 17 15 17 10 13 31 23 31 20 17 19 27 23 30 23 20 13 12 23 17 23 22 28 12 28 16 24 15 19 11 24 14 29 21 13 18 60 0.04 8 
167 257 194 72 80 78 68 66 72 77 76 74 62 76 72 88 57 76 79 67 62 69 77 81 79 70 67 77 72 61 86 69 78 66 60 76 73 71 67 73 64 71 74 88 78 61 71 75 73 78 83 72 59 66 62 58 66 56 64 144 0.08 16 
168 304 37 98 102 101 98 106 109 86 98 98 93 85 103 101 101 91 90 93 100 89 96 99 103 96 104 92 98 90 104 92 89 98 102 101 105 95 108 92 90 83 107 103 88 95 90 93 105 101 101 87 98 107 103 92 98 89 104 196 0.06 12 
169 3 129 176 87 89 90 90 89 87 89 90 89 86 88 86 88 89 89 87 90 90 92 84 84 84 87 88 87 86 90 87 85 87 84 91 90 86 92 91 87 87 86 88 89 89 90 92 86 91 86 89 88 88 86 86 88 86 86 264 0.09 18 
170 285 4 249 85 80 87 71 96 91 83 88 64 82 71 97 95 88 78 86 81 88 97 81 90 88 88 87 79 77 76 82 84 76 75 94 87 86 74 80 77 78 68 81 93 74 70 83 72 78 75 79 81 81 78 93 91 83 86 332 0.03 6 
171 77 154 45 16 16 13 16 12 15 15 15 13 17 12 16 15 19 11 19 16 20 13 14 12 5 6 12 18 20 20 8 21 9 17 14 5 17 16 16 7 9 6 13 21 23 16 18 15 20 6 13 10 14 17 19 13 15 18 60 0.04 8 
172 58 411 89 89 88 84 88 95 86 88 90 96 85 89 90 85 88 87 89 89 93 91 89 91 88 91 94 90 85 85 90 86 85 88 89 85 87 86 88 90 88 93 87 84 88 81 87 87 88 86 89 93 88 95 90 86 90 80 178 0.02 4 
173 98 30 164 83 82 81 82 78 80 82 82 81 82 84 84 82 83 81 84 83 78 84 86 83 81 82 83 81 82 81 80 81 79 81 84 85 85 84 85 77 81 79 84 80 79 80 82 83 77 82 82 85 79 83 83 86 80 82 246 0.07 14 
174 213 203 93 34 26 31 28 24 33 33 34 39 37 37 29 29 36 35 26 33 35 33 27 37 33 19 29 34 28 35 33 41 36 38 29 36 35 17 37 40 31 33 28 32 37 24 39 29 28 35 32 38 34 23 42 28 36 33 124 0.03 6 
175 383 434 81 81 87 87 83 82 82 76 80 82 85 80 77 81 73 80 78 79 81 83 79 79 87 83 78 84 78 83 83 82 78 78 89 78 85 77 85 78 79 80 75 84 85 83 78 73 77 84 81 78 86 76 82 81 84 77 162 0.02 4 
176 493 78 144 70 67 74 68 77 71 70 71 81 63 81 71 66 75 70 81 80 71 69 67 73 66 78 67 67 73 64 78 71 69 72 70 67 73 74 73 70 78 71 68 73 78 72 69 67 67 71 73 68 73 77 63 68 73 75 216 0.06 12 
177 237 137 165 54 54 54 54 56 56 53 51 60 56 56 56 56 56 54 58 54 54 50 53 53 58 56 55 57 53 55 57 55 53 53 55 55 50 54 56 53 57 54 52 55 57 56 57 61 53 54 50 56 55 53 55 54 55 53 220 0.04 8 
178 90 91 195 66 60 61 66 73 63 58 63 66 61 61 67 61 68 62 60 70 69 62 64 67 65 68 64 69 67 67 68 65 65 64 67 63 66 65 65 67 64 66 63 63 64 73 66 66 66 66 64 63 64 65 63 64 69 59 260 0.06 12 
179 259 276 71 73 60 69 74 59 71 81 76 67 77 68 61 59 66 65 65 75 62 73 81 66 91 61 66 74 82 80 70 59 64 61 59 69 63 63 70 71 61 70 79 76 68 66 63 78 78 65 60 67 67 62 70 71 76 66 142 0.07 14 
180 434 490 81 31 26 24 26 37 28 29 28 26 21 26 26 30 24 23 33 27 30 13 16 26 35 20 26 26 17 21 18 18 27 22 25 32 29 30 31 24 31 24 33 31 27 35 30 21 24 28 34 32 39 21 23 25 23 27 108 0.06 12 
181 381 34 300 96 102 113 103 100 107 99 101 98 95 104 96 102 99 100 94 98 95 93 91 101 94 102 107 104 94 102 110 92 103 102 99 99 103 98 104 96 97 102 98 94 97 91 102 103 105 94 102 100 99 94 97 101 98 103 400 0.03 6 
182 379 127 94 95 87 89 92 98 91 92 86 96 89 100 92 91 88 86 92 100 95 86 98 85 88 87 93 92 93 100 104 87 97 96 107 94 93 93 97 96 101 94 95 87 85 94 92 89 98 98 99 90 87 97 98 86 88 93 188 0.06 12 
183 299 86 174 86 90 88 92 84 89 92 88 88 88 84 85 92 81 94 87 80 90 86 87 83 90 86 84 83 94 87 85 85 88 87 83 86 81 87 83 92 96 81 89 90 88 97 90 86 83 80 81 82 87 87 91 86 89 76 261 0.05 10 
184 21 184 68 71 68 70 68 68 68 67 68 65 66 69 63 66 66 65 68 68 65 71 70 63 63 74 65 66 65 64 69 68 64 73 71 67 70 66 69 71 70 71 65 70 72 63 67 70 69 66 72 69 69 66 68 68 62 64 136 0.07 14 
185 189 406 267 88 82 88 96 94 90 88 90 87 86 83 88 99 85 88 87 85 92 86 78 88 89 101 89 89 88 84 85 87 86 84 92 87 87 96 92 82 94 86 90 92 91 82 82 92 86 90 91 89 84 88 85 81 76 87 356 0.04 8 
186 397 372 141 46 47 43 54 53 49 43 50 53 41 47 47 53 49 50 48 40 46 44 53 47 43 51 46 47 44 48 48 47 48 46 43 49 49 46 47 51 45 52 54 40 47 43 52 44 52 45 44 51 47 48 50 45 44 42 188 0.07 14 
187 82 87 120 58 62 64 63 62 58 63 58 63 61 63 61 59 65 55 57 58 57 64 56 59 59 58 58 56 59 61 65 59 60 63 62 60 59 61 61 59 59 59 60 58 61 59 60 58 59 55 57 63 61 55 63 58 56 56 180 0.09 18 
188 418 54 64 35 41 37 38 23 34 47 28 42 64 39 23 34 22 33 43 33 38 27 27 43 36 37 20 29 23 25 26 32 33 29 40 22 29 35 37 54 21 30 38 51 24 49 26 33 35 39 24 17 28 21 32 34 36 20 96 0.05 10 
189 353 234 98 48 64 45 44 45 45 54 50 52 61 45 51 44 57 50 44 57 41 56 47 39 33 37 48 50 51 44 43 53 45 64 48 54 53 50 64 41 41 44 42 44 45 55 59 49 52 48 52 44 41 52 46 48 51 57 147 0.06 12 
190 129 63 15 7 19 12 21 9 15 14 3 18 20 32 6 23 7 21 35 25 10 11 23 2 15 13 12 7 10 22 11 8 11 20 21 29 9 18 10 17 3 14 22 13 13 9 26 19 10 15 24 5 23 16 17 24 4 12 30 0.02 4 
191 240 239 189 59 57 58 58 60 52 61 62 61 67 69 60 70 67 64 67 60 61 63 66 57 66 59 63 61 67 60 59 60 67 66 53 60 63 65 54 59 62 62 63 58 60 57 64 65 65 61 68 60 61 64 60 62 64 55 252 0.02 4 
192 348 3 67 63 63 77 76 66 58 61 59 67 65 69 74 55 54 52 66 62 71 59 66 74 82 77 65 55 59 73 65 74 56 61 58 79 63 75 70 74 71 65 77 61 69 70 77 65 67 59 57 57 67 54 57 69 64 74 134 0.05 10 
193 413 439 142 68 71 84 86 74 69 82 77 92 75 73 69 58 70 70 72 57 69 65 77 74 76 61 61 81 63 77 73 76 71 81 54 84 87 71 69 69 78 65 67 71 74 73 78 89 77 55 73 66 85 68 65 66 65 78 213 0.02 4 
194 288 461 129 43 43 41 43 43 41 45 45 44 42 44 44 47 45 42 42 48 46 45 44 40 40 42 45 45 40 43 44 42 43 42 40 40 41 48 43 41 43 43 41 43 43 43 47 40 39 45 39 41 40 38 45 45 41 45 172 0.05 10 
195 145 67 96 95 106 97 89 92 95 93 105 99 97 85 104 102 97 99 105 104 89 97 90 96 98 97 89 92 105 96 99 86 107 100 85 86 86 97 100 102 90 93 90 100 103 92 91 92 90 101 98 99 100 100 101 99 99 97 192 0.06 12 
196 170 183 62 54 69 75 53 57 67 46 63 62 59 66 66 54 62 65 68 63 67 70 66 73 67 55 71 66 65 60 58 84 55 62 64 77 45 59 58 57 71 55 69 71 63 59 60 52 58 68 63 63 60 65 45 67 38 65 124 0.07 14 
197 423 61 41 47 36 36 44 44 38 43 49 31 44 45 35 53 40 38 42 44 36 38 37 39 38 43 43 42 54 42 36 46 37 44 38 36 45 36 41 33 55 39 38 50 44 39 42 26 40 32 35 42 44 34 36 44 41 39 82 0.07 14 
198 476 420 170 87 91 88 83 87 91 88 87 73 88 84 86 92 80 80 79 85 93 84 89 79 88 88 75 84 84 77 93 88 81 92 76 91 81 85 92 81 90 82 88 78 88 85 76 84 90 89 84 88 74 86 81 92 90 78 255 0.05 10 
199 317 33 22 8 16 7 8 9 6 5 11 10 11 13 19 6 19 14 14 14 8 10 9 9 8 6 12 9 13 10 14 9 14 14 11 14 8 14 12 6 12 12 10 12 9 13 11 8 11 8 11 13 9 7 10 10 10 11 33 0.04 8 
200 347 213 58 23 33 33 20 21 27 24 22 28 21 33 29 15 25 25 20 19 15 23 28 27 35 40 21 30 9 24 26 33 30 20 38 17 17 9 20 26 31 26 38 30 10 37 38 28 27 23 23 15 34 24 30 28 33 29 87 0.02 4 
