150 10 12696
0 90 427 25374 17706 17700 17696 17693 17697 17704 17703 17700 17698 17702 0.01
1 223 172 94 46 48 48 59 48 38 48 54 44 40 43 51 57 44 42 51 45 48 43 50 41 42 48 46 41 51 43 49 49 45 43 42 36 44 52 49 42 51 49 35 57 49 46 55 43 35 50 54 45 40 47 49 49 51 53 47 56 41 49 50 141 0.06 12 
2 247 156 194 99 91 99 97 98 93 100 96 102 97 93 100 96 106 101 96 100 96 98 94 96 95 97 101 96 96 90 98 99 99 97 97 96 102 98 100 98 101 97 96 95 91 98 89 95 97 89 96 96 94 98 100 97 99 94 98 97 95 98 94 291 0.07 14 
3 300 395 40 36 31 43 36 40 47 39 38 42 43 37 44 36 43 40 38 39 38 31 37 45 39 29 30 41 42 42 34 37 43 33 37 43 41 39 39 37 40 40 40 40 37 37 45 43 42 39 35 46 40 32 38 38 38 38 47 46 42 41 41 80 0.06 12 
4 410 470 69 27 20 21 24 22 25 23 21 23 19 18 21 22 22 22 24 20 21 23 27 19 26 18 23 19 20 22 25 23 21 22 24 23 22 24 22 25 20 23 21 28 24 26 20 20 21 27 21 20 25 21 25 28 23 18 26 18 23 24 22 92 0.03 6 
5 190 395 94 48 40 50 45 38 47 42 41 43 41 49 44 48 49 50 55 48 48 50 50 54 49 49 45 48 45 36 52 46 41 43 50 49 40 47 53 40 50 46 42 51 41 44 42 48 49 44 46 47 43 50 40 44 53 42 45 47 49 54 51 141 0.09 18 
6 310 418 180 91 92 76 92 95 93 94 89 93 91 91 86 92 95 95 81 89 88 89 87 89 96 91 85 83 84 92 90 101 88 77 93 89 94 97 87 103 86 94 85 90 88 93 93 88 102 93 83 91 89 91 87 84 87 84 90 102 84 95 89 270 0.03 6 
7 107 369 140 71 72 69 72 72 81 69 69 78 79 60 73 69 68 60 70 79 74 79 72 79 61 73 66 66 64 76 68 63 73 75 68 74 73 70 71 70 77 80 65 72 73 68 74 79 66 60 66 60 76 83 67 70 70 73 71 77 70 60 73 210 0.04 8 
8 395 258 216 73 66 73 68 69 76 68 75 76 62 74 64 77 62 51 75 70 56 69 79 66 71 59 64 51 82 61 68 90 96 64 99 62 80 76 60 75 61 68 58 85 80 67 85 81 58 71 47 87 75 68 68 76 82 57 74 57 78 89 70 288 0.03 6 
9 153 42 46 44 41 45 43 41 53 48 44 48 45 46 45 49 44 44 37 40 44 47 50 41 47 48 40 37 45 43 43 50 51 38 47 50 47 48 46 44 46 42 41 45 46 47 48 43 47 47 49 43 48 49 48 47 50 44 45 46 42 47 42 92 0.06 12 
10 397 214 78 24 38 43 36 42 45 45 47 28 39 38 36 36 40 43 45 38 32 31 39 36 38 38 39 44 35 29 34 30 38 31 40 33 41 42 41 38 48 46 39 36 31 34 43 52 41 39 33 36 46 39 43 37 36 41 42 30 42 33 37 117 0.08 16 
11 168 408 156 48 61 70 39 56 54 63 62 62 47 50 51 53 62 46 51 54 43 59 35 45 47 60 39 56 49 57 67 51 53 56 56 48 40 45 30 47 62 57 45 37 65 41 66 46 55 42 40 53 56 42 48 60 48 36 60 58 44 54 45 208 0.03 6 
12 337 61 124 59 61 67 61 62 60 65 57 66 60 64 57 60 60 59 67 63 62 62 65 56 61 61 60 69 63 60 63 62 63 59 58 65 64 62 65 67 62 62 55 62 64 55 63 64 64 58 63 64 63 64 64 61 65 64 62 61 62 59 62 186 0.06 12 
13 370 23 90 44 49 45 50 43 40 40 46 41 42 46 46 52 44 42 43 49 45 34 46 50 34 47 44 43 46 50 39 46 46 41 36 50 49 47 46 48 38 41 43 44 43 48 42 37 48 48 47 49 48 38 35 45 49 45 39 50 55 49 48 135 0.04 8 
14 90 81 186 43 76 65 49 67 75 69 72 55 58 47 60 46 84 54 80 63 72 64 58 68 68 63 51 62 66 81 54 27 70 66 54 62 59 45 59 69 63 69 63 55 53 65 57 66 62 60 52 44 61 54 46 74 61 65 50 52 69 52 68 248 0.07 14 
15 226 370 123 35 38 43 40 45 49 40 42 38 43 38 47 38 43 40 38 39 41 38 37 31 41 38 43 37 43 39 40 39 39 45 37 40 43 42 44 41 44 35 43 42 37 42 37 38 41 41 45 42 43 43 36 40 40 45 47 44 43 38 47 164 0.03 6 
16 412 76 166 76 80 76 75 85 74 85 90 75 82 90 85 94 89 69 70 64 84 92 85 58 80 74 81 79 71 82 87 90 86 76 84 76 82 94 66 86 85 79 69 88 84 89 81 90 88 81 92 87 73 85 73 86 86 94 82 84 86 91 78 249 0.02 4 
17 396 379 36 10 19 18 13 21 0 9 11 11 1 14 22 21 0 3 10 4 20 18 7 0 22 0 9 9 20 20 21 3 17 12 17 10 6 13 10 18 21 16 29 7 10 14 8 10 9 15 0 12 14 18 15 8 1 10 11 21 8 4 12 48 0.02 4 
18 479 92 24 6 28 23 13 0 27 9 10 0 26 39 12 6 13 19 6 16 11 27 11 27 0 25 20 25 16 0 7 11 1 16 16 1 18 24 4 20 11 15 5 12 17 9 13 0 24 3 2 2 0 10 3 2 1 15 15 8 15 12 9 36 0.03 6 
19 5 22 288 99 101 101 104 91 108 90 109 108 96 96 96 90 94 101 94 100 84 84 90 102 82 82 103 98 92 97 79 94 93 94 95 103 99 92 83 112 104 92 100 87 115 96 96 87 91 92 98 97 99 92 97 95 84 90 92 97 100 97 102 384 0.02 4 
20 192 299 26 3 28 19 28 38 19 32 19 35 30 26 27 30 21 33 39 35 31 29 34 15 45 33 28 22 17 28 26 20 30 34 32 33 24 20 14 26 27 20 14 30 27 17 32 24 30 36 22 22 23 25 35 19 22 29 27 28 21 23 32 52 0.08 16 
21 429 359 27 19 19 21 18 33 38 41 27 40 33 43 29 34 44 23 19 26 24 15 20 11 37 18 37 26 31 27 23 15 25 23 22 24 43 20 19 10 44 29 19 13 36 25 34 31 33 15 24 39 20 37 21 39 19 9 23 28 30 18 29 54 0.09 18 
22 189 403 56 33 30 27 28 27 21 23 21 20 26 37 23 25 12 17 37 39 24 29 39 24 20 24 42 32 25 38 22 26 25 21 38 17 27 36 42 31 27 23 33 23 28 32 21 35 20 41 31 21 25 31 30 27 29 20 33 23 25 24 17 84 0.05 10 
23 203 62 75 26 23 27 22 25 24 25 21 27 25 23 23 25 23 21 24 25 24 28 23 25 23 24 23 19 23 25 26 25 28 26 24 28 26 23 27 24 26 25 24 26 24 23 17 26 24 27 24 20 22 20 25 23 24 30 24 26 23 27 24 100 0.09 18 
24 311 435 27 29 29 22 29 23 24 26 28 31 27 25 28 28 30 27 28 27 24 27 29 27 27 26 28 24 25 25 24 27 25 26 26 25 26 25 26 25 24 24 32 26 26 24 25 27 31 29 24 29 27 26 28 26 26 28 25 29 29 27 27 54 0.05 10 
25 279 258 82 71 82 89 71 73 90 85 81 74 91 88 76 73 86 85 72 71 90 84 80 79 86 78 77 85 72 77 75 86 82 94 74 77 81 79 92 85 73 82 88 86 95 73 88 85 88 87 77 82 76 81 80 85 82 72 85 89 94 78 82 164 0.04 8 
26 451 229 74 75 76 70 73 74 69 78 69 70 71 76 76 67 78 67 77 81 76 72 77 70 69 75 73 73 74 76 76 82 66 74 72 75 71 70 73 74 74 73 70 69 68 73 81 72 72 76 68 71 70 69 73 77 72 77 67 77 66 77 76 148 0.07 14 
27 258 298 140 65 66 75 64 77 70 66 70 81 67 43 71 78 80 90 51 77 59 70 73 59 62 75 69 108 76 60 64 67 78 60 58 79 63 71 56 73 79 85 60 68 63 80 58 73 61 58 66 65 71 67 75 70 90 77 74 67 76 66 55 210 0.09 18 
28 70 122 61 63 69 74 53 54 59 45 63 52 69 66 75 65 59 63 59 59 56 65 48 35 62 85 50 58 65 64 45 64 57 62 82 71 57 52 67 52 56 68 59 71 67 53 68 56 73 61 68 75 74 54 53 63 40 48 45 73 62 62 58 122 0.03 6 
29 3 324 184 91 97 90 91 93 64 78 88 73 89 101 92 95 70 87 80 71 82 89 96 77 89 99 93 111 96 86 81 99 84 82 88 88 81 86 96 85 86 100 89 83 96 99 83 101 100 102 87 100 90 105 93 79 80 97 101 104 87 97 86 276 0.05 10 
30 236 53 79 75 81 80 78 83 76 69 85 91 78 80 81 85 81 73 77 82 85 74 74 83 77 83 83 78 70 79 80 79 87 85 84 71 80 84 81 77 83 79 78 74 71 83 78 75 78 81 68 76 76 77 76 77 81 78 83 79 84 79 90 158 0.09 18 
31 69 88 172 70 97 87 89 88 95 98 87 90 79 84 84 88 87 84 101 79 101 93 88 83 87 84 95 95 82 93 76 69 96 91 65 98 94 71 91 87 72 90 79 94 98 74 88 84 88 75 84 90 69 77 82 78 80 88 95 84 97 83 93 258 0.06 12 
32 479 121 114 50 43 55 54 65 53 65 59 57 54 62 42 46 60 65 42 64 68 54 53 60 50 69 57 63 52 64 49 41 52 57 55 57 45 51 56 57 56 54 61 62 57 48 51 60 66 54 55 60 53 54 63 52 63 58 64 47 61 48 54 171 0.08 16 
33 109 143 48 22 23 22 20 22 25 25 21 25 27 22 27 26 26 27 27 28 25 22 19 28 17 25 27 20 25 24 21 24 25 25 29 23 25 23 21 29 22 27 21 21 23 26 21 22 30 23 23 22 19 19 26 24 20 21 25 22 22 21 24 72 0.05 10 
34 313 485 25 25 25 29 26 22 23 23 27 25 30 27 23 23 24 31 25 17 25 28 29 20 23 25 23 26 25 29 26 27 27 23 25 25 24 26 21 28 22 21 18 22 22 23 26 25 23 26 21 31 26 28 21 20 29 21 23 26 33 26 25 50 0.04 8 
35 426 400 99 29 32 38 28 43 33 36 27 32 18 31 42 26 30 33 39 21 23 40 21 34 32 25 30 32 26 39 38 38 33 27 29 30 31 33 30 31 24 40 18 37 30 37 35 44 30 37 28 34 24 25 36 34 40 39 29 32 29 32 42 132 0.07 14 
36 380 74 86 42 35 37 43 42 44 39 47 42 40 46 36 47 38 37 48 33 38 37 46 37 39 36 42 38 38 41 46 40 47 51 54 37 45 38 46 48 47 51 41 36 36 35 37 39 46 34 59 33 45 45 43 42 40 44 42 42 39 41 41 129 0.07 14 
37 156 184 255 82 100 98 82 88 84 74 79 94 81 86 99 80 95 87 85 93 97 84 93 88 74 80 82 82 83 97 90 97 97 83 78 75 79 82 98 64 91 96 89 86 95 85 83 95 110 80 77 87 94 85 98 99 81 87 76 89 94 83 75 340 0.03 6 
38 479 436 144 77 75 58 79 69 81 72 63 83 65 63 73 77 96 83 69 67 72 63 72 69 57 70 85 78 64 68 63 74 82 73 74 47 66 74 73 70 63 70 72 88 83 73 76 75 84 66 87 59 87 58 64 65 86 58 71 84 70 66 68 216 0.07 14 
39 104 58 12 8 13 21 4 16 15 5 12 5 16 7 14 23 0 10 0 18 13 15 13 9 21 11 15 13 7 24 16 16 18 2 10 13 12 7 16 17 19 9 9 9 7 10 6 12 20 6 14 16 7 16 13 9 15 10 2 16 13 19 13 24 0.07 14 
40 420 59 120 37 40 54 65 65 68 68 77 52 67 66 49 69 32 61 60 51 57 49 54 76 42 74 67 65 58 69 72 66 59 64 62 65 56 54 63 68 54 68 64 70 53 52 68 74 66 60 81 57 76 49 52 54 45 54 55 86 53 58 77 180 0.05 10 
41 225 164 61 58 61 60 54 61 68 59 56 60 60 68 60 60 65 62 63 56 61 58 60 62 57 61 62 58 61 60 60 62 61 58 64 64 53 64 62 61 63 65 65 62 63 55 61 59 56 62 60 61 60 64 62 63 62 56 62 62 63 60 62 122 0.04 8 
42 377 282 20 21 14 16 21 11 25 17 25 16 16 23 11 18 12 20 20 13 27 22 18 16 21 22 17 23 12 10 21 33 25 30 24 20 17 18 14 30 21 31 11 26 14 22 24 22 22 13 21 20 18 12 21 23 4 12 32 19 28 16 19 40 0.06 12 
43 146 385 99 99 97 102 102 102 96 110 95 102 90 95 109 98 96 103 100 103 85 86 94 96 94 85 87 103 114 103 101 96 87 108 104 106 97 94 106 120 98 102 100 100 96 97 95 90 105 89 108 110 88 96 91 101 97 100 100 113 90 101 96 198 0.07 14 
44 48 455 21 23 18 25 29 10 21 24 22 14 21 18 12 3 33 15 34 26 18 28 14 17 13 26 23 31 22 8 7 17 41 11 10 29 18 16 22 25 12 27 19 26 8 20 30 17 7 11 30 25 22 20 17 29 18 25 22 21 22 19 24 42 0.03 6 
45 294 279 160 69 76 75 75 77 75 82 73 86 81 77 74 90 82 74 78 81 86 83 82 75 84 71 80 77 78 72 81 76 84 79 83 79 73 72 76 71 87 85 74 84 72 79 83 68 69 76 78 80 72 80 93 80 80 72 81 76 77 89 77 240 0.07 14 
46 360 378 93 37 26 42 29 28 34 38 39 35 38 24 33 23 25 24 32 25 27 27 23 21 18 29 29 20 30 28 20 18 40 17 18 34 29 41 30 42 20 29 37 35 30 32 19 39 41 28 43 50 31 43 28 28 34 32 24 24 27 40 26 124 0.07 14 
47 401 259 68 55 69 56 63 63 63 73 75 64 78 74 71 71 77 82 65 77 62 60 78 62 67 68 65 81 58 70 61 71 76 64 48 50 67 54 67 70 64 73 41 71 80 75 59 74 63 64 68 56 79 54 74 61 70 66 77 79 70 69 56 136 0.03 6 
48 126 481 168 59 60 55 54 73 54 55 72 54 57 71 35 47 56 57 59 72 44 59 60 59 53 54 54 58 45 60 43 59 51 49 52 59 49 59 61 48 49 73 54 51 57 56 56 59 48 67 65 54 69 48 51 60 40 47 64 50 51 53 61 224 0.04 8 
49 371 308 170 88 78 84 81 85 85 81 88 84 79 89 88 81 82 86 87 92 87 76 83 79 85 84 83 84 99 82 90 81 84 91 82 86 83 83 84 87 83 86 90 84 81 83 84 87 85 83 80 85 83 84 84 88 81 86 87 84 86 80 83 255 0.07 14 
50 318 427 172 80 86 86 84 79 96 80 78 94 83 89 85 91 86 86 95 87 75 84 92 79 92 80 79 84 81 85 85 83 92 85 86 80 77 87 85 85 96 72 85 89 93 82 77 89 86 93 88 84 82 78 89 83 85 89 78 90 90 83 87 258 0.04 8 
51 3 351 279 106 95 93 85 100 80 96 89 87 99 79 91 96 96 99 91 94 90 87 99 94 86 90 93 91 99 91 96 90 90 90 93 94 86 89 98 103 95 93 89 93 90 92 97 92 96 94 97 93 90 89 93 95 97 86 90 90 88 86 89 372 0.08 16 
52 65 195 105 40 37 36 26 40 41 35 34 33 33 39 33 32 25 35 39 28 39 42 35 35 36 30 32 39 42 43 43 35 31 28 36 39 24 43 41 36 28 35 26 35 34 38 36 29 25 29 28 32 45 37 40 37 37 39 38 39 35 36 34 140 0.05 10 
53 494 23 57 58 65 65 51 62 64 64 64 53 63 52 61 59 52 59 42 66 49 61 75 68 71 36 61 67 61 47 59 51 64 68 66 69 72 40 70 61 75 46 66 52 58 57 64 58 67 54 59 72 57 68 69 66 64 53 61 51 57 41 66 114 0.04 8 
54 69 185 140 72 66 69 67 72 63 65 71 77 75 69 66 61 67 68 66 69 70 70 68 70 73 67 63 74 77 73 68 62 74 62 66 64 68 74 75 70 69 72 66 64 67 66 72 68 69 78 70 70 76 65 66 72 72 72 67 69 68 70 68 210 0.09 18 
55 402 111 178 85 91 91 90 89 90 90 87 85 84 94 91 93 90 92 91 88 87 90 87 88 91 87 85 90 86 94 86 86 94 86 85 90 90 91 91 85 92 86 89 93 91 90 88 86 90 88 86 90 85 92 90 88 92 87 85 87 90 89 85 267 0.03 6 
56 335 152 100 53 67 56 37 50 48 38 48 48 64 53 48 41 53 44 45 45 55 39 47 55 53 46 53 58 58 46 37 48 46 48 55 57 54 50 51 58 67 53 54 55 41 49 47 51 49 44 47 45 58 45 46 53 43 62 44 33 48 44 60 150 0.06 12 
57 134 123 74 76 64 81 69 68 76 60 66 69 71 72 76 76 71 79 74 67 78 76 64 71 77 78 75 72 61 59 84 54 64 68 70 65 85 73 68 66 85 72 67 58 64 64 81 76 70 85 79 69 83 74 69 65 79 79 80 70 78 77 67 148 0.04 8 
58 106 152 154 74 78 80 78 79 76 81 77 77 70 75 80 76 83 71 74 75 74 81 78 84 76 74 71 77 70 75 79 72 70 78 77 71 81 77 75 76 74 76 72 75 78 78 78 74 75 71 73 81 72 79 76 80 78 81 81 79 75 78 78 231 0.08 16 
59 439 395 11 20 18 13 1 21 8 16 21 19 10 6 15 5 7 1 14 15 16 7 10 18 8 5 11 0 16 4 12 5 29 5 0 0 0 11 31 8 0 7 8 23 7 7 14 9 1 15 16 15 7 4 23 2 15 12 23 21 21 10 29 22 0.08 16 
60 63 58 106 46 41 54 64 51 49 42 54 40 61 55 45 48 43 45 52 47 56 53 58 47 48 55 50 48 59 62 56 46 65 67 39 52 46 55 51 60 60 59 53 51 41 51 45 61 52 51 51 58 62 50 56 49 46 60 47 52 43 52 50 159 0.07 14 
61 167 294 28 11 9 14 12 2 18 9 18 8 19 16 20 13 19 18 13 18 15 11 5 16 12 15 15 18 18 6 8 16 26 16 21 25 7 14 17 17 25 14 13 9 14 21 9 7 6 16 19 16 12 14 15 9 9 21 9 6 15 12 17 42 0.04 8 
62 408 333 156 80 79 76 77 74 80 75 79 75 78 77 78 77 79 77 78 77 77 80 77 78 74 78 79 76 80 77 80 77 77 77 81 75 77 77 76 77 79 76 77 80 79 78 76 75 77 70 79 78 79 79 81 78 78 78 78 78 76 80 75 234 0.06 12 
63 316 220 198 48 84 55 63 76 76 74 57 75 58 64 70 58 58 60 67 72 68 63 62 73 57 71 61 59 62 76 65 59 77 64 71 77 57 64 73 73 84 62 50 59 60 62 62 63 64 72 71 72 64 66 65 60 66 61 68 62 65 60 58 264 0.09 18 
64 210 156 60 31 22 6 0 34 23 26 24 30 31 28 38 25 16 26 22 8 26 22 21 0 18 17 21 34 17 17 1 31 14 22 34 18 45 10 23 13 26 31 21 15 8 3 18 21 16 7 20 8 15 18 26 21 24 19 21 10 19 16 22 80 0.04 8 
65 100 190 74 76 75 75 74 73 75 72 74 72 76 77 72 70 75 77 74 75 73 73 74 77 74 76 70 74 72 76 77 75 73 78 76 69 74 72 72 71 71 77 73 76 72 73 72 74 73 70 72 73 72 75 70 71 74 75 73 76 75 73 70 148 0.07 14 
66 421 347 92 91 96 85 94 88 90 88 94 94 103 91 91 89 94 91 84 89 97 92 89 88 88 88 83 90 94 99 82 103 92 94 83 88 95 98 90 78 72 102 102 83 93 84 86 97 98 81 99 88 86 94 85 90 93 99 103 87 93 90 92 184 0.06 12 
67 67 473 64 30 38 39 29 30 36 38 39 29 27 31 26 28 32 32 30 26 38 18 24 37 31 28 35 36 34 28 32 41 32 37 24 26 27 38 34 41 36 41 37 30 29 33 37 31 33 35 44 28 35 34 23 34 24 28 27 19 23 30 38 96 0.09 18 
68 392 0 144 66 75 67 68 68 72 77 63 76 73 78 79 73 67 69 73 70 74 73 76 70 78 76 66 74 69 77 67 62 68 72 70 76 76 79 67 85 75 71 78 68 72 75 80 82 66 79 69 73 73 68 73 73 74 82 74 67 69 73 68 216 0.04 8 
69 485 222 82 79 83 90 74 67 104 84 81 90 75 83 96 99 71 91 96 78 71 76 78 68 71 77 66 71 81 86 74 77 72 89 79 85 81 59 74 83 80 81 90 85 75 87 94 78 67 87 84 88 90 91 83 80 79 84 69 95 61 75 87 164 0.08 16 
70 342 327 234 77 76 65 86 68 53 76 69 93 88 80 78 91 76 75 54 74 63 96 78 79 87 56 72 74 86 71 86 75 92 84 90 81 86 80 94 71 80 77 69 68 85 68 87 87 64 64 74 60 85 75 82 79 67 77 74 78 73 75 91 312 0.07 14 
71 147 310 102 47 52 47 48 54 42 36 55 61 42 53 45 55 54 40 43 55 56 48 71 53 52 48 46 47 53 46 54 57 50 51 42 56 47 50 58 53 49 56 54 47 50 49 49 68 49 50 55 59 44 50 49 52 58 49 50 34 52 43 49 153 0.02 4 
72 277 399 112 59 56 50 81 64 53 60 66 69 83 76 54 45 53 78 59 73 66 62 55 60 44 53 63 35 54 56 51 50 65 48 46 57 68 61 38 58 52 51 48 49 73 53 60 56 50 57 62 57 72 58 51 66 45 58 52 53 59 47 45 168 0.08 16 
73 185 432 132 38 47 50 40 48 38 56 54 49 46 46 40 42 35 46 50 39 49 56 36 46 38 38 42 50 45 38 27 47 43 59 35 37 46 36 34 52 53 43 47 40 57 51 43 41 45 34 41 43 49 50 47 39 38 49 33 25 39 51 42 176 0.09 18 
74 364 106 105 31 34 34 39 35 38 33 38 37 35 31 32 36 33 31 39 34 28 33 28 30 31 31 35 37 38 38 31 35 33 37 34 37 34 34 36 34 33 33 34 33 29 31 34 33 35 35 31 39 30 39 33 34 37 37 39 36 33 36 32 140 0.08 16 
75 244 161 78 24 32 25 19 31 29 21 22 20 21 18 29 36 22 24 38 26 28 28 20 25 8 31 31 23 21 21 27 20 21 30 41 21 17 22 41 21 30 27 30 35 11 26 31 27 15 34 15 14 25 23 32 39 32 13 22 31 18 35 10 104 0.07 14 
76 248 491 42 12 15 13 24 17 22 7 19 0 14 24 8 9 20 15 10 6 15 17 22 14 16 15 31 19 9 17 12 22 15 17 22 16 18 19 9 19 15 19 8 12 22 10 9 10 20 8 22 14 12 5 18 5 7 13 16 5 13 10 23 56 0.06 12 
77 46 23 138 86 65 70 64 56 81 68 78 61 66 83 72 88 69 58 71 58 62 71 84 66 68 62 59 71 72 72 78 88 55 71 91 53 61 77 63 57 62 62 79 64 72 77 52 60 65 71 67 59 83 63 71 57 71 77 71 56 72 64 53 207 0.03 6 
78 84 432 49 50 45 54 48 47 45 43 45 46 47 40 48 64 42 41 49 47 46 51 49 47 51 50 48 41 57 45 56 49 51 46 43 52 41 51 51 37 51 60 49 60 48 49 47 47 56 52 57 51 49 49 54 55 45 51 47 40 46 50 44 98 0.06 12 
79 22 490 58 26 30 29 32 30 27 26 30 28 27 31 26 28 27 31 30 29 31 30 27 32 30 29 24 29 29 29 30 27 29 29 30 31 30 28 29 33 30 28 28 29 26 30 28 27 26 28 28 28 24 31 30 30 33 28 27 25 30 26 26 87 0.08 16 
80 455 287 164 81 79 85 82 81 80 82 83 86 89 81 78 77 82 78 86 81 85 84 83 86 79 79 82 85 84 84 76 87 78 82 82 85 90 86 83 82 79 76 79 88 81 79 81 82 81 79 82 83 83 80 77 79 82 86 86 85 81 82 81 246 0.06 12 
81 268 372 194 98 94 89 104 110 88 85 103 101 112 92 99 86 94 98 96 100 90 105 94 93 101 95 95 99 91 99 109 102 107 88 105 89 105 112 91 114 102 104 105 94 93 103 95 88 88 105 101 94 100 101 103 95 97 103 95 100 83 94 93 291 0.07 14 
82 494 359 65 77 62 61 57 71 62 52 55 69 58 57 59 62 63 58 69 64 66 66 70 62 64 70 69 63 65 71 71 63 57 66 53 65 70 75 67 72 57 66 66 66 59 56 60 62 68 59 61 67 65 57 68 61 69 62 51 62 69 68 63 130 0.07 14 
83 390 102 68 32 31 32 29 32 34 34 34 29 29 33 27 36 36 30 37 30 33 29 37 34 33 30 32 38 29 33 36 34 32 33 31 31 34 36 31 29 38 38 27 34 33 32 31 35 34 34 34 28 35 30 34 30 30 34 35 41 32 31 34 102 0.08 16 
84 331 61 237 58 70 71 80 89 81 87 75 71 70 78 75 77 85 76 74 70 78 71 79 85 77 67 67 69 73 87 82 71 76 62 85 71 83 78 70 69 87 70 81 90 88 75 77 85 79 62 79 97 74 77 82 78 90 71 79 64 69 78 87 316 0.07 14 
85 283 379 35 33 33 36 34 35 33 34 34 34 37 38 33 35 32 35 35 38 38 36 35 37 35 32 35 34 36 37 32 36 33 35 35 33 34 33 37 36 36 34 32 32 35 33 34 34 34 36 35 36 32 35 33 33 36 34 37 37 31 35 33 70 0.03 6 
86 140 19 186 61 60 62 64 62 67 58 63 60 60 63 61 60 65 63 63 61 62 62 59 60 58 63 58 65 62 57 62 63 61 64 64 63 59 63 63 61 62 60 63 63 63 60 61 65 60 64 61 58 63 65 63 61 62 62 64 61 62 61 59 248 0.03 6 
87 413 121 40 13 20 18 21 20 19 20 20 24 15 24 23 18 15 16 18 17 28 21 19 21 18 23 13 15 25 25 22 23 24 13 22 22 18 17 17 23 13 24 21 12 22 22 23 25 28 19 13 16 17 27 17 23 16 13 21 22 21 13 24 60 0.02 4 
88 19 7 74 78 71 80 83 65 73 72 72 90 82 70 80 84 52 72 52 69 64 78 91 74 70 71 70 74 72 77 59 56 97 69 82 70 59 66 73 69 60 61 80 69 78 74 81 84 69 82 79 66 79 73 72 68 86 79 82 78 70 70 75 148 0.08 16 
89 13 59 270 96 84 88 89 90 94 101 90 81 92 88 85 88 92 90 99 93 81 88 90 98 106 91 89 87 81 93 91 86 80 79 92 94 97 90 99 94 83 89 91 87 92 84 96 86 83 92 88 90 88 90 99 84 86 82 87 91 88 99 81 360 0.03 6 
90 468 308 74 77 78 88 79 71 60 75 77 72 68 47 74 63 67 90 55 86 80 65 66 78 75 69 72 87 77 82 91 74 79 68 73 72 68 69 93 76 85 81 80 76 74 79 79 76 83 65 95 96 70 73 65 76 79 73 76 70 82 72 79 148 0.06 12 
91 390 498 135 45 41 48 55 43 41 39 50 50 38 46 41 44 44 50 51 29 42 42 35 50 42 41 29 50 51 36 45 45 44 48 44 42 41 44 43 46 46 51 48 38 43 54 53 41 39 40 45 43 39 50 46 51 41 48 49 55 44 55 49 180 0.04 8 
92 498 89 164 73 81 82 76 75 88 81 84 83 80 78 81 85 76 87 71 79 71 81 79 80 79 65 79 86 82 81 82 93 78 82 85 80 90 88 77 81 80 90 70 83 79 84 81 95 85 75 80 90 95 78 92 91 84 82 77 73 83 82 80 246 0.06 12 
93 254 119 140 65 71 66 77 70 69 63 65 64 68 69 64 67 67 68 67 61 68 71 74 73 75 73 67 68 69 66 66 72 65 69 74 65 76 68 75 66 75 73 68 62 74 75 67 63 69 64 73 62 71 63 70 74 66 68 68 63 71 75 71 210 0.04 8 
94 54 432 19 8 30 27 18 24 27 17 16 30 3 19 18 18 9 0 0 7 28 35 24 7 18 19 27 27 20 7 31 17 19 8 17 24 21 30 31 30 2 19 23 4 18 19 25 10 30 29 25 26 23 16 20 14 14 9 23 20 36 19 15 38 0.02 4 
95 42 85 144 71 77 78 69 74 74 71 67 70 73 70 72 69 67 73 76 74 76 71 71 72 74 72 71 74 67 75 69 73 69 71 71 71 73 66 71 75 66 76 78 73 71 74 73 72 73 72 71 68 72 73 69 74 71 71 67 72 74 71 71 216 0.09 18 
96 93 45 31 23 31 20 37 31 32 28 35 32 30 25 24 32 30 44 38 33 37 27 18 25 33 33 35 24 30 39 27 34 42 19 29 28 29 35 33 22 35 26 37 30 20 35 34 31 32 32 17 31 29 31 25 31 27 22 30 37 37 27 30 62 0.09 18 
97 442 434 58 29 22 31 33 33 30 27 31 31 32 28 33 26 24 35 32 33 28 26 36 27 32 34 36 28 36 28 27 29 25 37 29 24 40 31 29 28 27 31 18 26 28 33 28 35 26 24 33 24 36 25 31 38 29 28 22 30 34 25 32 87 0.06 12 
98 473 147 252 79 82 95 86 84 88 80 84 91 73 78 71 81 70 89 76 75 86 79 82 78 88 96 85 81 82 82 75 73 88 96 71 80 85 77 83 83 87 80 78 87 85 85 84 75 86 93 87 87 91 83 71 79 82 73 74 81 90 86 92 336 0.08 16 
99 257 304 60 61 59 72 59 67 68 42 59 63 55 57 61 47 52 63 45 63 72 59 57 73 71 41 41 58 54 67 55 42 57 53 51 65 65 75 69 63 56 68 58 69 64 57 74 64 52 68 71 45 63 68 73 52 48 62 60 60 54 73 77 120 0.09 18 
100 134 341 198 65 62 58 65 62 59 72 64 63 70 62 69 65 74 65 59 70 64 75 67 65 69 63 58 62 60 67 62 64 55 73 71 63 79 60 62 62 62 75 65 63 65 54 63 61 65 68 65 65 53 68 72 54 67 68 68 78 66 74 79 264 0.03 6 
101 106 395 60 15 21 12 19 28 17 24 17 11 38 26 23 7 23 21 13 20 9 21 21 22 11 16 17 20 15 18 20 17 20 5 20 12 21 9 11 27 21 21 23 12 12 29 24 33 22 24 18 23 24 12 27 24 16 15 20 13 23 17 18 80 0.05 10 
102 18 416 122 63 51 62 55 58 43 62 76 75 81 66 69 71 51 52 56 58 69 71 43 44 72 57 49 70 59 65 53 58 64 67 52 66 67 66 59 51 64 51 67 51 57 68 54 45 52 47 71 64 62 57 63 56 76 60 58 67 62 68 52 183 0.06 12 
103 482 353 43 39 31 34 39 45 44 42 55 66 32 44 27 38 37 41 39 44 48 38 40 60 31 54 49 35 55 37 51 48 42 47 37 28 33 46 40 40 29 39 43 31 40 47 29 53 41 42 52 53 46 49 38 37 36 46 43 38 32 54 35 86 0.03 6 
104 395 255 213 78 74 74 91 66 64 63 68 69 69 74 66 58 78 71 53 77 55 56 74 77 69 70 89 79 69 71 65 67 81 83 50 60 67 79 70 78 77 78 68 57 53 83 65 92 61 58 86 73 62 62 71 65 75 72 73 68 50 62 69 284 0.05 10 
105 206 356 198 66 67 61 56 61 56 69 58 61 71 63 82 57 64 60 68 65 68 64 64 67 74 64 69 64 66 61 58 55 71 73 66 69 72 71 58 59 61 61 65 70 60 68 64 64 75 62 68 66 55 53 68 58 73 71 61 59 67 65 73 264 0.09 18 
106 86 487 15 6 12 21 13 29 12 17 0 9 6 17 17 4 0 11 35 10 11 2 20 21 0 9 14 16 20 1 24 7 31 21 11 19 15 16 21 0 24 40 18 13 19 24 0 18 11 25 18 1 5 2 14 8 22 20 12 21 15 19 16 30 0.03 6 
107 229 82 190 91 93 98 98 95 103 102 93 92 96 96 91 92 94 99 94 98 89 96 104 89 95 98 92 102 90 98 104 97 87 94 97 102 99 86 96 87 95 96 93 104 94 91 104 103 97 93 88 92 96 89 94 98 100 95 97 98 95 98 90 285 0.07 14 
108 50 343 144 75 79 67 86 74 86 65 75 68 77 75 83 67 72 66 66 81 67 78 89 54 62 58 67 56 80 69 86 79 56 69 74 69 65 53 73 66 75 62 54 72 69 63 64 56 55 92 81 67 68 77 78 83 90 47 77 87 66 87 61 216 0.08 16 
109 428 30 65 69 61 69 58 63 59 56 62 64 64 71 59 69 79 72 73 60 64 64 65 55 63 64 65 57 59 71 60 66 59 63 73 74 70 53 65 64 64 53 59 66 57 62 66 56 59 67 62 63 61 65 75 72 70 57 67 54 65 64 64 130 0.03 6 
110 96 168 176 89 85 85 88 88 84 88 80 84 90 90 90 91 79 95 93 92 83 87 86 92 94 79 93 84 95 89 95 94 90 97 86 103 82 87 79 92 93 97 85 93 91 86 91 90 92 90 86 77 80 91 85 92 91 87 87 94 83 80 96 264 0.04 8 
111 433 33 32 13 18 13 20 18 17 16 15 14 15 15 16 14 16 17 16 15 14 17 18 19 13 12 13 15 10 17 15 16 13 17 15 17 14 20 13 17 16 17 18 15 15 18 16 21 12 14 15 11 16 14 18 13 16 17 13 18 14 16 15 48 0.03 6 
112 210 153 156 52 50 59 50 57 55 55 49 50 41 61 57 53 50 55 54 50 44 53 49 54 36 57 53 46 49 58 61 53 42 50 41 54 57 41 46 47 53 48 53 40 48 57 48 51 50 61 56 54 61 54 47 47 54 44 56 53 55 54 60 208 0.03 6 
113 67 321 81 81 80 83 83 74 86 83 80 82 82 81 81 80 78 80 83 77 80 88 79 82 74 76 75 74 84 89 78 80 84 75 73 81 81 88 80 83 80 83 77 82 83 82 72 79 79 80 81 79 83 85 83 76 76 76 82 79 75 78 82 162 0.06 12 
114 397 173 126 27 35 39 43 54 48 40 34 38 62 42 32 28 43 41 40 47 57 29 48 54 30 44 48 49 38 34 33 40 51 47 30 52 47 47 46 39 54 33 28 29 35 53 33 41 49 45 38 39 34 42 27 46 32 35 46 23 46 17 39 168 0.02 4 
115 428 111 171 56 59 51 61 64 56 55 55 60 64 57 68 55 69 58 52 60 52 64 61 53 63 58 64 65 51 62 65 60 56 52 55 56 56 52 52 58 51 57 64 62 52 59 54 53 54 63 63 60 56 55 53 56 57 51 62 68 59 59 57 228 0.09 18 
116 250 200 177 57 61 59 59 58 62 59 62 55 58 58 57 59 59 59 58 58 58 56 59 54 59 63 59 60 61 58 58 55 60 63 59 60 58 62 60 59 60 59 62 60 56 58 59 58 59 58 58 57 59 61 58 59 57 60 61 58 59 55 59 236 0.07 14 
117 461 95 43 32 48 31 56 48 43 41 43 37 40 40 41 40 43 42 47 41 34 46 38 39 44 37 43 53 42 50 40 46 41 39 45 49 46 55 49 41 46 30 42 35 29 53 53 44 44 34 40 45 53 45 37 35 37 51 35 40 44 46 47 86 0.08 16 
118 384 461 213 59 70 90 52 86 76 63 74 70 78 63 70 70 67 62 64 79 82 67 65 55 75 57 89 78 75 68 52 64 79 64 90 64 73 59 71 64 63 53 65 76 67 85 76 67 91 59 64 72 66 68 68 77 72 66 61 62 56 67 74 284 0.06 12 
119 499 94 252 85 85 89 82 84 80 98 83 82 84 83 79 87 78 87 81 76 86 76 87 97 83 83 86 80 90 87 88 88 86 82 83 78 78 84 74 82 84 83 76 84 87 80 86 95 80 89 85 88 81 79 87 78 96 96 79 80 89 85 84 336 0.06 12 
120 95 151 122 65 56 65 61 60 58 59 64 65 66 58 58 56 58 61 60 63 55 63 58 59 63 63 61 63 62 58 62 61 62 61 62 59 60 64 66 61 60 61 56 56 57 62 59 65 64 59 61 60 67 63 66 61 62 55 58 59 64 64 58 183 0.02 4 
121 360 169 45 41 36 37 40 47 22 32 32 38 40 50 34 34 53 41 54 39 46 50 44 28 44 46 52 31 49 41 43 48 47 46 39 53 54 45 55 51 48 41 50 52 28 43 46 36 54 45 42 49 40 55 37 35 48 42 45 42 59 45 41 90 0.07 14 
122 229 287 134 70 72 55 62 69 69 66 68 66 75 65 62 65 78 66 70 57 73 62 69 66 82 67 65 66 67 65 64 67 63 66 62 67 74 66 71 65 69 66 67 72 77 64 67 73 67 63 74 64 71 66 68 66 62 77 66 60 61 70 66 201 0.04 8 
123 64 374 94 88 86 100 91 96 102 94 93 96 110 99 84 94 108 83 87 79 97 87 105 95 88 85 104 101 99 97 106 96 94 102 106 99 100 84 93 80 97 97 89 98 77 103 96 99 78 91 96 91 97 96 92 108 97 93 104 94 90 99 96 188 0.03 6 
124 233 11 105 31 41 46 31 38 35 40 35 30 28 48 40 36 42 34 43 44 50 44 33 22 45 44 25 45 37 41 45 37 34 31 38 25 24 41 47 37 46 46 45 37 31 39 24 21 34 38 33 31 30 29 34 35 33 29 41 43 36 24 37 140 0.04 8 
125 224 499 186 89 102 94 90 91 90 89 88 89 88 83 79 101 82 101 89 83 101 94 90 86 99 90 91 108 87 98 90 95 91 89 90 104 91 85 96 93 111 85 101 98 94 95 89 91 91 96 102 89 85 83 92 96 81 101 91 99 97 90 94 279 0.05 10 
126 68 381 62 22 29 24 31 32 31 38 24 31 23 31 35 28 31 34 33 21 30 29 35 25 36 28 32 30 36 31 33 28 33 29 30 28 23 31 26 37 34 25 29 33 28 39 36 33 29 32 38 30 38 32 27 36 31 30 28 33 29 34 27 93 0.07 14 
127 203 230 92 42 43 48 46 42 52 45 45 42 48 47 45 44 44 48 38 49 37 45 42 54 50 36 44 49 47 47 50 40 52 45 41 51 52 45 45 49 45 43 52 50 45 49 48 48 44 45 47 38 51 51 49 47 44 52 52 41 46 39 43 138 0.09 18 
128 406 120 120 40 39 40 37 40 35 41 36 41 40 42 38 38 37 40 42 41 38 41 40 37 40 37 40 36 42 41 38 38 39 38 39 42 42 41 40 39 43 37 40 39 42 36 36 38 41 38 35 39 38 41 41 36 37 41 42 40 40 40 37 160 0.05 10 
129 190 463 111 36 47 27 32 26 24 31 29 36 37 39 34 44 33 33 36 54 47 25 18 27 42 49 35 35 31 35 22 40 34 39 42 36 39 28 37 35 35 50 47 54 39 55 23 36 36 26 55 4 55 39 38 19 43 15 40 42 33 35 25 148 0.07 14 
130 17 22 297 105 99 89 101 95 108 87 97 115 104 104 86 101 96 96 89 106 94 97 90 85 83 109 93 90 93 102 95 92 107 96 99 104 99 98 92 107 92 91 94 97 90 107 91 94 95 82 88 104 90 92 97 108 89 102 107 89 87 88 98 396 0.02 4 
131 124 114 45 48 58 45 45 41 54 39 36 45 49 53 33 35 47 39 42 32 48 56 43 50 38 53 44 49 42 43 46 49 36 42 42 51 33 36 42 58 41 39 50 53 48 46 52 40 43 39 56 41 56 42 41 44 41 34 43 47 54 34 37 90 0.03 6 
132 355 163 97 88 96 86 96 96 106 105 96 98 86 90 90 76 89 102 99 94 90 104 108 96 100 103 96 101 101 100 87 102 100 108 106 109 99 95 101 103 102 91 94 106 91 97 92 95 99 88 95 97 102 85 89 108 99 105 92 92 100 109 109 194 0.05 10 
133 43 304 20 16 12 17 17 24 18 25 5 18 15 10 27 13 19 5 14 32 13 41 21 35 7 8 25 12 25 8 23 11 12 12 25 4 25 20 10 31 14 20 28 21 22 23 7 20 32 20 23 21 19 23 16 23 34 23 18 22 36 26 28 40 0.04 8 
134 382 121 200 97 118 105 98 95 96 106 100 85 113 105 84 104 104 91 114 104 91 93 97 105 88 93 85 105 96 112 112 109 86 106 111 95 107 87 103 96 92 88 94 98 96 88 94 103 94 94 104 104 94 95 93 101 100 97 96 99 105 96 103 300 0.06 12 
135 44 134 17 13 6 30 18 13 9 27 23 15 27 11 3 13 31 14 19 12 0 17 13 29 9 1 0 8 1 21 13 23 44 10 0 25 7 20 15 11 14 16 10 30 26 15 26 29 29 17 7 14 3 19 3 18 14 23 13 27 30 17 19 34 0.06 12 
136 82 474 72 44 35 37 27 28 37 33 44 33 67 37 38 36 52 38 24 60 34 34 39 33 47 35 28 48 34 37 32 43 44 22 47 45 43 40 46 26 44 39 54 42 44 38 10 26 21 43 36 47 42 41 32 38 15 38 33 30 32 25 25 108 0.04 8 
137 365 118 51 21 17 17 17 19 18 17 18 17 17 16 20 17 16 17 17 16 17 17 16 16 15 16 14 18 18 16 18 17 18 14 15 20 15 15 16 20 14 17 19 18 16 18 16 18 16 16 17 19 18 14 16 18 18 17 18 18 16 13 14 68 0.07 14 
138 241 13 171 66 64 51 38 60 53 63 54 50 40 61 63 62 59 46 63 75 67 58 53 51 62 54 55 45 38 58 71 63 55 50 51 63 38 65 39 58 49 50 63 66 69 65 60 70 79 56 47 70 76 60 58 43 52 69 43 64 67 68 60 228 0.08 16 
139 50 434 194 102 107 83 91 98 99 83 71 100 101 94 105 101 102 88 88 95 103 96 84 95 91 100 111 100 97 107 105 88 105 84 96 97 83 116 85 88 95 102 79 109 96 98 91 103 84 103 83 105 113 111 89 98 94 109 102 78 94 94 93 291 0.02 4 
140 12 123 78 35 42 26 43 42 40 44 31 37 50 41 35 37 45 44 38 44 37 48 44 34 38 40 32 33 34 38 48 42 33 27 37 45 34 40 51 45 30 30 49 32 48 48 31 37 29 36 36 30 38 46 51 50 33 40 46 35 30 38 35 117 0.06 12 
141 221 10 201 55 63 69 68 56 64 62 66 57 73 63 67 62 65 71 60 76 67 58 69 64 65 55 75 62 64 58 60 71 72 66 69 65 73 64 64 69 68 64 69 76 58 69 63 50 69 67 62 77 67 72 69 68 52 68 76 64 76 63 67 268 0.06 12 
142 155 243 196 101 114 105 92 107 96 98 107 83 106 110 112 92 102 103 76 91 101 107 89 91 108 92 118 82 101 101 83 98 113 96 91 96 107 93 98 89 96 106 105 116 101 111 105 100 106 91 113 108 76 88 99 104 97 92 105 107 114 97 98 294 0.02 4 
143 322 208 66 70 71 65 73 64 64 71 65 71 62 61 55 78 69 65 68 76 75 58 59 67 74 71 64 62 62 71 70 62 67 63 71 57 52 65 64 66 70 64 61 70 64 67 65 67 74 67 64 63 67 65 63 67 67 65 67 63 70 64 66 132 0.05 10 
144 83 44 95 105 95 105 94 94 99 93 91 102 87 89 97 91 87 95 99 91 88 92 93 100 88 94 92 90 98 93 86 98 96 94 96 103 90 88 91 92 92 87 90 94 85 109 100 103 98 98 93 83 90 100 96 89 95 99 89 88 95 106 98 190 0.06 12 
145 484 481 138 67 72 67 65 73 71 72 66 73 70 68 68 70 73 66 67 69 67 63 68 70 66 68 67 65 69 68 68 68 69 67 64 67 71 67 66 70 65 71 67 67 65 69 68 67 68 69 69 67 69 73 68 65 67 72 70 64 68 69 71 207 0.07 14 
146 32 219 117 35 40 29 41 38 48 37 50 45 40 48 40 42 35 48 35 34 30 43 31 35 33 32 52 25 48 44 54 30 32 40 33 46 16 50 43 36 33 43 40 55 38 40 45 38 41 48 36 31 28 32 54 29 51 52 49 39 38 45 41 156 0.09 18 
147 140 64 70 66 73 69 67 71 69 70 66 73 70 69 72 71 73 68 66 68 73 68 67 73 67 67 70 68 70 67 67 70 69 72 68 71 71 69 71 70 67 70 68 70 68 72 70 69 68 72 69 72 70 72 68 67 69 68 70 70 71 72 69 140 0.08 16 
148 297 25 30 32 30 20 39 37 31 31 30 25 31 33 28 26 27 32 32 34 26 30 30 24 36 27 30 29 34 29 33 36 28 37 31 32 29 27 29 29 34 30 30 27 26 24 27 30 38 33 30 17 21 27 24 32 44 27 40 28 34 32 27 60 0.05 10 
149 208 327 15 16 13 12 12 12 10 13 14 14 15 14 22 18 17 13 14 15 12 12 7 12 19 21 17 13 18 16 18 19 19 5 13 16 15 19 12 13 14 13 13 9 13 18 11 18 12 13 9 16 7 15 11 16 14 14 11 16 16 14 15 30 0.08 16 
150 184 231 150 48 42 50 51 54 54 48 48 49 53 53 41 55 50 47 47 57 52 47 45 52 54 46 47 47 49 52 42 43 55 51 46 49 50 53 51 49 55 50 47 45 50 45 46 47 57 39 42 47 49 48 44 44 47 58 46 48 52 58 50 200 0.04 8 
