200 20 16038
0 320 449 30565 23596 23602 23600 23598 23598 23598 23601 23599 23596 23599 23597 23602 23600 23600 23599 23601 23601 23601 23599 23599 0.01
1 59 26 58 18 31 26 24 36 36 30 38 32 29 25 27 30 26 26 38 32 30 32 29 22 28 33 25 38 36 33 29 27 26 31 22 25 26 31 26 31 28 31 23 24 25 33 29 27 33 31 32 26 30 29 25 30 31 33 33 31 38 25 32 28 26 35 34 31 26 40 27 31 25 87 0.09 18 
2 209 228 116 59 54 55 59 51 55 61 55 60 55 55 58 56 59 58 57 58 60 55 54 60 54 55 59 55 55 58 58 55 55 59 56 61 53 57 54 62 49 56 57 58 58 56 58 59 53 61 56 58 50 55 55 55 61 57 53 55 64 58 60 55 56 55 58 55 59 52 56 62 61 174 0.08 16 
3 469 34 92 45 40 47 49 45 45 46 43 42 49 41 41 46 43 49 51 48 45 46 51 46 38 44 44 43 47 49 44 46 39 44 43 44 50 43 42 48 44 45 43 49 47 51 47 47 45 48 46 44 45 39 50 52 49 40 44 45 45 42 42 48 43 42 37 37 46 46 50 40 45 138 0.09 18 
4 166 343 174 103 69 93 83 100 89 94 88 88 98 76 100 80 82 78 84 84 79 101 97 79 93 81 82 87 77 86 74 96 84 63 93 77 104 78 91 85 77 102 89 88 84 77 106 66 83 74 89 96 82 88 84 82 96 84 78 90 106 90 84 108 98 103 95 93 84 83 94 77 91 261 0.05 10 
5 493 469 56 57 53 62 55 63 51 49 51 48 54 48 64 65 54 63 58 47 59 59 47 51 51 60 50 39 53 49 58 53 53 53 60 58 48 52 49 52 50 53 56 53 62 47 63 62 53 58 52 50 48 56 58 54 55 54 52 62 54 62 66 53 46 61 57 52 54 50 49 52 54 112 0.09 18 
6 421 322 84 36 24 33 34 21 26 22 29 16 16 30 29 17 30 28 34 41 23 27 32 27 33 34 41 44 43 41 32 32 29 33 34 24 28 24 19 42 47 25 15 25 24 32 39 19 16 25 34 34 36 32 45 23 55 23 24 29 31 16 29 26 22 27 21 43 33 21 29 16 41 112 0.05 10 
7 388 408 108 46 52 54 45 40 58 52 55 50 49 51 62 51 53 57 55 52 53 60 51 57 52 55 48 46 51 54 60 53 51 53 49 47 52 52 60 51 54 57 50 54 53 56 47 55 50 54 55 47 51 51 50 50 53 53 48 56 51 60 51 55 53 54 57 55 52 52 52 49 62 162 0.06 12 
8 416 325 130 63 64 67 66 66 63 64 66 61 65 64 65 65 67 65 63 65 64 66 65 65 62 67 64 62 62 66 65 67 66 65 65 67 64 65 67 66 66 64 65 64 63 65 66 64 63 64 61 65 66 65 64 63 66 61 65 64 67 66 68 64 63 64 64 67 64 63 65 63 65 195 0.08 16 
9 46 435 81 80 84 81 89 93 82 92 79 86 76 83 88 80 86 79 70 69 70 81 79 69 73 87 84 82 77 85 84 83 78 57 76 72 79 77 72 77 67 89 80 85 90 73 82 74 69 89 87 77 85 93 78 58 81 81 82 75 86 86 79 83 83 84 80 82 68 80 81 67 79 162 0.04 8 
10 384 318 73 70 70 59 90 76 74 64 67 55 78 78 75 76 60 77 85 66 68 77 64 92 78 60 83 71 77 65 75 76 50 72 87 80 72 75 63 72 69 82 92 74 69 67 75 72 74 62 67 74 67 87 88 70 68 65 73 66 69 83 89 74 65 82 70 74 76 70 66 67 77 146 0.02 4 
11 38 55 24 7 38 22 29 4 37 21 7 32 34 29 29 31 11 27 32 23 33 13 19 35 5 15 30 12 13 30 22 26 31 7 22 30 32 23 19 23 25 18 21 10 36 24 24 28 32 18 30 30 37 1 32 7 27 30 21 13 16 39 21 19 12 0 18 13 25 38 12 17 9 48 0.07 14 
12 427 40 104 71 56 55 61 41 65 52 43 53 42 49 60 53 43 51 62 48 66 46 33 34 44 59 41 46 48 60 58 57 56 66 56 49 52 52 58 33 47 40 48 45 42 55 47 42 34 58 62 45 49 44 47 47 57 47 65 59 48 48 60 42 47 51 43 47 58 59 59 46 60 156 0.03 6 
13 28 307 42 21 26 23 24 20 16 24 27 18 24 13 18 22 21 22 18 22 26 26 22 20 16 18 17 24 18 20 22 20 17 12 22 23 19 20 18 19 25 28 27 22 20 21 22 21 17 14 19 16 19 27 16 18 26 21 20 20 17 20 24 22 19 26 23 17 24 18 20 20 15 63 0.06 12 
14 163 410 62 30 30 29 33 31 33 27 29 32 31 30 33 31 31 32 33 30 32 30 32 29 31 33 31 29 27 28 29 30 30 32 28 33 31 32 30 30 31 29 33 30 29 28 30 31 29 32 30 27 30 30 29 28 32 31 29 30 32 26 31 30 30 33 31 30 29 30 30 28 28 93 0.05 10 
15 87 344 138 74 57 69 68 77 71 62 74 65 71 74 63 71 83 78 70 73 68 63 58 65 78 78 69 65 66 80 74 65 64 63 60 79 58 78 75 70 69 67 79 73 77 71 72 66 36 55 67 74 61 60 66 74 61 71 71 77 70 57 74 72 77 78 78 65 83 68 83 66 78 207 0.02 4 
16 349 458 94 46 47 46 50 48 47 45 44 45 49 46 47 46 47 49 48 45 42 44 45 48 47 45 43 45 43 46 47 47 48 47 47 43 47 44 45 46 47 45 45 46 45 46 48 44 47 45 50 47 45 48 50 47 50 45 48 44 45 45 47 47 51 48 47 49 46 45 48 47 48 141 0.06 12 
17 215 357 166 77 89 74 71 96 76 67 80 91 75 85 84 96 95 74 87 85 70 61 75 63 87 106 82 83 105 82 80 91 86 81 60 82 91 81 74 80 74 85 73 80 93 68 82 87 89 78 93 84 88 88 66 71 86 74 79 92 85 78 74 78 80 72 78 82 81 91 81 86 86 249 0.03 6 
18 409 353 51 3 21 21 6 18 28 8 30 30 17 19 7 26 19 6 15 19 24 15 16 9 8 2 18 25 17 6 6 0 9 17 19 18 11 15 19 7 32 7 22 21 17 7 7 26 10 7 7 13 18 16 3 30 19 29 15 0 26 34 29 3 39 19 28 28 10 21 10 21 9 68 0.05 10 
19 401 38 15 14 11 7 14 10 16 5 15 7 9 5 5 16 13 9 0 27 13 23 12 9 2 0 21 19 0 16 7 5 21 11 9 20 0 12 6 24 7 0 15 20 13 14 8 12 14 29 5 10 9 19 25 6 10 14 20 23 4 26 12 15 6 10 15 10 14 13 7 7 19 30 0.04 8 
20 272 230 134 64 71 60 55 47 66 67 81 55 73 64 76 67 69 68 35 61 74 84 77 60 68 72 76 67 54 70 69 55 61 73 72 51 74 91 65 78 69 67 86 68 65 58 91 65 77 39 80 62 78 80 58 63 75 56 64 65 79 48 60 81 56 61 66 73 67 83 67 74 53 201 0.02 4 
21 213 394 210 71 70 75 57 74 69 73 78 64 74 70 69 70 69 73 67 77 75 65 66 71 73 70 72 64 72 61 71 69 69 62 67 71 77 73 70 78 70 61 66 81 71 75 71 71 79 65 68 70 71 81 57 81 67 63 62 67 78 68 70 68 66 75 70 67 74 67 70 66 59 280 0.08 16 
22 205 75 148 81 70 75 68 74 73 74 80 75 72 62 79 75 78 76 71 76 67 73 75 82 72 77 63 69 59 68 75 74 75 73 73 76 71 75 76 60 58 79 59 63 63 62 66 71 75 68 63 79 72 59 74 69 69 72 67 71 72 73 85 70 72 79 65 75 77 75 76 67 73 222 0.02 4 
23 267 146 70 61 71 68 75 67 67 64 77 59 72 65 69 58 78 80 58 61 76 78 67 64 70 68 75 69 52 64 67 67 68 66 72 63 78 66 68 70 58 71 81 62 72 73 68 59 58 62 73 72 62 62 68 64 87 59 73 63 67 70 69 82 65 69 66 81 62 67 61 63 83 140 0.04 8 
24 321 281 93 89 99 96 89 91 94 97 92 91 93 91 93 95 90 97 98 89 96 93 92 91 92 93 90 90 93 95 88 92 91 93 88 95 91 96 93 91 85 93 87 94 92 93 93 90 96 100 99 90 95 93 94 90 93 97 94 90 92 99 94 92 95 96 90 93 90 87 95 92 90 186 0.06 12 
25 470 211 54 22 19 19 10 16 21 14 13 18 15 15 14 7 20 24 20 19 17 16 23 16 12 19 18 17 17 22 24 19 17 13 18 18 25 10 24 18 19 20 16 22 20 19 14 23 21 22 19 22 24 16 15 18 14 18 22 17 18 18 25 14 16 20 25 20 19 21 19 21 20 72 0.07 14 
26 191 46 56 60 57 75 55 58 66 47 57 53 65 75 57 51 62 53 47 52 56 53 63 53 47 57 45 50 60 33 50 35 73 56 59 63 64 66 56 56 68 68 53 50 55 60 66 70 60 53 58 52 50 58 72 56 48 45 66 55 53 52 63 58 54 62 61 55 55 60 57 48 67 112 0.08 16 
27 325 281 51 19 11 17 18 19 15 16 20 15 13 15 17 17 17 19 19 21 18 18 15 17 15 16 14 17 16 17 18 14 17 15 18 17 14 15 18 13 18 15 13 15 16 16 16 16 18 19 16 15 14 17 14 19 15 19 15 15 18 15 16 18 15 14 13 14 17 14 17 20 16 68 0.06 12 
28 330 350 72 33 34 24 35 40 32 39 41 34 36 37 35 28 39 27 35 32 39 39 35 36 33 32 33 36 37 33 39 32 35 42 33 43 28 39 39 40 33 40 35 38 30 37 33 38 42 37 42 35 45 35 39 39 32 43 30 34 26 35 31 35 33 34 35 41 39 32 39 31 26 108 0.09 18 
29 227 152 25 21 33 30 24 28 24 25 18 26 22 25 23 34 29 28 28 19 21 25 27 26 22 17 22 27 32 21 24 24 30 22 26 24 31 20 23 12 22 25 19 32 25 23 35 26 28 33 38 21 23 16 21 26 28 18 24 26 19 24 31 21 22 22 25 25 23 14 17 22 31 50 0.07 14 
30 245 236 17 20 17 13 15 17 21 17 18 19 15 16 16 16 17 15 18 18 17 12 18 15 17 12 19 13 16 16 14 18 16 15 18 15 17 16 17 18 19 16 18 17 15 16 20 19 21 17 14 14 15 14 16 18 18 17 14 15 18 17 17 16 15 15 18 14 17 15 17 19 21 34 0.06 12 
31 318 48 45 12 18 0 16 3 31 0 29 37 29 7 0 25 19 24 22 9 22 20 0 0 12 11 32 11 9 20 17 23 16 23 17 19 21 23 32 25 18 0 14 17 30 26 30 18 6 6 15 24 0 25 17 10 13 5 24 13 10 12 18 22 8 5 6 13 18 7 25 25 13 60 0.02 4 
32 292 62 55 59 55 39 58 58 60 93 56 63 63 46 51 61 53 47 36 50 58 57 57 66 44 57 47 53 50 47 59 52 61 48 53 58 59 51 69 69 42 51 53 49 56 59 52 55 60 61 61 61 63 56 60 49 56 56 50 66 59 75 54 70 60 49 51 48 58 44 48 50 65 110 0.06 12 
33 192 346 58 27 29 23 29 25 23 29 21 26 27 31 27 26 28 29 29 25 35 28 20 26 25 32 26 33 32 38 24 31 25 26 23 33 28 29 24 35 23 30 30 31 25 15 25 20 29 27 30 31 21 33 26 29 28 28 37 27 33 28 33 35 21 31 21 30 34 32 23 28 36 87 0.03 6 
34 451 269 87 17 20 42 16 26 20 44 31 37 49 39 0 51 34 2 34 35 26 29 34 41 36 42 20 43 23 25 39 38 26 21 23 48 18 40 17 21 46 36 24 23 55 38 28 21 33 38 23 14 24 43 21 23 11 27 27 32 40 28 28 12 33 22 17 11 26 11 38 25 19 116 0.08 16 
35 28 480 19 37 41 10 16 25 39 28 10 26 21 15 17 13 15 19 3 18 22 19 2 27 12 36 36 10 18 21 8 24 25 21 12 28 10 24 15 45 34 28 15 25 21 19 14 17 17 18 22 13 8 26 18 23 19 11 22 31 28 10 24 12 27 23 18 15 19 23 30 26 19 38 0.08 16 
36 363 187 162 65 48 56 64 54 56 70 61 53 50 62 58 46 52 48 51 50 55 60 54 42 48 49 62 53 52 54 50 57 57 41 64 57 50 68 64 52 49 70 53 42 57 56 47 56 55 59 59 50 55 51 59 66 54 55 53 45 59 65 56 48 44 64 49 53 56 56 53 57 52 216 0.06 12 
37 8 114 28 12 23 3 17 15 19 25 20 20 13 13 7 23 8 16 13 15 18 16 14 23 19 15 14 14 15 11 7 18 14 7 13 8 13 12 11 17 4 4 16 10 19 12 7 4 15 17 14 10 2 15 15 13 8 14 8 15 11 17 7 15 16 13 0 13 9 10 19 15 20 42 0.04 8 
38 250 352 18 6 15 22 15 16 24 11 31 27 31 17 19 25 20 15 21 27 19 24 20 26 19 7 20 19 27 7 15 11 19 14 15 27 13 18 17 21 21 15 24 11 25 9 8 21 5 6 16 15 25 15 17 27 27 21 31 19 11 19 33 9 7 16 22 28 13 19 18 20 19 36 0.05 10 
39 476 303 32 19 36 39 30 33 26 40 26 37 18 20 35 55 39 30 40 24 23 21 27 28 27 37 28 18 46 32 31 28 31 28 44 19 32 27 26 37 37 38 41 39 30 36 12 22 51 26 33 18 39 15 41 46 26 33 34 32 30 43 26 23 34 48 24 37 39 36 34 31 21 64 0.05 10 
40 461 285 294 97 91 94 102 92 100 93 101 96 93 101 97 101 91 104 95 97 102 95 95 93 92 98 104 99 97 95 101 98 96 101 98 96 104 92 99 100 94 101 103 96 99 94 93 96 101 109 94 94 93 98 91 103 107 99 95 104 99 101 96 94 101 98 104 98 100 99 98 97 97 392 0.05 10 
41 310 198 33 11 12 14 12 8 12 6 12 10 10 11 9 11 7 14 12 10 10 10 8 12 12 8 9 10 9 11 10 12 12 10 13 11 12 7 9 9 9 8 8 9 9 8 9 8 7 11 10 13 14 8 11 11 11 10 8 9 9 12 8 12 8 10 13 11 9 13 14 8 11 44 0.04 8 
42 184 51 108 50 49 54 53 57 55 57 40 50 51 47 43 56 50 54 55 50 53 51 53 53 57 59 60 59 54 51 50 53 52 54 58 51 51 57 55 55 50 58 55 48 47 49 52 53 55 53 58 57 57 59 60 53 55 56 53 54 57 57 61 55 51 48 42 52 48 54 49 58 46 162 0.03 6 
43 439 417 192 73 67 67 47 61 67 63 48 63 47 61 67 64 68 68 62 56 56 60 71 59 60 55 57 65 57 57 59 79 71 52 67 57 57 65 67 62 66 62 65 64 72 57 61 63 59 65 70 50 77 58 66 60 63 61 64 61 55 62 72 60 74 55 76 65 58 70 68 62 64 256 0.07 14 
44 161 383 234 80 70 76 79 79 73 76 84 81 71 80 74 79 85 80 74 74 73 76 79 81 70 75 76 84 75 71 86 70 77 75 87 80 82 76 81 76 82 87 81 66 79 76 76 74 76 70 81 77 75 84 78 84 79 79 70 77 84 76 77 78 76 81 79 78 81 71 80 75 72 312 0.06 12 
45 236 365 35 36 37 30 35 35 52 25 41 36 36 32 28 41 35 32 42 22 40 32 37 22 43 40 29 32 34 35 29 34 29 31 40 28 40 40 37 44 35 29 40 32 25 41 29 30 27 37 45 34 33 21 27 33 26 28 33 49 33 34 30 19 28 36 33 28 29 28 37 30 34 70 0.08 16 
46 41 308 282 88 87 103 85 88 94 120 97 92 77 86 87 100 107 89 98 84 97 91 85 96 85 109 92 103 79 90 102 88 103 93 94 100 99 84 95 104 103 81 98 92 101 111 100 93 90 86 87 98 103 77 98 86 97 92 88 100 101 96 93 95 83 88 85 106 98 105 92 90 91 376 0.04 8 
47 21 202 46 41 44 34 53 48 55 40 48 25 54 70 48 52 49 38 41 30 46 28 43 52 49 51 50 48 52 50 39 45 46 41 32 41 40 31 38 38 43 63 44 52 68 37 41 54 43 41 46 40 38 54 34 39 29 28 61 59 43 53 49 54 53 45 53 37 32 34 50 47 42 92 0.02 4 
48 452 254 57 57 57 56 59 59 55 56 54 53 54 59 53 55 54 62 60 57 52 56 56 55 55 56 57 57 57 54 51 61 50 56 58 54 59 48 53 61 45 55 58 55 57 55 62 63 62 54 58 50 58 60 58 58 55 51 58 58 57 58 56 58 59 58 48 61 59 63 57 57 57 114 0.09 18 
49 411 462 297 79 110 106 93 88 108 101 114 101 108 107 88 112 87 102 95 83 93 103 115 102 101 86 102 97 105 101 94 80 115 100 92 97 91 112 102 91 107 91 93 103 97 91 98 97 89 92 108 95 99 84 104 95 97 96 101 102 97 91 98 114 104 114 89 99 104 69 96 98 107 396 0.04 8 
50 498 14 186 90 94 84 92 99 90 94 92 95 103 85 90 94 91 90 95 91 84 87 89 91 91 94 87 90 92 96 93 95 95 100 91 93 90 96 88 94 88 95 89 93 93 90 97 96 90 89 91 93 96 92 97 87 92 91 85 91 97 102 85 84 95 92 93 87 95 91 94 87 93 279 0.05 10 
51 244 199 18 20 6 12 22 12 9 18 21 16 33 9 12 13 20 14 29 33 0 23 18 15 11 9 26 20 17 18 22 25 29 16 8 18 19 5 21 16 8 14 11 5 35 5 21 19 19 15 15 8 10 27 18 10 22 11 4 19 9 21 12 21 13 9 15 16 27 17 19 15 20 36 0.07 14 
52 176 249 183 60 56 54 62 71 53 65 64 61 53 65 54 53 55 54 55 52 59 63 68 58 65 65 68 64 61 63 63 51 55 59 50 56 60 62 56 63 60 69 58 62 71 65 55 65 57 54 59 58 58 61 61 59 63 67 63 57 63 66 61 56 63 52 64 55 56 54 67 60 58 244 0.02 4 
53 427 215 13 8 10 12 14 15 11 13 13 14 15 13 10 13 9 12 9 16 13 11 8 15 9 15 11 14 12 13 14 12 10 12 14 11 13 18 10 12 10 16 14 14 15 11 11 13 12 11 11 13 14 12 16 14 13 11 16 12 10 10 12 14 11 14 14 13 13 16 15 11 12 26 0.09 18 
54 200 38 216 70 70 71 72 73 72 75 69 72 74 68 70 67 70 76 71 73 74 71 70 72 69 74 70 75 69 71 73 70 71 71 70 72 68 71 71 74 72 71 71 74 69 74 69 71 72 71 70 71 73 71 73 72 74 74 71 68 71 72 75 69 70 70 71 69 69 71 70 71 69 288 0.09 18 
55 103 422 117 44 20 34 55 32 50 28 47 35 21 32 43 34 33 36 43 40 44 32 47 55 29 35 44 54 38 32 28 34 35 44 25 32 21 43 27 30 29 49 46 33 24 37 30 41 35 43 52 40 42 46 52 25 57 26 46 39 43 26 43 51 25 38 45 38 41 43 39 31 40 156 0.06 12 
56 463 22 261 84 92 97 73 93 82 77 80 94 103 92 82 91 76 82 96 88 90 72 91 89 95 90 74 90 83 95 87 90 87 97 82 105 95 84 87 85 83 80 89 95 90 83 90 93 91 86 89 85 78 102 86 91 93 72 70 89 86 73 80 90 84 88 94 86 91 99 95 82 89 348 0.02 4 
57 187 449 98 112 87 109 86 105 100 101 93 92 102 96 93 100 92 94 102 97 108 97 98 119 90 108 98 94 104 100 82 97 95 92 96 97 90 94 105 108 100 87 98 74 96 113 90 90 104 102 96 106 94 97 92 107 95 100 101 93 113 76 94 83 88 99 93 94 112 111 113 94 95 196 0.06 12 
58 424 157 194 81 91 89 82 87 94 90 93 102 89 98 104 95 97 100 115 105 97 104 96 95 75 99 97 101 97 105 104 84 82 99 109 101 105 112 97 102 92 93 87 86 92 90 95 89 108 103 94 112 85 106 92 87 98 100 88 97 78 79 87 92 98 104 104 101 106 101 105 89 95 291 0.03 6 
59 25 14 28 3 11 13 7 9 20 8 18 19 23 15 16 9 29 16 13 10 19 26 35 13 15 11 20 14 11 16 12 19 12 15 13 16 17 22 14 17 18 17 13 7 6 18 14 5 6 4 20 13 12 14 22 4 11 9 15 14 15 16 24 1 11 9 25 16 13 19 21 18 17 42 0.09 18 
60 413 472 38 43 38 32 37 37 42 37 43 33 36 44 37 41 38 42 39 35 42 40 35 38 41 41 37 39 40 27 40 48 36 39 37 33 30 35 38 38 36 45 22 41 38 35 34 33 37 40 33 34 34 34 27 41 33 33 28 30 33 33 43 41 38 44 31 29 38 32 35 35 34 76 0.04 8 
61 271 307 150 50 49 55 49 49 48 50 49 50 54 48 47 48 51 45 53 49 53 48 51 53 44 45 54 51 44 51 48 42 44 44 48 49 47 41 43 46 53 53 48 53 50 54 50 47 53 51 54 50 50 47 50 50 49 48 50 49 47 49 44 45 52 50 51 49 54 49 55 52 49 200 0.04 8 
62 125 221 24 6 12 6 15 8 12 18 18 17 5 12 13 15 0 0 4 15 18 12 11 3 13 21 8 11 8 13 8 11 19 13 12 11 8 11 14 19 7 21 12 17 14 7 12 21 15 2 10 19 8 8 8 12 11 17 7 6 16 18 4 0 17 14 14 11 7 18 16 10 8 36 0.07 14 
63 263 183 158 79 73 83 79 73 84 75 78 87 77 84 72 67 74 79 72 75 79 79 75 75 79 84 73 83 89 90 84 79 77 82 72 75 79 84 83 77 86 76 74 75 73 74 80 85 79 79 77 79 88 85 81 70 80 75 80 79 75 75 72 85 84 74 79 80 83 78 84 80 79 237 0.09 18 
64 145 395 32 15 14 14 15 17 18 20 16 14 15 14 13 19 17 17 14 15 14 14 19 14 16 15 16 18 13 13 13 16 16 14 15 18 18 17 13 18 15 16 16 14 17 16 17 14 14 11 17 12 15 15 16 13 15 14 16 13 12 14 14 16 12 16 15 18 19 11 15 12 16 48 0.06 12 
65 180 78 132 46 32 43 49 44 44 42 44 38 49 33 52 47 52 44 45 42 49 42 36 54 42 43 36 48 46 41 50 36 45 55 48 45 54 44 45 34 49 51 39 62 36 38 36 40 44 35 62 35 51 43 50 45 50 58 31 39 42 56 51 55 33 51 50 49 39 38 41 46 46 176 0.02 4 
66 114 211 14 24 4 19 8 20 17 17 24 26 20 0 34 19 14 14 22 8 30 11 17 17 11 23 23 11 17 13 16 14 9 9 13 15 17 12 0 8 10 5 6 20 13 10 16 24 17 2 8 12 21 16 2 19 1 16 11 1 13 19 9 28 13 14 18 10 5 2 13 2 15 28 0.04 8 
67 452 137 21 23 25 26 14 20 27 17 24 26 29 16 16 25 26 21 23 19 13 31 18 21 22 29 25 22 29 3 24 16 19 19 24 13 23 22 23 20 13 25 25 18 19 19 30 21 21 20 7 26 29 22 23 11 24 18 17 31 28 18 24 14 26 22 18 25 11 21 22 25 22 42 0.03 6 
68 371 201 78 39 40 39 39 37 37 37 36 40 36 39 37 36 36 40 37 36 37 38 42 37 38 38 39 38 35 38 41 38 42 39 37 42 40 43 36 39 38 40 40 40 39 39 41 38 38 38 38 40 36 37 36 42 35 40 40 39 40 38 37 38 36 40 39 37 40 38 38 38 37 117 0.03 6 
69 31 192 67 48 74 61 65 77 60 51 62 69 72 78 72 64 75 70 86 68 83 73 59 61 59 59 64 69 69 57 47 50 77 94 75 87 82 68 76 68 71 56 84 54 65 74 54 53 89 74 72 56 65 64 58 76 72 52 70 69 78 70 74 61 51 47 64 55 63 74 74 42 44 134 0.02 4 
70 36 304 61 62 66 63 63 64 61 62 66 58 61 59 57 62 58 62 58 64 60 57 61 56 62 55 59 62 64 61 60 61 59 60 63 64 61 64 57 67 60 63 61 58 55 55 64 59 68 67 59 59 60 61 64 64 64 60 63 61 60 54 55 66 55 64 60 62 66 53 63 58 62 122 0.09 18 
71 214 354 192 60 65 63 65 63 67 61 65 63 60 61 60 61 64 61 62 63 65 66 65 62 64 65 65 66 64 61 68 63 63 63 65 65 65 65 64 63 61 61 60 64 63 61 64 58 62 63 62 60 63 64 65 63 69 61 63 62 66 64 66 61 68 61 64 67 66 63 65 61 62 256 0.09 18 
72 151 239 122 59 60 66 57 53 67 59 70 58 66 60 59 60 54 67 59 56 63 62 58 57 55 67 60 59 64 61 54 60 64 62 55 62 63 72 60 67 61 61 59 59 56 58 65 60 66 65 58 64 56 60 58 53 63 58 66 67 65 58 62 56 62 56 62 62 57 57 54 64 60 183 0.02 4 
73 421 275 156 50 40 59 60 48 56 52 53 41 47 51 56 52 48 35 52 55 54 57 45 60 48 47 49 55 51 45 53 55 44 47 58 53 55 54 42 41 47 60 51 48 53 47 47 53 67 54 50 54 60 53 46 47 39 46 51 51 49 55 47 45 62 68 57 54 50 44 54 41 43 208 0.05 10 
74 353 364 150 74 74 72 75 73 74 79 75 77 75 67 73 75 77 76 74 76 73 71 72 70 76 72 72 70 72 77 73 75 81 74 77 81 71 78 79 72 78 73 75 69 70 73 70 74 71 68 77 70 73 76 69 72 75 67 75 71 73 73 74 75 76 75 73 72 68 73 80 74 75 225 0.05 10 
75 188 229 72 17 24 26 26 32 16 34 24 16 20 13 25 9 32 25 31 24 21 25 34 19 38 33 22 19 20 40 17 17 29 36 28 20 17 29 19 23 18 24 27 22 25 11 27 18 22 25 14 14 24 13 17 15 27 11 25 31 25 31 21 26 17 24 15 23 21 21 16 32 14 96 0.06 12 
76 391 91 67 71 64 64 66 61 63 64 70 59 66 59 70 64 65 67 69 63 65 73 62 66 74 63 69 66 67 60 70 71 67 64 64 69 69 70 75 65 61 63 68 70 60 68 68 62 62 66 68 66 61 63 72 68 69 64 63 68 70 67 73 70 64 69 61 61 66 64 71 66 61 134 0.04 8 
77 207 494 93 27 27 27 41 23 20 35 28 30 33 30 27 35 34 36 28 24 16 38 37 30 46 26 14 23 34 41 28 27 35 43 33 27 44 34 39 42 23 24 28 29 37 25 39 38 30 33 32 21 17 35 50 26 39 38 26 35 34 30 34 39 38 28 31 28 23 18 27 26 30 124 0.04 8 
78 66 373 152 73 70 79 78 87 71 68 77 92 74 75 69 66 82 78 72 82 75 75 87 75 83 94 70 73 73 75 83 72 70 76 72 74 74 79 79 71 77 65 65 71 77 80 63 76 80 78 84 78 74 66 71 65 75 64 80 68 69 68 87 66 70 74 79 83 76 79 77 93 81 228 0.05 10 
79 190 180 70 28 39 35 36 28 31 36 36 36 38 39 31 34 33 37 37 31 28 37 33 39 44 46 29 43 30 46 33 33 39 39 43 36 39 39 33 28 41 35 37 38 32 27 24 33 37 42 28 40 31 35 35 43 31 38 29 32 40 38 25 38 42 26 29 35 33 29 29 36 39 105 0.08 16 
80 114 464 126 65 52 62 65 56 56 66 75 48 70 70 80 54 57 80 57 75 59 65 55 57 51 58 65 53 65 68 56 68 58 57 65 52 77 66 53 66 68 58 66 71 69 55 64 73 51 63 45 56 56 36 60 55 48 75 78 62 72 54 55 58 53 67 67 68 66 55 56 53 84 189 0.09 18 
81 418 495 33 11 11 7 7 8 7 12 12 13 4 8 13 12 4 10 13 15 14 10 7 10 11 13 11 15 13 10 14 10 7 8 8 20 8 9 9 6 5 8 15 9 10 7 6 11 18 12 17 8 9 7 8 11 8 9 14 10 11 11 8 5 11 2 8 11 12 10 10 12 12 44 0.09 18 
82 284 94 136 69 67 70 65 66 69 68 69 70 66 67 69 67 65 68 70 67 66 67 69 67 67 70 67 68 64 67 68 70 69 66 68 69 70 68 66 66 68 67 67 68 70 66 69 67 69 65 68 65 62 69 72 65 68 71 64 63 67 69 67 66 67 68 63 67 72 64 68 63 70 204 0.03 6 
83 38 439 22 17 25 17 15 5 33 30 23 11 14 28 20 26 11 9 27 22 11 24 21 29 23 22 27 20 24 21 18 37 26 33 19 20 21 19 25 24 28 15 17 31 27 25 27 34 19 4 34 22 13 18 27 22 31 29 10 17 5 29 11 23 28 39 32 22 20 30 19 24 0 44 0.07 14 
84 418 272 46 26 17 21 33 17 14 29 28 27 15 10 15 29 20 18 18 12 27 27 20 11 22 28 18 25 19 14 23 23 16 23 32 20 14 23 18 28 6 13 5 11 13 25 15 23 22 22 14 25 17 33 20 21 22 19 14 23 29 35 26 26 19 34 16 20 17 11 13 16 13 69 0.07 14 
85 364 68 76 30 34 34 43 34 30 35 45 35 29 46 41 38 45 40 39 41 42 40 29 40 31 41 37 38 33 35 30 32 34 40 40 37 34 40 34 30 46 33 29 42 41 44 32 33 40 43 44 40 40 33 35 41 35 45 44 32 41 31 38 35 34 37 45 27 36 38 37 43 35 114 0.07 14 
86 479 263 144 58 49 60 50 39 57 43 58 59 51 34 35 49 54 46 35 39 66 38 27 40 47 31 58 43 48 53 45 59 36 39 47 45 36 31 45 48 43 45 54 51 62 51 51 38 53 57 69 47 66 43 57 49 56 51 44 45 48 36 43 43 49 63 45 40 51 44 38 46 62 192 0.05 10 
87 476 335 136 72 67 83 104 70 60 70 58 76 60 68 55 68 60 68 83 58 53 84 70 63 61 62 59 55 58 61 67 75 65 70 83 76 79 68 67 76 78 66 50 64 65 56 65 68 76 66 74 70 54 70 70 76 74 52 61 53 77 73 82 66 64 73 62 68 65 68 67 62 60 204 0.03 6 
88 280 86 66 32 35 30 35 33 32 32 29 31 32 33 29 33 34 33 31 34 31 30 34 33 31 32 36 33 31 34 31 30 32 34 30 33 30 31 33 30 33 31 31 36 32 30 31 34 33 31 30 32 32 34 31 29 34 31 29 28 34 37 32 34 32 31 36 31 35 31 34 34 29 99 0.09 18 
89 109 473 114 32 30 47 47 38 43 35 32 39 32 32 33 29 33 36 39 33 39 34 39 31 35 32 42 34 40 42 36 34 29 30 45 39 30 39 28 33 41 36 36 39 39 46 44 44 36 30 43 47 41 30 39 41 43 40 36 24 39 34 38 41 40 47 36 43 39 30 38 31 41 152 0.09 18 
90 416 167 60 77 65 63 58 53 62 60 68 63 59 51 62 60 59 65 58 65 58 56 61 54 55 76 51 64 55 64 49 66 76 54 56 54 54 64 54 54 66 65 67 70 60 70 63 69 57 72 48 58 71 67 56 66 68 60 59 54 77 57 47 61 67 67 55 58 66 61 65 61 54 120 0.04 8 
91 371 363 172 88 91 85 86 83 85 89 88 90 85 89 88 88 86 86 82 87 87 83 89 87 83 87 83 85 84 85 80 89 88 85 84 93 85 80 82 81 87 89 86 86 87 87 84 87 81 84 86 85 85 81 85 85 84 85 88 80 80 86 80 84 85 89 85 83 87 87 83 88 85 258 0.02 4 
92 47 16 126 63 57 59 58 75 55 63 59 61 57 65 81 61 67 51 54 59 59 68 65 59 68 54 74 56 61 57 65 47 55 66 67 67 60 66 59 57 60 76 60 65 65 57 55 71 57 49 61 67 50 59 66 67 62 57 71 63 72 54 67 71 73 65 59 63 55 69 63 67 56 189 0.02 4 
93 312 436 79 78 82 82 76 82 81 75 89 84 87 80 71 77 84 87 80 81 79 75 81 79 86 77 85 79 86 70 74 84 79 78 88 74 83 77 76 78 78 77 85 76 73 86 82 78 69 72 79 75 78 69 76 72 84 73 85 76 77 76 74 69 75 89 63 79 77 78 73 87 81 158 0.05 10 
94 224 282 78 75 77 71 88 85 81 86 73 73 81 68 87 68 74 79 82 73 76 75 91 63 69 83 79 75 65 65 76 71 91 76 78 82 87 74 79 84 73 79 70 75 80 74 79 70 78 81 78 81 82 74 84 89 77 95 81 81 80 71 79 82 68 81 97 93 87 80 73 72 84 156 0.06 12 
95 47 244 42 48 32 41 42 41 42 50 28 42 45 37 43 38 32 56 40 43 52 44 34 42 32 32 43 48 49 42 40 37 36 36 43 44 39 43 29 30 37 35 36 43 47 34 38 32 38 33 41 56 48 42 49 39 29 53 41 41 41 40 41 39 48 43 48 52 42 42 49 61 36 84 0.06 12 
96 282 117 285 83 107 91 90 105 95 98 85 112 95 94 90 84 96 113 84 75 104 111 106 110 85 79 94 107 95 93 110 80 86 116 83 93 84 84 95 90 90 99 108 90 79 90 96 100 92 93 85 87 101 99 102 82 98 86 87 87 89 103 99 87 80 110 96 105 96 101 91 94 105 380 0.03 6 
97 90 178 70 78 69 65 61 77 72 66 77 77 56 72 66 80 71 77 64 71 74 77 61 74 69 73 83 67 57 78 72 71 67 76 68 58 70 75 68 70 65 61 68 73 63 57 74 68 82 65 83 72 73 65 69 71 80 71 77 63 76 83 75 76 64 75 68 72 73 54 69 75 58 140 0.07 14 
98 389 154 184 103 71 106 95 104 94 90 97 90 100 89 86 86 82 94 87 91 103 93 85 92 81 94 94 92 78 94 88 88 96 89 87 107 80 95 95 91 99 84 91 104 101 103 91 97 109 97 99 87 85 106 86 102 87 91 91 88 86 89 85 89 86 106 87 107 92 86 84 93 86 276 0.02 4 
99 278 84 75 17 14 20 25 30 18 24 26 20 19 20 41 11 30 34 27 17 32 22 32 23 34 26 25 29 21 39 24 6 19 16 25 18 17 26 33 32 11 31 30 38 27 27 16 28 24 29 19 20 19 36 30 26 22 27 22 26 20 23 17 28 19 20 23 23 19 27 28 20 28 100 0.05 10 
100 114 439 255 76 81 81 77 78 90 73 83 87 87 77 75 90 94 83 78 87 81 85 85 88 75 73 90 82 83 92 83 89 85 86 81 73 88 75 93 83 90 80 74 77 80 82 80 101 86 92 78 74 74 93 83 92 89 91 90 76 85 86 87 92 83 86 82 85 92 99 89 90 86 340 0.06 12 
101 197 255 68 41 37 26 41 18 32 23 32 32 26 39 42 40 27 37 19 27 22 33 42 26 42 38 26 25 40 44 35 36 31 41 39 39 30 35 43 28 42 42 42 40 27 30 45 25 29 18 40 28 39 36 35 27 35 28 42 36 23 34 38 29 39 28 33 23 20 30 44 32 42 102 0.08 16 
102 275 359 54 13 13 21 18 20 5 12 39 16 6 23 37 11 5 26 8 21 0 28 15 15 8 14 17 25 18 7 38 19 20 18 15 34 23 17 8 39 31 21 27 25 12 18 18 9 24 11 22 19 0 35 26 14 15 12 13 19 27 10 19 11 32 19 5 10 18 25 25 19 15 72 0.06 12 
103 156 302 79 86 80 83 76 68 83 88 84 76 75 73 80 82 73 81 81 69 85 76 82 82 71 79 78 73 93 64 83 78 72 88 86 79 74 81 70 81 78 73 78 76 74 76 88 84 76 81 83 84 72 74 73 95 83 74 80 79 69 69 84 83 76 74 77 84 68 76 88 75 73 158 0.06 12 
104 156 257 31 30 26 34 31 34 31 32 32 30 28 30 30 31 31 29 31 27 35 30 36 27 28 33 33 31 32 30 26 27 25 32 32 31 27 33 27 24 30 32 34 27 30 37 29 35 30 30 28 27 33 29 31 30 30 31 31 29 29 27 30 29 32 23 34 24 30 27 28 25 31 62 0.04 8 
105 235 426 42 38 30 50 43 43 37 35 38 48 27 49 31 48 33 28 43 43 45 49 42 38 23 43 45 31 44 57 40 29 48 42 36 57 42 34 44 53 46 43 36 44 34 43 48 42 31 29 43 40 41 34 42 37 56 44 46 43 27 43 44 38 54 44 45 25 34 40 44 47 50 84 0.03 6 
106 495 211 100 100 100 105 102 104 91 100 94 104 100 107 108 116 98 108 95 101 102 96 99 97 96 102 91 100 108 98 92 92 100 101 99 99 101 96 96 92 96 105 102 98 97 95 103 93 96 99 98 95 106 98 104 98 98 86 102 96 98 106 96 104 95 90 93 110 103 95 96 91 100 200 0.05 10 
107 179 340 13 5 17 23 3 29 24 9 14 8 10 6 21 4 7 9 13 9 0 29 10 8 0 18 14 7 0 19 18 28 10 4 1 19 8 8 4 22 15 1 10 12 9 16 8 5 13 18 29 13 5 27 17 16 13 0 6 18 0 23 6 12 5 4 11 22 11 8 36 18 6 26 0.06 12 
108 431 74 90 15 26 42 52 26 26 32 54 16 12 35 16 42 42 30 40 42 24 36 39 18 36 42 38 35 21 32 33 45 26 26 28 32 31 36 32 28 31 53 29 36 5 35 21 15 29 13 19 29 35 18 37 29 19 34 41 12 20 34 26 20 42 27 33 15 31 33 36 37 17 120 0.06 12 
109 207 439 29 29 20 27 33 41 49 32 27 34 44 11 24 36 16 37 28 22 17 25 34 11 28 13 10 36 49 24 26 48 36 22 18 30 28 41 31 15 22 25 26 27 15 33 18 36 25 29 23 28 21 32 26 26 27 32 29 15 32 31 25 14 31 31 33 36 36 24 31 49 16 58 0.08 16 
110 68 410 11 2 6 1 5 11 22 11 20 8 6 5 19 7 0 18 13 10 12 1 18 8 31 0 12 13 3 8 8 12 10 15 5 6 14 1 6 0 6 11 11 10 9 8 14 1 8 8 7 11 13 7 9 9 22 8 7 3 5 12 17 21 14 6 9 0 9 5 1 21 1 22 0.07 14 
111 40 42 60 22 18 30 17 19 15 13 20 2 25 22 14 12 15 21 9 9 18 24 7 10 22 24 0 38 28 10 25 22 12 8 14 36 18 20 12 10 4 32 0 27 18 8 24 20 21 5 20 35 22 20 15 7 17 22 19 8 13 1 24 21 10 28 18 16 30 9 29 11 9 80 0.07 14 
112 75 113 57 62 52 60 68 62 64 56 72 48 64 52 52 49 52 50 61 61 58 48 51 55 54 49 58 38 46 51 42 54 51 55 67 59 61 54 49 57 46 67 58 59 40 68 63 60 57 65 62 61 66 49 44 71 62 53 56 51 55 66 60 63 57 62 56 51 63 63 51 62 57 114 0.09 18 
113 222 225 258 92 86 90 75 97 90 90 77 74 96 85 88 80 90 102 86 80 87 76 76 107 83 70 81 69 79 70 82 76 90 97 87 85 81 72 101 90 89 106 90 79 88 77 85 91 90 78 100 75 88 83 72 73 91 92 97 73 78 70 87 99 76 79 89 95 96 80 96 92 83 344 0.05 10 
114 403 29 156 73 87 78 89 78 70 78 70 80 82 66 79 80 63 82 77 64 89 88 81 72 72 90 86 77 65 77 80 87 77 75 57 73 82 84 62 73 79 83 70 79 76 72 79 81 82 66 77 66 89 75 80 83 74 72 84 90 69 75 77 62 81 92 72 77 80 82 78 72 74 234 0.02 4 
115 30 328 168 56 49 53 52 47 59 60 60 57 54 50 64 54 53 59 58 51 55 61 53 54 51 59 54 59 56 64 56 60 53 48 54 60 66 53 61 57 57 56 51 57 52 52 60 52 53 51 57 54 55 55 55 56 58 49 55 55 61 53 52 62 56 59 57 58 57 59 60 50 45 224 0.05 10 
116 294 270 183 69 54 65 60 62 61 57 57 56 73 59 63 50 50 66 60 70 59 69 60 56 59 56 62 65 59 67 56 64 70 67 63 60 67 62 60 53 68 59 66 57 58 51 53 54 65 61 60 61 50 58 58 60 63 55 77 54 58 61 60 55 53 63 55 63 47 57 67 58 56 244 0.09 18 
117 97 451 46 15 25 19 24 28 24 34 26 33 21 31 28 30 23 12 24 20 17 21 26 38 18 11 19 16 25 25 3 30 15 22 15 16 24 18 15 32 27 28 22 25 18 23 22 17 23 14 19 18 10 35 16 25 16 25 31 19 5 24 10 22 18 22 18 16 19 26 17 24 27 69 0.04 8 
118 159 29 188 106 91 108 92 86 87 88 96 101 96 95 97 92 86 85 91 89 98 105 87 90 97 90 94 95 91 101 102 80 99 90 102 88 97 86 100 92 98 88 97 100 106 99 87 92 93 92 101 96 83 90 86 100 87 97 92 92 88 100 83 98 87 96 84 94 92 96 98 90 101 282 0.02 4 
119 279 197 72 39 23 10 28 37 1 20 15 34 25 15 18 7 19 15 11 17 24 39 30 41 24 22 25 36 28 30 32 30 29 26 35 28 30 27 11 29 37 24 9 31 33 14 9 27 17 56 17 34 10 40 32 21 34 13 30 31 31 30 30 33 24 24 27 11 13 38 19 18 13 96 0.09 18 
120 452 382 79 87 77 84 81 76 69 67 71 80 75 81 84 81 73 79 84 74 79 78 79 79 79 84 73 88 76 81 80 77 73 73 80 79 74 80 67 73 85 80 86 76 77 74 75 79 75 67 78 83 75 79 81 76 76 80 78 73 75 73 83 89 80 86 85 78 76 87 72 80 80 158 0.07 14 
121 218 72 84 42 39 42 47 42 32 29 42 52 43 43 50 45 38 35 41 40 46 44 37 39 39 46 41 43 38 35 42 43 38 45 37 34 36 40 40 46 35 47 34 43 38 34 53 42 45 45 45 39 42 36 45 36 44 39 45 44 43 44 35 41 45 43 40 44 44 50 44 43 44 126 0.03 6 
122 492 228 73 73 63 68 81 66 71 71 72 68 75 76 71 78 65 69 76 72 82 73 73 79 70 76 66 62 76 66 66 74 74 69 77 68 78 74 76 73 78 76 73 68 76 71 72 73 70 68 77 74 67 70 70 74 80 75 77 68 68 78 75 82 64 72 77 69 76 73 66 68 76 146 0.04 8 
123 206 460 38 14 19 19 15 12 17 21 19 15 12 16 24 19 18 22 17 17 13 8 22 19 18 13 16 19 21 15 20 17 17 23 14 21 18 25 18 18 24 19 21 15 15 21 17 16 21 18 12 22 20 16 19 22 22 10 21 18 23 19 15 18 21 11 24 20 23 17 16 16 13 57 0.08 16 
124 218 306 72 50 54 29 33 36 38 44 32 15 50 37 31 32 46 18 40 46 20 59 51 42 40 34 32 63 44 26 40 35 47 43 30 32 29 25 35 59 48 30 37 52 27 30 37 27 49 35 33 44 23 32 41 31 53 46 42 49 41 41 19 40 36 41 14 45 54 39 42 43 44 108 0.05 10 
125 417 317 166 82 79 92 83 75 84 80 80 79 80 84 78 83 81 84 80 80 79 79 85 84 84 84 81 77 88 86 85 80 88 85 84 86 84 79 85 85 82 83 83 76 83 88 84 83 75 84 82 83 81 82 82 88 85 83 78 80 81 78 83 89 79 81 81 85 80 80 78 84 82 249 0.05 10 
126 380 385 21 14 9 32 19 38 19 26 26 16 14 12 42 18 11 21 37 32 26 8 24 6 17 23 17 15 22 5 3 15 24 33 15 17 17 8 21 5 19 20 27 15 19 25 25 30 23 13 18 5 21 4 8 38 26 24 18 8 9 20 18 8 17 17 19 26 22 19 16 8 24 42 0.03 6 
127 364 275 48 26 22 19 20 51 20 24 25 20 27 28 24 17 32 32 15 46 23 14 26 25 22 16 27 19 13 22 24 9 36 39 43 37 22 29 12 8 24 28 21 14 25 22 21 29 12 15 12 22 26 28 32 18 11 20 34 2 33 28 10 23 33 22 16 19 3 20 25 9 16 72 0.04 8 
128 341 334 54 27 29 25 26 28 26 29 26 26 29 26 27 28 27 25 28 25 26 27 25 21 24 27 26 27 30 29 25 27 22 26 26 25 24 27 31 28 26 25 29 27 29 27 25 26 30 25 32 30 26 24 28 26 26 22 29 25 26 24 28 25 27 24 29 28 28 26 25 26 29 81 0.08 16 
129 481 128 186 84 90 101 98 85 92 99 91 95 95 93 93 96 95 93 87 90 100 86 86 96 97 99 98 93 86 97 95 94 92 98 82 93 97 93 88 95 90 91 100 95 104 88 90 92 97 98 89 99 88 94 94 91 92 88 89 91 93 91 98 94 92 88 94 99 85 85 86 96 93 279 0.04 8 
130 196 90 150 78 78 77 69 78 68 73 72 74 74 73 74 75 79 79 76 79 76 71 75 76 76 79 80 82 72 73 86 73 66 71 79 73 75 75 86 73 76 76 72 69 79 80 80 75 78 68 70 79 76 84 74 73 71 64 78 81 73 80 77 77 73 80 74 72 72 75 79 80 73 225 0.03 6 
131 486 462 134 66 67 73 70 67 68 68 65 68 64 62 69 66 73 59 64 62 72 71 71 61 67 66 54 69 65 65 71 69 65 60 64 65 66 67 69 60 64 64 70 69 61 66 68 67 66 68 65 66 64 64 71 65 65 66 65 67 66 68 70 66 64 69 74 64 71 69 65 64 64 201 0.05 10 
132 273 120 164 89 75 81 68 70 89 85 92 94 81 96 75 90 86 72 81 74 81 79 86 87 83 81 89 71 72 95 79 83 90 90 79 64 84 82 81 76 69 85 60 88 77 90 101 94 95 75 80 69 80 95 81 77 65 82 81 88 85 74 90 80 90 79 93 80 87 67 75 74 96 246 0.05 10 
133 190 437 234 55 67 74 65 86 76 72 94 97 68 82 82 94 60 70 77 82 63 82 68 84 94 73 79 85 69 67 82 100 68 80 77 58 86 84 68 74 64 78 79 80 53 81 81 77 68 70 80 74 88 73 62 75 71 62 90 65 78 81 73 61 71 64 76 67 75 84 77 77 78 312 0.09 18 
134 441 125 177 53 58 61 53 56 59 55 64 55 53 52 66 60 62 64 55 59 58 53 60 55 64 68 57 61 58 60 65 64 62 60 54 56 57 58 58 63 56 60 57 55 64 59 55 57 63 62 58 59 63 61 58 59 58 53 58 56 58 54 59 59 58 60 55 56 54 59 56 53 62 236 0.03 6 
135 20 320 170 82 84 88 83 83 83 82 82 86 84 83 83 83 83 83 81 84 83 87 88 86 85 85 89 83 81 86 86 83 87 84 84 85 82 85 81 80 88 86 87 85 85 86 85 86 84 83 85 81 85 84 83 84 79 84 85 85 89 89 84 83 84 81 88 84 83 86 79 85 84 255 0.02 4 
136 198 438 70 77 72 66 76 53 83 66 74 87 62 77 72 55 79 63 83 58 63 74 66 60 65 69 69 65 60 82 57 62 73 65 83 73 69 71 55 60 75 57 70 76 57 70 72 65 86 65 78 66 91 51 69 68 65 64 33 69 82 68 73 78 74 73 72 65 63 66 62 81 60 140 0.02 4 
137 99 17 164 75 83 81 91 88 76 88 78 82 80 82 81 88 83 77 85 79 81 84 80 76 87 88 82 86 84 81 73 83 81 83 81 76 77 84 82 86 87 76 78 72 87 82 80 83 84 80 86 82 86 82 83 75 90 79 84 80 79 78 80 77 77 81 83 84 80 73 76 79 77 246 0.05 10 
138 51 185 88 58 41 18 36 42 57 43 33 21 38 38 59 51 48 37 56 32 50 47 46 47 51 33 44 33 48 53 47 61 47 44 49 52 71 46 45 42 55 43 20 59 37 62 42 30 48 39 49 50 43 31 56 72 62 61 47 49 46 26 59 56 47 56 35 59 52 26 59 43 41 132 0.09 18 
139 402 329 74 77 77 78 71 75 75 70 71 68 77 83 69 69 77 75 74 73 79 75 65 66 74 79 79 80 89 76 70 80 67 84 75 74 78 70 68 77 50 70 77 79 72 71 70 68 66 61 74 74 73 60 70 77 66 70 72 67 69 80 95 84 74 68 80 66 65 63 74 79 77 148 0.06 12 
140 438 381 89 85 85 84 87 86 88 91 83 83 88 86 89 85 95 90 90 88 86 86 93 87 79 87 90 85 92 89 81 87 89 89 88 82 90 84 87 93 90 88 77 88 85 87 85 84 94 90 83 85 85 83 88 89 87 90 88 88 90 92 87 88 93 85 90 89 88 85 90 92 89 178 0.02 4 
141 359 272 79 83 74 68 70 62 80 86 87 84 79 88 77 78 80 71 72 92 97 62 83 66 74 75 91 95 89 83 84 71 87 61 80 83 70 75 88 79 60 78 85 83 73 76 76 58 89 80 71 90 85 84 64 91 82 84 88 76 76 82 89 87 74 92 56 82 69 73 87 69 59 158 0.05 10 
142 313 436 46 46 38 47 54 55 44 43 40 43 41 43 57 49 47 39 49 55 43 39 49 38 48 42 46 52 38 43 46 53 42 55 52 50 41 45 46 49 46 44 45 44 48 49 47 47 47 46 53 44 38 47 40 49 59 53 39 49 40 35 55 48 46 43 32 46 39 45 43 28 46 92 0.06 12 
143 60 284 42 25 41 41 46 44 56 39 45 43 39 51 39 39 39 52 35 41 43 40 36 44 39 39 52 40 39 45 37 43 32 31 30 40 32 45 45 37 44 41 45 41 28 50 37 38 42 34 38 42 43 42 40 45 31 31 38 50 48 40 42 46 40 43 51 41 31 32 45 32 39 84 0.02 4 
144 156 50 34 27 30 29 32 33 24 34 32 31 38 35 28 34 41 28 40 43 32 32 24 36 49 40 32 36 23 33 23 29 28 34 36 27 38 16 47 32 28 28 32 36 31 32 26 43 33 48 39 39 28 36 26 34 33 21 25 37 41 31 34 33 29 32 20 27 31 35 49 27 31 68 0.02 4 
145 110 33 92 99 86 98 100 93 92 94 85 91 99 97 89 95 88 99 96 88 90 95 104 79 99 94 88 86 86 99 96 90 95 97 90 91 83 93 85 98 93 95 90 98 94 91 90 92 92 95 89 96 93 87 88 85 93 87 90 98 88 89 91 94 85 97 94 91 91 94 95 91 99 184 0.02 4 
146 471 339 34 35 29 41 35 46 49 29 41 27 24 28 41 25 40 39 28 30 18 43 28 38 23 28 31 38 38 43 25 38 25 32 42 38 32 40 42 20 24 58 36 24 30 25 25 22 25 51 28 30 38 27 22 49 36 26 26 38 32 48 34 30 35 47 30 30 39 43 25 45 32 68 0.06 12 
147 217 189 89 93 88 88 88 90 87 89 89 85 90 90 86 86 90 89 90 90 88 90 86 89 90 90 92 94 86 88 89 86 89 87 90 88 89 85 90 91 92 86 87 90 93 90 92 90 87 91 87 89 89 89 91 90 87 89 89 85 89 90 87 91 92 87 89 87 90 86 88 90 89 178 0.05 10 
148 321 196 111 40 38 32 34 35 30 38 31 36 34 37 34 37 42 38 43 39 40 36 39 32 36 28 35 42 39 38 40 37 41 40 36 31 41 38 35 32 41 33 42 38 34 32 39 43 31 34 39 38 35 41 34 40 41 36 44 31 42 36 31 37 36 40 41 38 35 42 31 33 28 148 0.08 16 
149 378 315 261 79 87 81 77 107 84 92 96 102 75 91 82 83 68 80 92 101 85 84 95 89 75 88 91 91 90 101 84 92 76 84 85 85 83 87 83 83 89 80 89 91 95 86 87 82 86 89 81 77 88 104 89 85 98 83 88 79 86 92 71 81 83 85 90 77 99 79 86 100 86 348 0.07 14 
150 263 11 16 15 13 25 17 7 5 8 16 9 13 19 8 21 4 10 17 21 21 26 27 7 25 8 14 12 19 23 11 23 6 15 6 8 16 13 18 10 13 9 12 16 14 7 11 18 21 12 24 21 9 18 14 16 21 15 11 22 20 14 20 14 5 22 22 12 12 21 15 20 15 32 0.05 10 
151 307 329 44 38 31 36 35 41 39 40 30 42 40 43 34 40 51 43 48 38 42 42 36 49 45 44 47 46 48 50 50 49 41 43 43 46 50 41 28 40 42 30 38 50 45 50 32 49 37 50 46 41 51 52 36 44 44 46 42 44 50 56 39 48 43 46 50 44 40 40 51 37 52 88 0.04 8 
152 422 332 190 104 109 87 86 82 97 89 101 93 89 89 92 96 89 89 94 92 94 98 108 87 99 98 88 92 79 94 92 93 93 100 92 102 85 91 88 89 94 103 78 96 91 96 88 91 104 93 99 99 95 94 91 102 98 91 101 103 90 96 89 94 104 96 98 85 91 97 96 93 105 285 0.02 4 
153 318 347 234 78 81 75 80 82 80 82 76 83 75 79 72 76 83 78 76 78 72 78 79 81 80 82 82 79 81 77 77 79 80 79 85 73 80 84 80 81 75 87 77 71 82 72 81 74 82 79 73 72 82 76 84 77 79 78 85 75 84 78 75 73 75 73 74 84 80 74 82 70 68 312 0.06 12 
154 489 433 190 97 97 99 95 98 100 94 93 93 96 94 97 99 96 92 95 87 87 96 96 95 95 95 98 90 98 101 94 98 96 92 93 94 90 97 98 93 94 97 94 93 98 100 89 96 95 89 96 96 87 91 97 91 100 98 97 91 96 87 101 93 94 94 96 90 96 95 93 93 91 285 0.05 10 
155 60 186 36 31 38 33 32 31 35 34 44 33 40 33 46 35 34 42 36 28 36 42 29 28 41 37 34 40 32 45 30 26 27 44 30 42 39 51 28 37 24 31 32 38 30 38 28 29 40 36 40 34 31 33 37 32 31 35 42 45 38 39 31 40 27 24 37 17 27 47 42 34 39 72 0.05 10 
156 124 332 16 16 11 40 26 22 16 12 7 18 15 11 9 21 6 22 4 16 6 11 35 14 9 11 3 7 5 17 5 15 11 6 26 0 36 14 14 24 0 19 11 12 0 7 6 1 2 13 0 19 6 29 11 0 0 0 12 3 31 22 11 10 0 0 18 21 0 7 11 27 17 32 0.06 12 
157 292 353 21 17 11 19 18 27 18 24 23 18 16 16 19 14 24 27 13 17 21 18 19 23 16 24 27 24 32 28 23 28 19 24 26 20 17 25 16 15 22 21 27 20 21 22 19 22 12 24 20 25 28 30 22 17 18 18 17 30 31 16 19 20 15 20 20 14 22 11 23 23 25 42 0.09 18 
158 59 339 98 53 49 64 50 47 53 46 46 41 46 56 44 64 41 52 68 59 37 42 53 51 53 45 50 56 50 54 55 48 50 41 54 61 48 49 45 46 51 49 50 48 60 34 43 45 54 53 49 60 41 56 44 53 56 47 42 37 59 52 46 66 37 48 53 52 47 57 51 58 50 147 0.08 16 
159 220 291 67 64 68 65 68 65 64 68 67 66 65 68 65 68 70 68 69 66 70 67 65 64 62 66 65 68 68 66 67 67 71 66 64 64 64 67 65 66 68 65 70 66 67 63 67 69 67 69 68 66 67 69 67 70 70 69 65 65 71 66 63 68 67 63 67 64 68 68 65 67 67 134 0.04 8 
160 23 357 29 33 17 12 26 39 42 41 38 42 33 14 23 34 21 23 11 40 25 25 32 30 15 40 38 25 29 17 33 28 17 40 31 17 24 32 32 23 13 31 41 16 16 27 27 15 27 44 18 40 7 13 27 39 32 47 25 27 44 51 31 33 37 38 36 23 38 34 25 34 37 58 0.07 14 
161 230 25 14 9 8 0 9 13 15 19 12 12 19 28 7 12 13 3 6 6 22 8 14 0 10 8 15 18 23 13 14 5 10 25 12 20 16 5 18 14 7 18 14 19 13 0 21 4 15 18 6 15 13 14 28 8 14 12 14 20 10 18 11 13 23 15 7 20 16 15 13 9 19 28 0.06 12 
162 283 92 66 63 65 61 70 79 64 62 78 60 67 72 76 72 62 74 66 69 63 61 68 51 75 62 66 59 67 65 59 55 62 67 61 61 70 66 72 68 63 57 65 71 73 60 75 57 74 59 72 62 56 63 63 67 71 59 69 65 66 65 62 67 79 61 65 54 59 74 60 63 65 132 0.06 12 
163 439 433 71 73 70 80 84 69 63 79 69 66 81 64 74 80 76 52 66 62 77 63 75 64 57 67 65 78 91 78 79 77 72 85 66 82 61 90 71 69 84 67 45 69 69 66 68 71 77 66 53 50 82 62 64 71 77 81 67 77 62 78 60 78 61 76 76 68 76 59 77 71 65 142 0.04 8 
164 84 458 75 9 35 21 42 33 20 43 42 23 27 22 9 12 31 36 25 33 33 19 18 31 31 30 30 14 34 38 34 37 36 30 22 11 20 19 28 20 33 21 22 32 28 17 17 25 27 20 36 27 30 37 25 20 31 16 9 18 35 22 11 13 10 20 18 29 30 16 28 25 21 100 0.03 6 
165 387 488 50 38 58 49 48 56 51 49 46 51 56 44 42 58 63 50 51 43 55 46 54 51 53 64 38 56 54 42 49 42 56 45 48 55 45 56 57 55 60 60 39 61 52 52 55 50 51 55 47 52 51 43 56 41 50 52 55 60 50 59 53 53 45 40 58 59 41 54 57 48 52 100 0.08 16 
166 232 271 130 58 70 67 68 62 64 58 70 63 66 59 63 62 59 57 72 65 54 69 66 71 57 63 77 69 63 63 64 60 67 63 62 67 62 72 58 60 71 69 75 64 62 62 68 62 60 69 64 63 54 67 58 60 66 59 59 65 65 65 68 57 59 67 62 60 72 62 61 59 57 195 0.06 12 
167 115 253 45 23 17 0 13 13 17 12 29 24 0 22 20 12 26 17 12 16 11 25 9 4 20 19 28 16 13 9 18 18 2 9 28 14 11 21 14 1 3 10 30 17 12 29 2 16 1 13 18 1 24 0 2 9 24 16 6 22 7 12 7 13 7 29 13 11 8 27 7 9 22 60 0.05 10 
168 402 454 100 47 63 54 47 39 37 38 60 56 53 37 52 51 47 51 24 34 21 48 54 57 42 47 56 45 44 49 42 57 75 42 47 48 52 54 62 54 54 54 51 57 56 57 44 63 29 62 73 36 50 60 60 56 48 67 52 51 48 52 58 45 50 37 53 49 42 59 59 56 44 150 0.04 8 
169 147 265 42 48 41 50 41 40 41 42 43 45 39 42 36 35 48 38 43 39 41 49 39 44 46 45 39 41 45 36 38 40 41 45 40 45 45 45 47 40 42 40 42 37 44 49 38 48 40 39 40 41 43 45 38 40 46 43 46 38 43 45 51 43 45 42 43 36 40 42 42 38 51 84 0.06 12 
170 38 108 47 43 37 46 42 48 44 48 48 49 49 41 46 53 51 46 47 47 49 49 47 47 42 47 49 49 46 48 47 48 43 49 52 42 39 48 46 47 41 47 45 51 45 45 47 48 48 43 47 50 45 48 50 43 49 46 49 47 42 39 45 47 46 40 43 47 45 46 46 47 46 94 0.03 6 
171 365 309 70 74 70 64 66 68 71 61 72 67 65 81 67 74 61 75 73 79 69 80 68 61 66 66 76 82 71 69 74 69 71 72 71 77 76 73 75 80 75 69 63 64 65 80 69 68 84 81 69 58 71 81 66 67 62 68 67 64 68 78 80 66 79 70 70 69 77 68 70 63 70 140 0.07 14 
172 446 53 81 79 80 79 75 80 65 83 79 85 75 82 78 77 87 81 85 87 78 71 78 86 89 83 79 89 86 82 88 85 83 78 73 83 94 82 76 81 88 92 80 81 91 76 83 86 75 75 79 65 79 87 85 71 82 85 90 82 85 66 93 89 83 88 75 80 73 89 83 83 69 162 0.08 16 
173 194 348 39 49 34 37 30 21 57 51 43 27 24 37 32 34 46 52 28 47 19 31 36 41 25 53 19 35 39 44 23 52 42 52 44 58 41 35 54 31 34 42 39 39 38 43 48 43 54 33 27 29 55 31 47 25 55 27 23 30 29 48 23 37 27 50 53 14 42 59 50 39 34 78 0.06 12 
174 244 296 75 61 70 76 73 78 78 71 59 58 85 81 67 78 75 73 69 75 80 72 79 67 76 71 79 86 81 70 79 80 78 71 63 69 59 75 73 80 74 84 60 82 72 86 74 77 83 84 82 78 87 80 72 76 75 74 69 84 81 70 72 72 75 87 74 74 71 68 83 72 65 150 0.07 14 
175 343 233 67 54 70 59 63 63 71 71 60 81 70 72 63 76 72 54 65 73 61 48 68 60 60 71 75 49 68 81 86 76 65 70 63 72 81 61 67 64 73 59 76 59 75 71 70 75 63 56 58 60 64 71 75 77 84 71 66 74 74 63 52 71 68 84 52 71 58 76 56 58 56 134 0.09 18 
176 63 299 56 54 49 56 59 50 54 54 51 52 58 56 55 54 52 59 55 57 51 53 54 55 54 54 58 52 55 56 57 55 57 53 55 55 53 51 58 51 53 50 53 55 56 53 51 57 56 61 57 56 58 53 58 54 53 54 53 55 58 56 53 57 62 54 52 54 54 53 51 54 57 112 0.03 6 
177 188 329 85 89 81 77 82 105 82 88 70 91 100 88 82 77 88 80 90 95 86 78 81 87 93 82 83 89 87 80 103 83 83 95 82 89 92 95 97 75 87 63 87 84 83 100 96 96 90 76 104 77 99 74 83 88 82 88 70 85 85 87 87 74 64 85 95 88 91 83 77 90 97 170 0.06 12 
178 10 494 71 70 69 71 73 72 72 69 72 68 75 70 71 69 67 71 69 70 69 73 70 73 69 72 74 67 68 73 71 70 71 69 69 76 72 69 70 72 74 69 71 68 71 72 69 69 72 65 67 67 70 69 72 69 70 71 70 69 69 72 70 72 70 70 72 69 71 70 70 69 69 142 0.09 18 
179 346 449 178 86 91 76 93 92 101 84 88 95 79 84 96 84 109 100 88 90 81 92 70 90 83 97 86 77 94 97 74 79 93 85 85 96 88 80 87 93 97 103 84 97 90 94 85 82 94 83 85 84 83 89 84 80 100 90 91 88 84 95 76 96 79 90 86 83 95 83 85 91 92 267 0.03 6 
180 450 325 188 88 97 94 96 94 94 98 95 93 94 104 87 96 90 92 98 99 94 92 93 90 98 89 94 97 88 92 91 93 98 95 91 92 93 97 94 94 91 89 93 98 89 104 96 90 95 86 96 96 95 100 97 99 97 87 89 97 95 97 90 91 90 94 94 90 89 91 97 91 97 282 0.03 6 
181 427 416 88 44 44 48 37 53 52 51 47 42 44 38 39 44 47 41 44 39 49 39 37 41 48 44 39 44 47 45 40 39 42 43 46 47 43 36 43 41 44 42 39 38 45 44 44 47 46 49 44 44 37 36 46 41 43 42 43 39 41 37 46 42 46 47 43 46 36 44 42 46 52 132 0.04 8 
182 299 157 171 62 60 56 55 59 59 53 58 57 55 56 58 55 57 54 55 56 58 56 57 56 57 55 58 59 53 61 54 57 59 59 56 59 55 60 55 55 60 59 57 54 60 52 57 55 57 54 54 60 54 59 55 58 56 53 55 56 56 56 56 57 56 60 56 55 58 56 57 58 56 228 0.08 16 
183 206 210 276 86 97 93 91 93 91 88 90 88 87 94 93 90 94 93 92 88 89 95 88 90 91 95 89 91 90 89 89 89 93 90 91 87 90 92 97 93 92 90 88 93 90 92 92 95 93 91 94 92 97 99 93 93 93 90 92 89 90 95 93 90 90 89 87 96 88 90 91 95 92 368 0.05 10 
184 496 64 44 47 42 49 43 49 53 36 48 45 41 44 49 37 44 42 43 36 52 41 49 41 42 47 41 44 39 44 42 46 50 46 44 36 43 46 40 33 44 48 39 43 43 42 47 36 37 36 41 43 43 44 49 47 45 41 46 41 42 41 36 57 48 45 45 44 39 51 44 50 43 88 0.09 18 
185 426 436 162 81 81 80 85 78 82 82 79 83 79 77 79 71 79 79 83 81 81 73 79 70 79 81 81 78 80 76 85 75 80 77 85 81 81 79 84 79 83 79 81 78 77 78 76 79 80 80 84 83 84 79 80 85 77 84 82 85 82 82 78 77 81 85 87 84 85 80 80 81 79 243 0.02 4 
186 95 101 148 51 73 69 71 63 63 69 79 69 59 87 83 76 80 63 71 58 77 78 70 84 71 61 82 64 71 65 63 68 71 67 62 72 81 67 77 74 85 63 78 82 82 85 81 72 69 74 83 84 72 94 84 65 83 73 72 76 62 74 77 81 74 88 74 92 55 56 66 80 75 222 0.07 14 
187 213 466 42 41 51 27 45 49 47 30 36 52 36 44 46 53 45 45 38 46 41 44 32 60 49 47 57 51 51 23 33 53 41 50 47 43 25 45 33 56 50 50 46 54 59 40 34 48 28 43 41 44 32 47 42 41 52 59 48 42 42 17 27 39 49 34 28 35 50 38 32 31 50 84 0.07 14 
188 238 496 11 4 12 7 10 11 15 10 4 5 16 16 9 7 12 12 9 13 23 2 13 11 6 13 10 15 7 9 7 8 11 15 11 10 2 11 13 11 10 14 11 8 14 9 11 15 7 17 9 15 11 11 9 5 16 13 11 11 5 7 11 12 7 15 16 1 7 0 12 7 14 22 0.04 8 
189 394 331 34 18 17 17 18 17 17 14 13 17 14 15 17 15 13 18 10 13 19 15 19 17 18 13 16 17 19 17 18 15 15 19 16 20 16 20 15 17 14 13 15 19 11 17 17 17 12 15 16 18 16 16 17 16 15 18 18 17 18 15 15 18 16 14 15 18 15 16 19 17 15 51 0.02 4 
190 480 294 136 70 69 69 79 63 64 63 66 72 75 67 74 67 60 63 70 78 68 71 77 73 69 68 67 64 64 67 70 64 55 68 74 69 68 63 67 57 61 60 80 77 69 69 61 73 57 69 65 74 66 65 57 71 71 68 68 65 72 74 71 68 71 64 64 66 59 73 68 78 71 204 0.06 12 
191 4 301 87 83 82 85 89 88 88 88 83 87 91 90 91 86 88 81 88 86 82 86 79 87 89 85 93 86 86 87 92 83 88 89 85 90 85 87 88 85 85 90 82 88 82 87 88 88 85 89 85 84 87 88 88 85 88 89 86 89 90 82 85 82 86 84 92 88 85 86 85 87 85 174 0.02 4 
192 113 133 29 31 29 27 29 25 24 28 30 25 27 22 25 33 24 23 29 31 23 29 30 28 26 27 37 29 34 28 38 25 24 25 33 28 31 32 30 26 29 30 32 29 29 28 32 32 26 29 31 33 26 23 35 30 25 33 32 30 24 26 26 24 29 26 25 29 33 26 29 24 29 58 0.07 14 
193 78 446 182 75 77 76 88 99 93 116 77 86 99 103 94 82 86 80 88 95 87 94 88 92 87 86 92 91 90 89 91 93 89 83 81 87 88 87 86 98 84 86 85 90 86 82 79 85 94 94 99 94 105 84 89 73 84 97 80 94 99 85 78 86 98 89 109 84 95 93 94 91 74 273 0.04 8 
194 304 378 156 47 56 41 51 54 75 44 49 45 58 53 51 58 43 52 45 56 49 55 61 62 40 44 61 69 55 52 49 54 56 44 48 59 53 62 72 60 54 43 45 51 57 41 42 31 45 59 62 63 54 35 59 56 57 45 66 60 50 53 59 50 37 53 48 55 55 45 51 40 55 208 0.04 8 
195 258 459 23 25 31 11 31 26 26 21 29 12 28 22 21 29 24 17 9 23 19 7 18 27 22 20 31 21 22 26 19 18 18 19 16 19 23 31 17 30 10 16 32 20 27 32 18 16 21 27 25 18 15 24 16 20 26 20 26 30 34 18 28 31 25 24 25 39 23 16 25 25 20 46 0.04 8 
196 295 264 28 11 8 12 12 8 15 12 17 12 15 9 15 12 8 13 13 16 16 12 13 13 12 11 15 13 11 13 14 12 16 16 15 14 10 16 15 15 11 13 17 19 17 17 13 11 16 9 11 12 13 18 14 13 10 16 10 17 16 13 16 18 6 15 14 16 12 13 18 13 10 42 0.02 4 
197 225 372 152 75 78 76 79 74 76 79 77 78 73 74 76 76 72 78 76 78 78 76 78 80 73 74 73 77 73 76 71 75 79 79 73 75 76 72 76 76 78 73 71 79 75 79 71 77 77 80 79 74 76 76 76 78 74 75 72 74 73 70 77 80 82 79 73 79 81 77 82 73 78 228 0.05 10 
198 267 239 297 105 99 100 94 104 102 99 99 91 99 92 103 100 98 102 102 96 99 95 99 104 103 103 103 95 95 97 91 100 92 97 102 101 98 94 102 99 101 98 95 104 93 100 97 97 99 92 95 93 105 100 103 101 102 99 101 97 91 97 95 94 99 102 99 105 95 109 100 100 103 396 0.03 6 
199 190 297 182 92 87 76 98 95 94 89 98 98 103 85 102 95 91 99 87 82 100 80 96 99 99 101 80 91 80 98 99 91 87 91 97 85 83 95 91 92 97 90 97 91 92 89 96 93 75 98 74 88 84 96 84 89 101 100 83 85 95 89 74 83 95 101 102 91 90 92 88 84 88 273 0.04 8 
200 291 292 138 81 32 67 60 65 54 68 80 75 68 69 60 72 60 76 64 81 70 71 66 65 62 55 64 71 58 65 57 65 69 67 66 80 61 81 60 59 82 57 83 71 73 84 65 73 66 63 77 55 57 68 83 66 71 66 69 69 76 78 59 59 83 77 65 84 73 72 58 81 69 207 0.07 14 
