200 20 15570
0 275 497 31943 26400 26397 26404 26395 26402 26399 26400 26395 26403 26397 26402 26402 26397 26396 26403 26396 26403 26396 26395 26402 0.01
1 119 389 150 66 77 75 87 77 69 81 71 79 67 79 59 72 70 81 74 71 85 65 93 80 84 72 77 78 78 75 77 67 74 94 82 78 88 76 81 79 72 62 68 74 88 78 65 72 74 79 77 72 67 71 72 74 69 67 78 81 75 86 76 76 66 72 87 71 73 72 77 62 75 225 0.08 16 
2 142 190 154 74 78 80 80 75 77 77 89 80 73 64 76 87 65 85 68 72 80 75 82 81 93 82 78 78 88 80 78 79 76 77 69 76 82 84 75 72 74 81 69 75 68 80 72 84 87 75 75 71 75 83 74 74 79 69 70 81 72 76 72 70 76 81 70 74 78 72 72 71 77 231 0.03 6 
3 145 379 294 94 102 87 97 120 98 93 82 112 98 92 104 94 93 78 106 95 75 108 97 101 108 99 104 80 99 97 122 98 112 89 93 115 94 103 89 118 98 75 94 105 103 124 89 86 89 91 95 84 94 108 96 81 92 85 91 110 110 99 110 93 104 102 98 97 101 108 94 89 115 392 0.03 6 
4 205 297 123 41 30 50 41 47 49 45 38 25 43 40 47 33 41 42 51 35 39 46 51 47 41 35 55 37 50 51 40 43 36 31 39 37 32 52 50 41 37 48 32 41 41 41 38 46 39 36 44 43 34 44 38 51 48 43 50 39 33 40 48 43 40 46 40 36 37 43 42 43 42 164 0.04 8 
5 28 398 44 38 37 36 44 42 51 28 41 35 34 42 44 45 50 55 40 38 45 51 39 64 46 37 38 56 41 48 36 40 53 32 48 56 50 49 46 44 44 44 35 45 24 44 55 43 44 48 44 34 41 45 43 49 49 49 40 40 49 57 40 43 34 38 46 46 51 54 34 33 53 88 0.05 10 
6 485 305 123 27 64 45 27 49 39 50 45 42 50 66 50 50 20 45 41 29 36 49 37 34 44 62 27 42 38 32 45 38 44 40 44 51 38 40 48 48 38 17 27 38 45 48 30 28 40 26 46 33 39 22 44 43 61 43 47 45 44 43 33 40 52 46 47 41 41 49 51 44 40 164 0.03 6 
7 112 471 130 61 54 63 71 59 61 60 60 77 69 66 59 74 67 58 69 68 68 55 53 54 62 77 54 65 66 68 65 63 59 72 62 60 60 60 71 59 66 63 66 65 63 63 60 48 73 45 62 65 68 70 65 75 73 62 72 75 59 53 68 74 71 65 69 58 82 77 64 58 58 195 0.06 12 
8 399 162 92 47 47 71 26 52 57 39 43 41 39 34 26 40 38 43 42 42 40 60 36 45 64 48 53 46 46 43 38 48 43 48 47 44 43 38 56 41 44 42 49 55 65 37 54 41 55 48 37 46 35 36 40 38 42 35 36 49 51 38 47 40 49 59 24 56 44 52 27 44 38 138 0.07 14 
9 124 209 36 16 9 22 19 14 11 24 24 14 18 25 16 15 7 10 22 18 12 22 16 14 20 9 21 29 17 15 12 14 18 22 13 20 33 18 13 18 22 13 6 21 16 17 19 19 9 9 17 18 23 16 11 22 15 20 8 11 13 19 18 22 12 12 19 19 17 12 12 9 22 54 0.05 10 
10 399 50 128 66 64 69 65 62 62 63 70 61 56 59 65 55 64 67 64 56 68 57 60 64 57 70 54 61 79 61 58 60 57 67 71 59 52 71 54 61 62 64 65 63 71 62 69 59 61 59 60 58 66 70 60 58 53 69 61 70 64 73 63 63 63 55 63 74 62 51 68 70 60 192 0.03 6 
11 498 194 184 92 93 95 90 90 88 89 93 91 94 89 96 90 90 89 93 91 92 92 90 94 94 89 95 89 93 91 95 92 92 91 96 91 94 93 90 92 92 91 91 88 92 90 91 91 89 92 91 90 90 92 94 93 88 96 92 91 90 91 86 93 92 91 91 97 88 90 93 89 90 276 0.04 8 
12 120 279 144 43 55 46 43 42 50 48 50 51 44 53 51 46 51 49 44 47 50 47 44 48 45 48 53 49 47 45 40 43 40 46 47 45 48 47 53 43 52 48 42 54 47 46 50 43 49 50 48 44 47 47 46 45 46 52 47 46 49 51 50 46 49 52 53 51 48 50 50 45 49 192 0.09 18 
13 249 319 159 62 48 52 43 49 58 49 52 56 54 56 44 50 54 58 63 57 48 56 56 49 55 55 54 61 50 59 52 50 51 57 47 53 58 51 53 57 51 52 52 48 57 59 42 51 55 46 58 57 47 60 48 61 56 49 51 50 51 50 59 59 53 51 52 61 55 58 47 46 63 212 0.02 4 
14 135 92 36 8 24 21 30 8 24 17 10 19 12 13 5 11 20 16 14 23 16 10 38 16 12 25 11 20 24 33 19 0 5 14 22 9 10 23 12 23 19 22 16 12 10 14 9 16 40 21 14 11 30 15 18 0 18 20 16 14 0 17 18 26 20 3 26 21 41 25 33 12 24 54 0.07 14 
15 414 82 41 40 39 40 40 39 38 33 39 41 44 39 44 38 43 39 42 41 39 37 38 42 41 38 39 40 44 40 39 40 39 39 40 39 39 39 40 40 39 41 39 39 40 41 37 41 42 37 41 40 43 38 39 41 35 40 42 42 43 41 42 42 41 41 41 40 41 40 42 40 40 82 0.08 16 
16 346 386 61 61 60 61 62 55 59 67 62 54 64 58 66 59 63 61 57 62 63 60 57 62 63 61 55 62 62 63 61 61 62 54 58 60 65 61 63 54 64 55 62 58 54 67 57 63 59 58 61 58 65 60 60 62 60 53 60 60 58 59 62 59 59 57 62 59 54 61 61 60 62 122 0.04 8 
17 1 136 60 36 0 18 0 22 33 30 58 36 33 31 23 49 12 19 23 26 27 39 41 20 27 28 32 33 29 23 36 30 19 43 46 19 32 34 23 19 47 27 44 22 13 30 48 29 34 36 54 24 26 39 32 29 14 36 47 23 45 21 29 26 42 53 35 30 37 20 50 33 15 90 0.07 14 
18 374 239 88 83 82 90 89 96 87 80 88 96 99 87 83 97 95 85 75 81 79 81 87 86 86 84 85 96 88 86 79 101 93 88 83 92 92 75 87 80 99 81 87 85 77 81 94 82 84 89 86 95 82 99 89 87 93 89 101 80 88 91 83 87 88 79 87 91 85 102 74 100 84 176 0.07 14 
19 498 359 105 54 21 48 38 28 40 29 29 42 30 36 37 25 27 27 37 42 31 34 34 41 30 47 37 26 28 41 26 32 42 33 35 33 49 35 29 29 18 28 36 20 41 38 32 33 34 30 26 24 33 37 28 29 40 35 36 36 33 24 49 40 49 39 42 21 38 28 26 33 54 140 0.08 16 
20 9 93 90 37 43 47 42 43 42 38 33 44 47 44 43 38 34 45 39 40 47 51 52 45 40 47 49 43 38 43 39 48 39 43 45 49 50 46 49 50 43 49 53 46 34 46 39 38 42 45 46 48 48 39 46 40 49 42 40 38 49 43 48 48 45 35 40 49 48 51 44 43 42 135 0.06 12 
21 161 154 84 42 42 40 40 42 38 39 40 41 38 41 42 43 40 36 41 40 43 41 40 42 39 41 42 42 41 41 41 37 43 42 42 45 41 42 43 43 44 42 39 40 40 39 46 46 44 41 41 42 43 45 40 44 43 44 41 43 40 39 44 40 39 40 42 41 44 39 44 42 47 126 0.08 16 
22 357 418 194 94 87 114 92 101 102 89 115 93 96 110 99 92 95 114 101 92 90 87 105 118 109 103 107 89 92 83 95 109 92 96 93 102 107 96 104 83 95 108 101 89 85 99 87 98 116 112 84 95 99 97 96 102 94 94 108 105 81 115 100 96 90 80 92 92 95 90 104 100 102 291 0.05 10 
23 135 159 75 69 57 69 88 65 70 71 76 85 74 64 61 64 87 74 76 71 76 78 74 69 86 76 86 84 66 71 64 87 75 67 66 86 66 56 93 65 89 85 87 66 64 78 65 66 74 97 72 70 76 64 84 77 68 68 85 78 77 77 89 73 84 91 68 52 78 55 62 83 75 150 0.05 10 
24 91 240 31 35 32 23 38 40 36 24 33 29 11 23 39 29 26 29 26 32 38 36 32 31 19 33 35 32 34 33 28 28 22 21 18 22 32 49 32 29 37 25 27 28 42 49 5 29 33 11 31 25 48 28 18 20 34 30 23 9 30 24 22 44 56 25 15 33 32 24 7 30 31 62 0.05 10 
25 72 329 152 75 74 78 75 75 78 76 76 74 76 76 75 73 73 75 80 76 76 76 76 78 77 72 77 75 74 76 77 78 76 77 74 75 77 74 74 79 76 73 77 75 75 79 74 75 76 74 71 74 75 76 74 75 77 77 78 73 79 72 79 78 76 76 74 76 78 76 76 77 75 228 0.07 14 
26 252 478 57 54 55 58 59 57 56 56 58 58 60 58 56 55 55 59 58 55 58 56 56 55 58 56 55 58 55 58 53 55 58 58 57 56 56 58 57 54 56 56 58 58 57 55 60 57 55 59 57 61 55 57 56 54 58 56 55 56 59 58 59 57 56 58 59 59 56 57 59 57 56 114 0.06 12 
27 108 221 126 47 42 30 43 25 38 39 29 37 33 28 38 46 39 41 42 47 47 39 38 33 58 40 38 51 37 32 39 28 45 43 35 38 47 41 35 34 39 45 47 32 49 35 32 41 37 36 41 52 38 48 25 33 36 56 35 32 32 45 34 36 39 48 48 36 61 43 31 35 50 168 0.08 16 
28 253 402 122 63 71 66 60 50 60 57 51 51 61 68 58 52 60 47 56 56 57 68 63 61 64 70 61 59 65 67 57 64 64 60 56 61 67 56 62 61 53 70 50 59 72 66 59 60 56 58 63 67 66 56 60 60 66 65 58 62 66 58 62 58 62 67 57 60 58 61 55 54 69 183 0.04 8 
29 239 331 86 50 45 57 47 44 39 55 36 42 43 42 38 47 33 39 21 44 50 33 38 39 20 46 35 37 44 52 46 39 53 50 43 50 32 42 15 38 43 30 45 55 50 50 48 39 56 35 30 47 28 63 35 54 51 30 36 26 37 45 44 28 37 37 39 33 44 31 44 42 47 129 0.05 10 
30 380 482 138 71 69 68 70 69 72 68 71 65 71 69 66 72 67 71 68 68 69 71 69 69 67 67 68 70 69 69 70 66 67 71 70 66 68 72 65 73 68 65 70 69 71 68 73 67 68 69 70 71 68 70 70 69 70 67 65 68 68 71 68 64 70 70 68 72 69 71 68 69 66 207 0.07 14 
31 211 231 204 60 60 59 54 73 70 62 71 81 57 79 69 76 57 64 50 62 71 73 74 69 69 63 60 62 60 75 60 75 61 73 71 77 73 68 65 59 65 60 69 72 67 66 70 65 74 65 75 61 66 72 74 73 72 68 71 72 65 61 60 68 62 58 56 67 82 54 66 73 65 272 0.09 18 
32 421 347 72 41 36 40 45 42 34 32 39 37 41 41 36 53 44 46 52 40 48 33 41 46 50 39 26 42 37 35 21 32 38 25 19 42 39 41 32 41 45 31 35 38 36 27 30 35 24 30 40 32 25 32 38 33 34 35 38 38 39 34 34 38 44 28 38 51 28 45 43 39 42 108 0.08 16 
33 420 446 258 93 91 81 81 91 83 86 85 86 88 80 80 86 80 85 81 87 85 85 88 90 84 88 81 87 80 87 81 85 85 83 84 86 88 86 84 91 78 88 87 86 84 86 82 82 83 88 90 83 84 91 86 81 90 79 84 88 86 86 80 84 87 81 79 92 84 81 85 81 92 344 0.07 14 
34 452 44 36 14 20 17 17 18 16 16 17 17 17 17 17 16 18 15 17 20 20 17 16 20 18 18 14 20 19 21 17 16 17 17 17 15 18 18 15 19 17 20 17 15 18 18 18 15 18 16 16 16 17 18 16 16 22 20 22 15 16 21 15 17 17 19 17 19 17 17 16 17 15 54 0.07 14 
35 241 289 97 106 104 105 100 104 110 94 107 101 109 101 99 82 87 93 97 111 97 104 113 107 108 92 105 105 102 101 99 101 93 96 96 97 96 93 101 90 98 93 88 85 87 113 85 83 100 96 99 103 92 93 92 94 107 101 106 104 81 95 88 101 108 106 95 105 93 92 80 113 93 194 0.02 4 
36 102 9 80 77 79 75 72 75 83 78 93 85 71 87 96 81 74 81 75 85 64 85 92 81 74 73 71 86 67 81 73 84 73 84 88 76 68 71 67 79 86 79 76 78 86 88 77 80 81 98 75 78 77 97 71 87 95 73 77 87 76 81 94 92 90 73 69 61 72 84 99 90 88 160 0.06 12 
37 119 188 210 70 62 72 75 71 66 67 72 72 60 74 76 66 76 72 61 65 68 76 65 69 77 69 63 67 72 68 68 63 70 72 68 75 62 58 72 65 66 68 63 64 64 71 73 73 71 76 71 70 66 74 72 66 71 72 68 69 77 67 74 72 74 75 70 67 75 63 72 64 63 280 0.08 16 
38 96 244 24 13 10 13 16 6 10 13 8 13 17 10 9 10 11 13 7 16 14 14 13 22 11 13 6 10 16 10 10 8 10 14 9 8 14 10 10 14 12 12 12 15 13 10 16 11 9 8 11 15 7 19 11 10 13 12 12 14 9 12 6 15 11 12 10 8 12 13 12 13 7 36 0.07 14 
39 439 8 48 49 49 43 39 51 50 47 40 59 52 41 47 43 43 51 52 43 48 39 42 44 52 43 38 46 48 45 44 47 40 44 55 42 48 54 47 50 44 51 49 48 46 48 45 48 47 39 47 51 43 53 35 46 48 53 43 57 46 50 48 46 48 51 54 48 53 45 51 41 55 96 0.06 12 
40 388 447 267 88 98 88 93 88 81 96 91 97 85 86 88 82 85 89 85 89 88 86 86 88 91 92 92 88 95 86 85 86 76 83 85 89 90 90 91 91 89 95 92 87 88 86 87 88 89 87 89 89 95 82 92 89 84 91 88 81 88 92 86 86 90 90 84 94 84 93 91 89 77 356 0.09 18 
41 313 80 141 54 47 52 40 53 48 48 43 38 45 41 52 55 58 42 38 44 48 51 44 48 40 41 58 48 37 52 53 48 38 53 40 45 49 52 42 52 55 51 40 43 45 32 51 49 39 50 46 35 48 52 43 41 46 45 45 55 43 48 48 44 42 50 46 48 57 49 48 48 48 188 0.02 4 
42 29 494 11 16 3 25 5 8 15 0 0 13 27 16 14 16 21 19 15 6 6 16 0 28 15 0 10 10 0 0 0 1 2 12 7 7 0 21 10 9 27 9 18 4 28 0 2 0 1 24 14 17 13 15 20 18 0 13 19 9 13 10 6 2 0 10 0 21 11 22 12 0 11 22 0.03 6 
43 314 323 184 97 84 87 84 94 85 81 88 102 94 77 89 105 87 99 95 85 93 96 105 92 92 84 100 93 97 106 90 95 96 98 107 93 84 95 97 98 93 96 89 87 81 86 86 91 89 90 84 93 97 92 91 86 99 81 86 92 96 93 79 90 97 92 103 94 108 101 91 87 98 276 0.03 6 
44 128 348 57 59 47 53 69 56 59 63 60 51 65 58 52 48 54 49 58 49 52 57 62 46 51 55 45 75 42 50 60 56 48 64 57 65 49 44 50 60 68 63 57 61 50 59 64 58 50 60 51 54 49 60 56 50 53 60 58 59 55 41 50 44 62 56 49 61 68 57 66 57 60 114 0.04 8 
45 32 142 57 26 13 16 21 14 22 15 21 15 15 18 13 8 17 13 19 9 28 18 16 31 15 18 22 14 17 24 14 22 15 19 17 19 16 21 18 24 20 16 23 19 10 16 14 14 20 15 20 20 22 18 28 15 19 20 19 19 14 15 22 18 19 9 18 22 17 20 12 18 15 76 0.05 10 
46 333 335 154 85 76 70 79 69 79 77 76 85 78 81 92 76 68 82 86 79 77 69 63 78 60 71 82 82 65 86 79 64 75 69 80 83 68 76 70 77 74 73 73 70 71 86 71 75 87 83 76 70 72 72 83 81 79 77 80 73 67 69 100 73 69 71 78 76 72 69 82 86 70 231 0.03 6 
47 448 164 72 73 73 68 77 74 77 73 65 69 70 68 71 62 63 70 68 75 69 74 70 70 78 70 67 72 69 72 69 78 74 69 77 73 74 71 72 67 68 69 74 64 74 65 63 69 67 75 73 72 66 74 74 68 71 75 74 67 70 80 73 67 73 69 75 72 65 67 76 78 72 144 0.05 10 
48 500 469 25 21 26 26 23 19 29 18 24 25 24 27 22 21 19 21 28 32 26 19 19 34 21 21 26 30 26 21 27 35 22 26 24 15 28 28 28 32 27 24 15 26 26 25 26 21 24 20 18 21 26 26 18 24 26 28 27 32 29 23 27 24 26 21 31 18 20 25 26 24 26 50 0.08 16 
49 299 35 160 80 82 84 75 81 77 76 81 79 79 77 78 79 76 75 76 78 78 77 79 85 85 79 83 80 84 79 80 79 77 82 77 81 80 80 77 74 74 79 80 81 82 84 83 80 78 75 81 75 79 82 83 86 78 80 81 84 83 79 75 76 82 77 79 79 77 80 82 80 78 240 0.06 12 
50 14 34 105 35 25 33 14 42 43 29 25 29 29 47 35 17 30 43 45 22 32 24 29 36 28 48 24 30 31 35 30 37 35 34 40 40 29 30 21 23 18 27 43 34 31 44 35 32 36 45 37 34 31 39 39 42 36 31 36 39 35 56 39 39 46 48 22 40 35 23 36 47 48 140 0.09 18 
51 51 402 50 53 49 48 58 64 50 52 56 54 59 39 49 47 43 65 52 32 57 65 55 41 49 57 44 36 56 46 56 46 49 36 48 52 26 48 47 44 41 42 52 45 54 36 54 45 57 39 55 54 50 32 48 54 44 38 44 55 52 55 67 58 43 51 58 56 49 48 49 51 37 100 0.02 4 
52 310 189 62 26 29 30 41 33 31 33 28 28 37 31 26 29 25 30 25 29 29 29 30 30 28 26 21 33 30 31 35 30 33 33 33 23 33 30 26 29 31 30 39 31 27 31 28 29 30 30 32 28 39 32 29 28 32 31 30 29 28 32 29 25 25 30 28 26 32 32 25 30 30 93 0.09 18 
53 47 70 46 50 54 35 49 52 42 35 45 43 47 51 46 42 51 39 42 47 48 47 32 52 44 51 43 45 55 44 47 54 38 33 40 49 39 51 43 51 30 48 32 36 49 58 45 47 29 52 37 71 46 46 51 58 61 42 37 54 34 45 49 54 31 40 49 45 51 38 38 32 34 92 0.03 6 
54 60 0 144 69 86 72 74 60 82 76 79 67 75 78 79 73 76 69 79 68 69 61 66 77 63 72 63 81 69 63 67 76 66 72 77 63 79 74 72 71 73 74 63 73 75 78 68 69 75 65 74 66 71 62 76 70 75 74 71 66 73 74 74 73 72 77 67 81 69 73 75 72 70 216 0.06 12 
55 488 258 93 93 101 71 106 96 82 91 89 95 90 95 83 84 105 78 86 88 94 84 87 101 86 74 79 104 93 83 97 87 94 105 104 102 99 97 87 99 103 93 92 101 94 83 101 100 80 90 106 103 110 96 102 113 94 99 110 91 87 98 85 79 101 95 91 90 90 91 73 96 86 186 0.06 12 
56 371 336 75 14 29 21 25 22 24 25 25 19 19 23 34 21 31 25 17 21 24 27 21 26 26 25 27 19 32 26 26 26 23 22 25 23 20 19 26 28 27 19 23 29 28 21 34 19 12 22 32 18 20 26 26 22 26 34 21 16 28 19 24 30 22 26 19 24 29 29 20 17 20 100 0.07 14 
57 144 327 48 14 19 16 13 16 13 17 19 14 17 20 17 21 9 23 18 20 13 17 16 15 17 25 15 12 8 8 17 11 12 8 17 17 13 20 9 17 12 19 15 23 16 8 7 14 11 11 13 17 20 16 23 15 20 16 12 17 19 19 12 13 8 17 17 22 16 14 15 15 16 64 0.08 16 
58 432 341 142 72 68 72 70 74 68 71 67 73 69 69 70 73 71 70 71 67 70 73 69 73 69 71 67 70 68 72 75 76 73 69 68 72 71 68 72 71 67 66 72 72 71 72 74 71 72 71 69 72 71 70 71 72 68 71 72 74 67 71 73 70 68 71 72 74 71 68 69 70 69 213 0.08 16 
59 195 201 40 25 46 31 33 37 42 36 47 37 36 35 38 52 44 57 37 38 23 27 40 33 51 41 35 30 27 45 44 29 40 44 41 38 56 33 27 34 29 35 33 47 35 52 35 39 46 47 48 47 34 32 44 29 34 34 39 42 42 36 38 33 40 37 37 20 20 38 35 40 39 80 0.05 10 
60 386 166 54 30 20 22 8 10 23 16 17 15 26 19 9 15 17 18 10 22 8 17 32 19 25 20 9 16 12 15 20 13 19 20 15 17 21 17 20 15 9 20 27 19 15 16 23 15 16 8 14 16 15 16 15 19 14 25 9 12 27 13 15 25 17 18 28 24 18 13 11 15 20 72 0.04 8 
61 96 414 84 24 25 28 26 28 17 22 29 31 21 21 31 31 26 27 28 27 24 27 27 21 34 23 23 28 26 26 19 31 25 26 30 25 25 29 27 32 26 29 26 28 21 28 25 34 25 34 21 31 26 25 27 28 26 31 30 33 27 24 34 29 31 28 31 33 25 30 30 28 24 112 0.05 10 
62 185 320 174 51 58 49 60 56 56 59 62 59 52 64 58 59 60 59 51 58 61 59 48 60 66 64 54 53 54 59 53 70 63 46 51 55 59 57 55 57 57 48 52 68 60 51 57 53 57 57 54 58 59 66 58 60 54 56 51 71 60 56 66 60 61 53 51 64 57 50 52 59 54 232 0.05 10 
63 400 311 201 63 70 65 71 76 62 47 60 61 62 47 76 65 72 74 72 73 66 72 47 59 71 66 69 86 85 67 76 76 65 68 85 65 59 69 65 65 55 69 63 61 73 84 55 85 53 74 70 66 65 55 85 49 85 65 63 72 66 76 58 47 50 61 67 64 64 69 48 59 52 268 0.05 10 
64 378 48 219 75 75 76 73 73 83 67 70 77 76 81 70 75 73 70 68 78 79 87 73 61 72 73 71 70 77 68 68 73 65 75 66 62 68 82 72 66 71 64 57 80 64 56 71 82 80 76 75 78 70 69 76 61 78 78 82 77 71 74 67 78 70 67 74 68 74 77 72 69 71 292 0.06 12 
65 491 59 63 15 18 27 31 8 17 26 32 6 8 1 24 7 29 19 20 9 23 16 20 30 28 28 17 28 29 18 21 15 15 3 19 22 19 23 37 22 33 20 16 22 8 11 12 27 20 27 14 47 26 12 20 28 41 25 21 3 22 5 27 12 37 14 17 29 29 5 37 25 23 84 0.04 8 
66 182 202 184 82 92 87 88 84 94 89 91 91 81 88 90 94 93 100 88 92 86 86 105 91 88 90 93 88 91 92 89 90 88 98 84 87 90 89 93 90 93 94 79 103 92 99 95 98 92 100 97 92 86 91 95 83 88 90 92 95 93 102 94 88 90 99 88 93 94 91 91 96 102 276 0.03 6 
67 145 387 35 27 36 37 27 28 31 38 34 40 40 53 25 32 34 27 41 40 48 27 36 21 26 31 26 45 45 33 35 41 26 48 37 32 34 36 35 29 28 36 28 40 35 22 31 42 30 46 32 54 31 32 34 37 31 33 26 47 34 31 24 44 22 48 41 51 22 29 35 38 16 70 0.08 16 
68 16 498 51 24 9 10 42 14 8 25 26 33 18 10 23 36 16 21 14 27 38 32 17 0 22 3 14 28 9 6 20 16 10 17 5 11 0 19 12 2 10 12 27 8 24 18 33 34 15 19 8 36 0 12 14 8 17 28 11 11 28 22 26 26 2 30 20 21 19 25 17 10 11 68 0.07 14 
69 257 254 126 46 62 54 65 66 64 71 63 66 64 60 68 66 59 61 62 64 70 63 50 65 71 58 60 63 60 55 59 70 64 63 56 61 56 60 58 59 62 68 68 58 64 57 58 63 64 63 73 61 63 69 65 57 68 64 64 62 59 60 61 50 57 61 66 64 66 68 67 67 64 189 0.06 12 
70 91 120 86 91 99 103 91 90 92 87 93 76 89 83 87 84 94 90 85 80 74 89 83 85 70 90 83 87 88 102 79 80 88 85 86 97 88 91 81 78 96 85 97 76 91 77 84 93 90 87 79 81 91 88 89 78 92 94 89 85 79 87 96 96 86 92 91 93 79 89 98 78 83 172 0.08 16 
71 49 10 28 29 28 18 33 31 31 30 41 26 14 24 34 20 35 28 26 30 30 18 30 22 21 44 24 21 34 18 30 37 33 20 15 11 12 30 21 23 26 27 32 44 30 21 20 23 24 33 19 28 33 24 27 30 31 30 23 33 22 27 46 32 35 14 34 28 17 37 33 15 30 56 0.02 4 
72 406 189 33 11 8 8 9 8 16 20 14 15 8 3 17 5 1 15 16 16 0 5 10 10 15 13 16 9 11 9 3 10 10 14 20 11 12 4 14 7 16 10 10 9 11 6 15 5 3 11 13 17 10 11 7 8 16 10 3 7 1 10 2 7 8 14 9 10 10 6 7 7 11 44 0.02 4 
73 456 417 102 36 19 19 44 41 53 23 43 29 33 19 32 30 31 28 27 21 32 49 37 41 41 35 31 28 28 41 31 35 41 42 33 54 37 24 52 17 39 23 41 38 30 37 34 37 29 31 31 37 36 35 33 40 32 10 45 43 28 24 35 24 33 29 37 36 39 43 30 43 39 136 0.06 12 
74 51 217 200 94 89 105 90 108 90 105 93 91 101 88 114 87 77 91 110 74 101 111 94 99 96 102 102 113 99 86 90 102 101 99 105 100 102 92 100 101 100 95 98 87 115 110 110 97 99 109 87 102 106 88 76 103 107 96 108 87 99 97 115 110 93 90 111 100 99 88 104 107 89 300 0.06 12 
75 332 174 96 102 102 86 96 89 110 95 99 97 85 103 100 78 87 107 81 107 110 87 92 98 95 87 97 96 101 90 89 98 101 95 85 96 84 104 109 90 93 114 101 92 96 113 94 96 87 110 88 102 103 94 103 120 92 84 103 94 96 89 95 100 104 89 88 106 91 90 85 67 97 192 0.08 16 
76 154 59 196 96 99 97 95 98 94 101 99 101 96 99 99 93 94 95 97 100 95 99 96 99 98 95 100 99 101 101 96 98 98 101 100 99 97 100 96 106 99 97 95 99 94 102 92 102 96 102 99 99 105 99 95 93 95 96 96 98 100 101 95 103 103 102 98 99 102 94 98 95 101 294 0.07 14 
77 396 362 192 67 69 67 60 57 58 68 62 58 72 64 63 59 56 65 63 62 66 58 66 73 62 67 72 52 55 61 68 62 58 57 51 70 60 66 59 65 73 57 63 58 59 71 82 67 59 75 73 61 60 67 62 61 68 59 62 62 53 53 63 54 70 61 62 62 58 69 74 62 71 256 0.04 8 
78 3 305 40 12 11 20 6 15 16 32 21 28 22 17 30 11 19 17 19 12 18 9 10 23 11 11 21 21 10 20 29 5 25 12 25 33 10 23 14 20 19 13 1 18 15 17 11 14 22 27 26 29 28 21 19 29 18 30 15 33 26 27 17 14 21 20 19 19 30 21 8 13 34 60 0.05 10 
79 127 145 89 86 91 74 88 94 86 78 100 94 81 91 93 87 88 86 80 87 86 86 82 87 81 93 87 99 90 89 90 94 93 81 85 87 100 99 93 83 82 81 101 88 85 88 92 83 90 84 100 83 82 92 88 87 93 88 92 91 81 92 87 80 89 81 84 79 87 75 90 86 80 178 0.05 10 
80 91 203 141 56 45 41 48 45 48 44 29 39 47 51 36 40 48 50 40 55 30 64 57 42 54 34 47 43 24 39 38 36 45 43 52 43 42 33 47 45 42 47 53 55 40 41 54 40 39 43 56 58 56 29 37 42 63 66 52 54 43 49 55 29 45 26 56 40 47 47 39 48 39 188 0.03 6 
81 321 206 33 36 35 30 32 34 32 33 31 32 30 36 32 33 31 32 30 30 31 32 31 29 28 33 32 32 35 34 31 35 31 34 30 31 35 29 32 31 34 31 30 31 30 34 33 31 33 33 30 29 33 35 31 33 34 31 34 30 31 33 32 34 33 34 31 31 31 33 33 33 30 66 0.02 4 
82 39 58 20 20 22 24 17 14 19 20 22 12 14 19 12 15 25 18 22 22 18 25 18 17 21 21 17 18 10 26 21 27 8 28 24 23 18 19 23 26 15 27 22 17 21 13 26 14 19 22 15 20 15 18 28 23 8 16 22 20 19 13 25 7 14 22 21 24 24 20 25 28 17 40 0.09 18 
83 16 213 41 40 44 43 43 44 44 38 39 38 35 37 44 45 38 37 37 39 42 40 40 38 40 42 43 45 39 41 39 40 36 43 42 48 42 36 43 34 39 42 38 42 40 42 40 43 43 43 38 33 39 44 41 42 39 47 43 40 41 42 43 43 41 36 43 43 36 43 45 42 38 82 0.06 12 
84 161 452 40 43 48 53 24 48 34 31 41 48 35 40 37 39 60 46 39 51 34 33 42 37 45 46 58 20 27 45 44 24 41 34 34 34 31 44 54 46 41 47 36 51 42 36 24 40 42 36 42 49 32 41 31 43 50 38 52 54 39 40 38 26 40 36 36 38 38 39 49 32 54 80 0.02 4 
85 196 243 26 13 35 36 37 25 33 29 42 38 31 13 23 19 15 26 39 25 18 37 21 21 26 35 21 29 27 32 33 8 29 25 13 35 31 31 38 17 19 10 28 28 18 27 28 10 32 37 12 30 20 36 14 24 26 27 26 26 16 28 23 42 31 34 23 32 33 44 28 26 22 52 0.06 12 
86 109 350 61 58 55 67 61 70 70 45 55 66 56 48 66 56 55 58 60 57 68 60 54 51 53 62 62 67 55 63 59 48 64 46 68 68 65 66 62 63 58 56 51 57 70 52 66 69 45 71 67 67 55 63 62 69 55 67 59 64 70 65 61 68 58 56 54 60 47 60 46 54 50 122 0.03 6 
87 201 337 154 75 76 78 81 77 75 74 72 72 77 74 76 79 77 76 80 75 76 77 76 80 75 76 73 80 79 75 76 76 76 75 76 72 79 77 75 78 81 79 78 77 77 75 72 79 77 74 74 75 79 79 76 75 73 79 73 78 78 77 78 79 75 78 77 78 78 76 80 76 76 231 0.08 16 
88 182 267 222 73 74 75 75 73 80 71 71 81 71 78 76 75 75 79 68 73 71 74 74 73 70 73 79 70 75 66 76 69 77 70 72 77 69 75 78 70 74 69 75 81 79 70 73 67 71 74 73 73 73 70 72 84 72 76 70 71 72 76 85 75 79 69 78 78 68 84 72 72 84 296 0.02 4 
89 8 15 216 63 68 76 75 74 75 73 75 74 75 78 78 66 75 67 79 68 63 76 74 69 77 66 72 72 86 72 68 66 77 67 71 73 70 76 59 76 67 66 75 75 70 66 62 66 66 69 73 66 72 69 64 70 75 73 82 74 69 57 63 71 78 66 66 84 59 70 83 71 59 288 0.05 10 
90 80 291 58 30 36 26 21 40 35 28 31 31 36 35 36 29 26 23 40 27 38 28 19 29 26 34 27 23 18 37 16 33 31 41 25 24 33 28 16 25 26 31 22 34 35 41 28 21 22 22 24 24 32 27 30 19 22 20 27 30 31 36 27 22 25 23 28 21 40 33 32 34 31 87 0.03 6 
91 262 94 104 53 47 60 64 50 55 48 45 54 54 44 52 54 45 45 55 52 53 49 59 53 54 59 48 57 61 52 49 50 53 56 65 53 53 50 39 61 54 50 53 52 53 60 50 46 51 48 46 53 49 53 49 53 63 62 54 51 50 56 43 54 52 49 48 55 51 48 49 54 52 156 0.09 18 
92 333 492 37 38 36 33 40 35 35 38 37 32 37 36 37 34 35 35 33 35 42 39 32 42 35 39 35 35 38 40 34 30 36 38 30 36 37 39 40 38 38 35 35 37 30 37 39 34 36 38 34 37 34 40 42 39 44 35 33 40 39 37 37 34 35 36 37 33 34 39 40 36 40 74 0.02 4 
93 250 492 176 88 84 88 85 90 86 80 87 90 84 84 86 84 87 84 89 92 91 83 87 88 91 92 89 84 85 87 85 90 91 88 85 86 86 86 93 90 86 91 85 88 93 89 79 94 90 86 93 90 87 94 87 87 90 80 88 86 84 86 85 89 91 80 89 85 90 95 93 82 86 264 0.02 4 
94 290 193 258 84 98 78 84 91 78 98 93 68 87 81 83 84 91 87 89 83 85 89 89 93 89 82 85 84 84 100 95 75 86 85 80 77 77 91 94 87 80 86 69 80 80 92 78 80 82 92 89 86 94 84 87 87 95 85 73 75 85 77 85 75 88 87 83 101 80 79 93 89 90 344 0.05 10 
95 48 282 210 74 79 64 60 74 79 64 54 68 65 64 72 72 68 79 58 69 70 72 63 65 78 64 73 61 74 73 58 69 71 69 86 69 64 65 61 70 72 70 71 64 73 72 64 77 75 70 85 74 59 67 77 71 64 60 69 74 67 68 63 72 59 68 78 63 63 69 50 68 74 280 0.07 14 
96 240 368 261 97 89 89 99 91 89 88 80 88 79 82 78 94 85 82 79 86 80 69 92 92 74 66 106 86 85 87 89 83 85 80 84 102 81 85 76 79 83 78 89 86 86 94 97 74 85 87 91 75 95 83 81 90 90 95 81 91 80 84 89 93 96 98 78 104 88 83 95 91 89 348 0.05 10 
97 163 194 129 55 43 43 36 46 45 40 46 43 39 48 52 45 43 47 48 46 46 44 39 43 39 43 46 47 37 40 41 45 48 41 43 45 47 38 42 42 46 53 43 44 43 42 48 36 38 44 48 43 43 41 41 33 51 39 46 42 48 45 47 43 42 48 45 48 35 51 48 45 44 172 0.04 8 
98 322 86 84 82 92 79 78 82 63 77 74 82 85 91 79 68 72 87 60 93 99 77 85 84 75 75 100 82 89 66 87 82 74 72 75 91 84 87 86 76 78 87 92 81 76 84 83 92 72 89 85 91 83 89 90 83 86 90 72 76 88 80 83 81 73 79 76 80 69 78 82 85 86 168 0.03 6 
99 446 168 60 31 28 31 37 31 27 28 30 37 33 30 29 32 30 30 31 29 28 29 31 31 27 29 27 26 33 29 28 30 34 30 28 31 29 29 26 29 34 30 32 31 34 31 32 29 28 28 28 27 29 22 26 33 30 27 29 30 33 31 28 36 31 25 29 33 28 34 32 28 31 90 0.07 14 
100 406 286 26 13 13 9 10 2 24 21 2 24 4 0 15 3 16 20 15 14 22 9 18 6 0 14 11 11 11 12 14 3 4 37 4 20 14 4 19 23 3 16 6 14 1 6 11 23 13 27 16 22 5 11 27 12 11 13 15 8 9 17 2 3 36 4 5 26 15 11 5 9 14 39 0.03 6 
101 456 117 50 24 36 14 29 29 37 11 18 36 19 23 27 29 25 23 26 22 19 27 25 26 28 24 25 31 16 18 23 19 32 28 15 27 35 24 18 27 27 19 37 39 25 21 27 25 20 30 37 17 28 25 33 14 38 31 25 25 23 21 31 14 23 25 32 24 23 35 22 20 24 75 0.09 18 
102 1 237 130 70 70 64 60 63 66 64 62 63 63 65 69 65 64 63 62 65 58 66 72 62 63 61 71 69 64 65 60 62 68 67 60 62 68 58 65 58 69 71 59 72 65 70 63 59 62 66 69 66 69 61 66 58 66 66 60 59 65 58 63 64 64 64 61 68 64 65 67 65 61 195 0.06 12 
103 189 359 38 26 16 18 28 11 24 15 25 16 19 29 16 11 11 16 23 29 31 26 14 6 21 10 18 24 17 23 34 2 4 20 28 8 20 24 0 14 10 16 20 19 7 3 16 20 24 11 11 15 20 23 28 11 18 5 23 8 22 23 8 21 34 17 12 16 24 14 14 13 29 57 0.09 18 
104 161 150 84 27 31 27 27 25 24 28 28 28 29 29 30 30 30 29 30 26 26 28 27 24 31 24 27 29 33 30 24 30 26 29 28 29 27 28 28 30 30 27 27 28 30 23 28 29 27 28 29 28 29 29 26 30 28 26 27 26 27 29 26 27 26 28 28 25 25 27 28 26 27 112 0.04 8 
105 424 71 300 96 105 99 103 102 99 98 97 98 96 99 98 102 97 99 99 97 97 98 98 99 99 99 102 96 101 108 97 93 94 98 103 104 99 101 103 99 107 102 99 101 97 97 97 97 98 99 97 97 100 95 98 94 99 103 97 100 102 98 102 97 96 102 96 107 98 97 101 99 102 400 0.04 8 
106 112 34 32 12 16 9 21 14 14 16 15 15 13 10 16 15 13 16 14 21 12 13 15 18 18 15 15 14 14 9 18 11 17 18 6 18 14 13 10 15 14 14 13 20 17 20 18 12 13 16 15 18 17 15 10 14 15 19 14 16 15 12 13 22 15 20 16 13 16 13 13 11 9 48 0.07 14 
107 477 445 32 14 15 22 12 18 18 22 20 10 25 14 23 14 17 24 16 20 20 12 23 16 15 16 17 13 24 11 12 21 9 21 8 22 9 16 6 22 0 22 0 0 26 13 18 21 12 18 20 17 13 19 11 8 25 12 17 16 16 4 14 21 16 17 25 24 13 11 11 13 12 48 0.03 6 
108 103 402 67 72 77 63 67 60 59 59 71 62 69 66 58 69 63 51 68 70 72 53 59 46 50 60 57 65 67 66 65 68 63 68 62 74 58 62 56 71 69 76 78 55 71 76 73 72 67 64 67 49 80 73 50 60 70 74 57 71 72 73 68 63 60 71 58 53 64 65 77 60 56 134 0.05 10 
109 201 49 46 16 16 19 26 40 37 17 26 24 44 27 0 32 21 35 17 19 39 25 22 30 8 24 39 19 27 40 11 26 32 14 22 21 42 33 31 19 21 29 16 23 31 22 20 23 20 24 34 27 36 23 18 33 18 30 17 11 15 29 39 24 26 30 29 31 10 12 32 25 35 69 0.09 18 
110 194 282 124 60 64 61 62 61 60 60 60 61 61 58 63 64 60 60 65 61 61 64 61 65 62 64 66 61 63 62 59 67 59 57 63 62 60 63 62 64 58 60 62 62 63 56 62 64 57 64 61 58 61 63 61 62 61 62 59 63 60 63 65 60 62 58 63 62 62 63 60 60 63 186 0.09 18 
111 250 93 42 19 21 23 20 23 22 20 16 21 21 19 20 21 20 17 21 18 20 17 21 18 20 19 20 21 23 19 21 21 23 21 22 20 20 18 20 20 22 22 24 21 19 19 17 17 21 22 21 23 23 20 20 22 23 18 21 21 23 19 22 18 20 20 22 17 23 19 21 20 23 63 0.03 6 
112 227 245 120 37 43 40 42 41 39 42 47 38 37 40 44 38 36 41 38 38 42 41 41 45 45 38 41 40 36 41 39 44 35 41 45 43 38 38 44 38 32 42 44 33 42 37 39 39 44 38 39 38 38 37 41 38 42 39 34 38 37 39 41 37 44 36 40 38 38 43 37 40 38 160 0.04 8 
113 176 129 93 37 32 41 28 23 30 31 29 35 37 21 23 34 23 30 24 24 30 29 41 38 29 37 24 30 39 31 31 25 35 22 43 27 32 36 35 20 27 32 34 26 35 28 28 25 38 40 33 28 25 24 24 24 31 37 28 36 22 27 35 31 36 24 24 30 19 33 22 29 28 124 0.06 12 
114 65 229 105 40 29 32 33 33 24 34 37 34 36 39 32 32 31 32 45 39 33 35 35 22 40 38 30 32 40 28 41 32 30 34 42 25 34 40 27 31 29 35 26 29 42 29 27 32 36 29 29 37 38 44 29 32 21 42 35 32 38 34 36 30 36 27 32 43 36 31 28 37 35 140 0.03 6 
115 198 500 12 0 18 6 17 8 15 15 10 10 5 6 23 10 2 9 7 13 16 11 17 8 3 4 11 7 5 24 0 4 9 1 24 14 10 8 13 6 5 3 19 12 24 6 6 0 10 11 20 18 13 10 18 20 18 6 18 7 15 18 17 19 10 1 22 10 11 9 5 4 16 24 0.02 4 
116 108 446 36 35 45 34 33 36 29 35 29 42 40 36 33 39 28 34 39 26 38 35 27 32 38 41 35 36 40 28 39 37 37 44 23 38 30 39 36 35 35 37 32 30 34 36 34 40 32 32 33 36 35 31 30 30 32 42 42 38 40 39 35 33 36 29 34 41 35 35 36 41 35 72 0.06 12 
117 485 194 219 86 74 90 80 56 73 76 62 87 63 70 58 70 70 53 82 78 64 66 72 67 64 59 60 79 80 68 70 79 60 76 72 70 79 82 61 75 68 60 65 53 60 57 61 80 83 79 60 64 71 66 71 67 102 69 76 77 89 68 75 84 75 83 64 77 71 75 91 71 76 292 0.06 12 
118 312 178 37 50 31 42 37 34 41 34 37 22 46 29 30 32 48 35 43 25 31 24 54 44 32 30 51 27 29 39 37 31 20 35 39 38 30 26 42 42 47 40 32 36 29 38 35 47 42 33 40 30 32 35 40 32 30 30 48 46 34 31 25 27 42 34 34 37 42 48 37 55 38 74 0.04 8 
119 119 243 79 84 72 76 79 82 79 73 85 81 76 74 78 77 83 80 77 77 77 82 90 83 85 81 81 71 83 73 85 75 84 72 88 69 77 70 80 88 75 88 76 76 75 80 84 76 71 78 85 75 94 71 88 73 78 86 80 83 77 73 82 77 79 76 75 82 87 82 91 79 86 158 0.09 18 
120 245 249 42 14 11 27 24 18 13 19 21 24 17 21 23 22 18 21 23 12 25 30 16 24 21 18 19 25 24 35 19 20 22 23 30 21 19 15 18 5 14 16 25 14 12 17 14 33 21 18 21 26 27 15 25 31 9 16 13 10 20 23 25 17 35 24 22 20 23 20 28 36 26 63 0.07 14 
121 474 488 80 85 95 85 64 98 68 91 79 88 67 73 79 68 85 80 81 85 83 96 78 72 79 69 76 68 71 68 80 76 78 91 84 76 64 69 69 74 75 74 87 82 58 87 86 73 66 80 79 77 83 69 87 84 80 72 80 86 73 104 89 84 90 79 75 68 69 78 87 74 77 160 0.08 16 
122 150 359 56 58 48 67 46 62 71 51 60 56 63 56 38 63 58 55 51 39 57 48 63 78 54 59 42 34 45 51 65 81 55 57 60 54 60 54 88 60 65 46 34 45 44 38 52 33 55 62 49 66 66 38 76 62 66 54 73 48 44 35 50 71 70 55 60 42 56 58 63 46 66 112 0.06 12 
123 323 247 74 70 85 61 80 73 64 77 96 80 63 73 82 72 61 72 79 76 77 81 82 66 69 72 65 72 60 83 60 71 55 71 80 81 76 75 82 89 73 81 84 64 67 71 80 65 75 65 82 81 68 79 64 78 71 63 103 82 68 63 67 50 79 73 71 81 87 87 85 95 81 148 0.07 14 
124 356 409 52 20 26 19 21 26 15 24 32 33 23 34 38 22 34 18 29 45 30 18 25 19 28 36 21 33 29 31 22 45 25 23 17 38 30 30 32 12 31 41 32 21 23 37 32 15 15 9 35 23 23 33 29 30 28 36 27 25 31 20 34 16 28 20 21 29 23 28 35 23 33 78 0.07 14 
125 484 195 207 72 66 68 70 69 70 70 68 72 66 68 69 67 69 68 68 69 69 72 70 70 67 67 69 68 68 68 71 72 69 65 69 68 71 69 70 68 64 66 69 69 69 69 64 68 70 67 68 66 68 70 69 68 70 70 72 68 71 69 69 71 70 67 65 72 70 65 69 68 66 276 0.04 8 
126 190 392 80 51 34 38 34 24 53 50 34 33 46 46 41 45 55 36 48 24 38 29 31 20 39 31 29 28 30 61 41 46 55 34 30 29 42 37 47 40 48 49 33 40 44 44 46 41 30 50 42 49 23 45 35 38 32 42 29 43 33 50 30 19 38 44 43 49 34 36 37 44 33 120 0.03 6 
127 353 486 86 50 39 38 59 25 41 39 30 48 44 52 30 14 60 53 28 48 46 40 35 38 25 34 40 52 46 38 36 38 51 44 25 28 54 55 49 47 40 46 46 43 49 46 39 45 47 39 37 47 39 27 56 39 33 50 46 45 44 54 45 38 43 37 38 47 44 42 36 51 51 129 0.09 18 
128 477 427 180 86 91 82 88 91 91 83 88 87 89 86 92 87 94 95 88 86 87 91 96 90 88 95 86 88 89 96 90 92 91 86 92 88 90 87 91 87 85 90 88 91 91 85 89 88 88 91 90 88 87 94 91 92 89 89 88 91 88 87 87 88 92 96 94 91 86 89 84 90 89 270 0.08 16 
129 293 333 111 42 42 37 33 32 38 39 34 37 29 35 35 48 45 44 38 31 30 39 38 31 42 42 32 36 42 45 35 44 24 43 45 35 45 36 28 43 28 56 30 43 35 31 38 24 36 48 32 40 38 36 31 32 39 45 42 37 40 30 25 47 38 36 41 34 43 34 30 46 37 148 0.06 12 
130 382 121 162 36 46 60 59 63 51 52 60 75 59 59 53 55 61 63 46 68 49 46 50 55 56 42 62 63 38 51 56 56 67 50 66 56 47 48 36 59 54 65 50 44 51 54 49 49 65 40 55 46 43 56 41 47 38 62 35 65 62 49 64 54 49 64 41 59 48 59 54 57 51 216 0.07 14 
131 189 216 44 23 20 17 23 21 27 22 18 17 24 19 24 26 19 17 21 21 22 20 30 22 19 16 22 21 22 22 16 25 20 18 25 16 26 25 23 27 26 17 16 21 20 30 15 15 27 17 21 14 24 22 24 22 24 20 25 20 15 21 22 23 16 20 22 14 23 25 26 23 19 66 0.03 6 
132 331 314 57 27 15 7 19 23 10 22 27 14 1 28 24 20 16 15 23 33 20 0 21 21 13 29 35 14 0 41 20 10 26 22 0 22 7 26 14 5 4 7 8 11 9 5 18 27 28 28 13 23 18 10 9 22 21 21 14 33 6 19 16 0 6 17 16 8 25 6 21 31 26 76 0.04 8 
133 228 436 180 87 101 88 91 87 94 93 81 84 89 91 89 96 89 92 88 97 87 95 89 85 88 86 89 87 85 85 90 94 94 89 88 97 90 77 90 97 79 89 86 95 90 94 86 94 90 91 83 97 77 92 88 87 78 85 86 80 87 86 110 88 96 84 102 94 88 96 92 95 101 270 0.02 4 
134 121 180 87 32 30 31 31 32 25 22 33 28 21 23 28 24 29 30 29 34 20 24 27 38 33 28 28 34 25 22 29 25 24 29 35 22 29 26 30 23 25 27 34 22 17 19 33 21 28 37 26 33 27 24 26 25 30 36 22 21 32 26 24 32 28 35 26 35 33 21 19 36 28 116 0.02 4 
135 465 60 60 26 30 29 23 25 31 27 25 26 20 29 25 36 39 43 27 3 29 24 15 10 38 42 44 39 44 36 37 51 26 23 36 56 22 14 36 31 33 41 26 42 22 34 24 41 22 41 28 33 21 24 20 39 8 29 33 43 39 38 21 48 29 18 25 29 18 25 35 28 34 90 0.08 16 
136 269 477 51 6 12 0 27 26 2 33 12 23 7 24 6 26 25 10 21 16 18 7 20 22 5 11 22 30 20 21 8 6 23 12 30 0 0 0 0 0 13 22 20 14 11 3 15 23 23 20 12 0 25 4 16 0 31 24 25 8 24 0 14 10 8 2 8 9 20 8 29 19 7 68 0.07 14 
137 155 370 26 25 30 25 6 32 33 32 36 17 27 26 40 29 34 44 26 31 19 29 28 21 29 20 23 16 30 25 29 27 26 30 18 20 25 27 30 13 34 29 20 16 20 36 26 30 37 25 21 24 21 27 26 15 22 24 21 29 23 27 21 30 23 33 31 23 22 27 28 27 25 52 0.07 14 
138 395 435 42 24 11 17 0 24 7 26 27 15 27 0 38 60 19 26 26 35 26 42 32 29 10 30 20 11 35 28 10 9 15 30 22 25 15 37 34 24 5 9 22 19 22 21 13 7 18 10 27 35 12 8 45 33 27 22 14 15 20 15 37 34 21 10 16 3 25 9 30 18 26 63 0.02 4 
139 465 14 69 7 5 30 19 28 44 3 20 21 19 29 17 28 16 25 16 12 23 26 17 23 25 13 23 37 11 18 15 28 30 17 25 10 20 14 30 25 26 21 44 29 11 17 15 26 25 20 12 23 5 29 14 31 19 15 13 27 26 35 23 14 21 27 8 16 12 4 6 24 12 92 0.09 18 
140 152 93 65 65 66 68 67 65 64 62 62 63 64 69 65 63 66 63 64 65 68 65 63 64 68 61 64 67 63 67 66 64 65 65 62 62 64 66 65 61 65 68 66 65 64 62 64 64 63 64 60 68 63 66 65 65 65 63 66 64 64 63 67 60 63 63 63 63 65 63 65 63 63 130 0.06 12 
141 391 445 174 56 60 57 55 64 54 61 64 52 57 59 56 61 58 56 60 54 58 59 55 57 54 61 62 55 55 59 59 64 59 55 58 55 54 49 54 64 61 57 59 62 60 64 54 55 59 58 61 53 64 61 52 54 56 60 63 62 58 57 57 57 62 62 60 58 60 64 60 55 57 232 0.03 6 
142 22 299 234 79 77 78 77 72 74 75 82 73 76 89 79 67 91 76 65 75 93 86 68 88 75 67 93 77 85 76 77 68 77 83 80 85 83 78 83 85 76 93 71 75 86 78 68 67 74 78 70 79 78 83 86 80 68 70 87 91 91 90 75 83 81 76 81 83 85 79 72 87 75 312 0.04 8 
143 436 132 249 88 87 81 86 81 89 76 93 81 86 83 80 76 89 77 68 81 83 81 87 81 89 82 78 91 81 87 82 80 73 88 81 92 90 83 84 93 79 84 86 75 82 90 76 84 76 84 82 81 76 74 82 75 94 86 85 78 79 68 74 78 86 86 86 79 74 76 83 92 80 332 0.08 16 
144 169 4 94 99 98 86 91 92 91 102 88 96 93 94 93 95 99 96 97 97 98 101 91 95 95 93 92 93 91 100 96 89 95 93 90 93 91 98 93 92 92 85 97 96 90 92 96 95 94 91 90 94 92 96 90 89 97 95 92 94 94 95 93 97 95 92 93 94 95 86 95 89 99 188 0.03 6 
145 220 56 42 44 42 44 38 41 41 39 39 42 38 42 43 42 42 41 41 41 40 44 44 45 39 44 42 42 44 40 43 42 41 44 43 42 45 44 41 42 45 39 42 43 41 44 43 42 40 42 39 43 40 44 43 38 39 42 42 42 41 41 41 43 43 40 40 46 40 41 40 44 42 84 0.07 14 
146 370 425 88 85 85 93 86 86 93 92 85 87 80 89 86 82 85 73 89 87 81 91 81 90 84 91 95 88 86 95 84 86 84 88 91 78 88 94 91 83 83 89 84 91 88 86 97 82 89 90 100 92 92 91 86 84 92 91 85 87 87 89 89 81 89 83 85 92 82 97 88 91 85 176 0.04 8 
147 6 460 42 57 45 43 30 40 32 39 31 33 46 60 36 59 30 53 32 33 35 47 25 45 49 58 54 57 53 36 32 57 46 31 58 41 24 26 52 28 47 55 49 44 23 44 52 22 44 51 29 40 36 34 33 39 25 40 40 37 39 42 41 36 47 35 37 45 42 41 47 29 40 84 0.08 16 
148 396 278 54 24 40 17 25 31 33 26 19 24 27 32 25 32 19 25 26 31 24 32 19 25 36 24 27 21 23 22 29 27 24 35 13 32 15 38 23 24 15 20 19 32 30 18 44 26 17 27 28 30 44 13 34 28 49 20 26 36 26 32 19 19 22 19 21 33 19 44 25 26 31 81 0.03 6 
149 186 231 38 34 29 35 30 40 48 40 37 48 40 45 34 40 37 31 40 38 34 33 35 35 33 41 29 40 35 37 53 33 44 40 45 42 27 32 38 47 40 38 31 33 44 26 39 30 36 35 38 37 45 57 35 54 46 33 43 28 40 43 36 40 28 36 35 48 39 46 44 34 23 76 0.02 4 
150 432 146 276 83 90 95 81 112 98 100 90 97 100 87 85 81 105 89 94 90 93 92 92 92 97 86 97 92 101 92 98 81 79 93 96 92 89 103 103 91 94 97 97 83 87 90 106 104 91 84 105 83 97 94 83 85 96 100 95 93 92 77 92 99 96 97 86 90 88 93 87 91 101 368 0.03 6 
151 305 262 177 68 76 55 47 67 43 76 61 70 64 46 77 58 71 54 42 63 82 63 61 57 48 76 64 66 31 68 58 73 61 60 44 55 56 50 52 59 66 55 50 77 47 61 67 57 46 49 61 64 53 44 69 48 66 56 49 57 53 41 81 50 57 48 62 79 64 56 53 66 71 236 0.05 10 
152 448 470 100 56 76 33 53 40 56 55 39 48 30 45 51 46 63 44 68 26 40 73 59 42 48 61 49 41 44 50 49 57 46 41 41 69 53 47 34 22 33 35 48 38 45 67 54 66 39 54 52 45 40 45 65 45 49 39 39 53 54 48 44 46 41 54 52 65 35 54 51 33 59 150 0.07 14 
153 377 405 300 98 96 99 100 96 97 101 100 97 99 106 91 96 107 96 95 100 103 103 101 99 97 102 97 104 95 100 91 100 105 103 93 100 93 98 101 99 97 98 102 101 102 97 98 104 93 102 101 103 98 91 102 102 105 96 102 105 97 98 104 98 103 95 96 95 102 102 100 90 104 400 0.09 18 
154 188 100 65 59 60 54 63 72 76 59 56 39 67 69 40 76 63 59 49 48 47 62 62 64 72 59 78 55 62 78 59 47 55 55 65 71 80 80 69 57 50 70 67 71 56 74 65 67 66 51 68 45 67 66 71 49 74 53 70 66 72 64 53 73 67 61 53 67 65 75 74 73 54 130 0.04 8 
155 497 423 273 94 89 89 94 89 90 89 94 91 92 85 91 92 92 89 92 87 93 88 86 94 88 97 90 89 85 91 90 91 87 93 90 92 93 88 91 87 89 92 94 94 94 91 90 83 90 90 89 90 90 99 91 87 93 97 91 87 90 87 90 89 90 88 92 92 93 92 86 89 92 364 0.07 14 
156 265 240 44 42 43 45 46 45 41 43 42 47 45 44 42 43 47 44 43 43 45 41 43 42 40 43 41 41 45 48 46 44 46 45 45 42 45 47 41 47 42 43 43 44 44 45 45 44 43 45 41 46 43 46 43 42 42 41 45 46 43 42 47 42 40 44 46 42 42 41 44 43 42 88 0.03 6 
157 341 222 117 41 37 41 33 54 35 32 42 39 48 42 37 37 48 42 47 44 43 36 33 42 43 29 40 33 40 38 39 36 37 32 35 26 48 37 41 34 44 34 42 43 41 43 37 29 39 44 49 28 43 44 31 34 34 39 35 36 43 42 33 38 43 44 48 45 35 34 38 37 44 156 0.04 8 
158 398 33 24 20 33 31 21 29 18 26 36 26 29 24 24 23 14 20 23 24 18 27 15 26 12 40 39 17 24 18 12 13 17 22 35 28 41 8 22 20 6 28 24 28 34 20 19 24 14 27 22 20 26 26 28 27 25 18 15 37 20 30 6 17 49 26 17 29 24 24 26 28 20 48 0.09 18 
159 165 364 87 31 10 32 33 16 16 28 37 25 18 28 29 43 13 29 26 18 29 28 15 33 23 31 37 28 16 18 28 34 37 20 32 12 29 36 26 33 41 37 35 32 19 26 36 25 33 35 41 25 32 25 29 29 35 31 14 26 34 30 29 20 27 24 37 21 26 35 30 29 45 116 0.02 4 
160 446 438 30 19 10 17 0 13 12 20 0 0 16 21 0 9 4 4 1 0 14 16 0 21 0 19 7 8 20 8 0 18 2 18 0 9 21 6 8 6 8 8 2 0 27 2 1 0 14 3 0 17 3 5 9 19 0 0 1 34 5 10 4 20 6 11 3 15 7 11 0 9 4 40 0.04 8 
161 63 183 63 18 22 18 20 17 24 24 20 23 20 18 21 21 20 24 17 18 21 22 23 21 22 17 11 14 16 20 20 25 25 20 20 28 19 18 21 18 19 15 25 23 25 23 23 18 22 21 19 20 21 19 23 16 22 18 21 16 28 18 21 14 22 18 20 23 19 24 18 16 16 84 0.02 4 
162 122 178 180 60 57 53 53 56 63 66 56 66 57 71 64 54 46 67 72 59 65 63 51 62 66 61 70 59 54 77 63 58 57 59 54 67 48 61 69 57 68 58 49 66 50 53 56 65 57 45 57 59 61 53 71 59 73 54 59 59 66 63 45 72 56 49 60 59 54 54 72 61 54 240 0.04 8 
163 411 99 43 51 42 48 39 40 41 47 47 45 39 39 42 44 44 55 42 38 42 38 41 42 55 49 42 42 45 49 44 51 39 38 50 46 42 45 48 43 44 37 42 46 41 47 37 43 40 38 43 43 39 47 51 46 45 48 42 43 38 46 42 38 45 41 39 48 46 42 50 41 49 86 0.04 8 
164 93 489 140 84 76 67 80 72 65 68 60 68 80 71 74 71 82 78 71 79 71 65 71 71 62 61 67 86 66 69 67 72 66 77 59 73 54 55 63 81 66 68 70 70 66 59 56 74 95 78 70 75 72 73 72 69 68 68 56 62 63 55 82 66 71 78 66 69 72 76 58 62 58 210 0.08 16 
165 33 51 36 9 12 11 12 12 11 11 13 14 9 11 13 9 13 10 11 12 13 16 10 13 11 11 11 8 8 11 13 14 10 15 11 11 13 13 10 12 14 14 11 13 10 13 12 10 11 13 14 12 10 13 11 12 12 11 8 8 11 13 10 13 11 10 10 12 12 11 8 11 14 48 0.04 8 
166 418 463 24 4 14 11 3 3 4 25 5 20 7 12 22 22 14 7 6 11 8 7 0 4 15 15 23 17 20 10 0 13 0 12 0 20 13 11 2 18 0 16 0 3 16 15 2 18 26 12 0 22 18 2 14 17 12 27 16 0 18 8 5 5 26 4 4 33 9 6 2 7 5 36 0.04 8 
167 360 192 96 110 94 96 90 90 104 101 101 107 100 91 97 107 101 100 84 90 88 91 97 97 90 96 98 98 93 104 95 93 102 91 86 99 96 98 95 92 96 90 95 99 92 102 92 92 96 92 94 104 96 96 93 95 98 88 95 99 91 96 95 96 101 93 99 101 97 93 99 96 103 192 0.02 4 
168 96 170 62 34 28 30 31 29 31 28 32 31 29 30 31 29 33 31 33 26 28 30 31 32 31 31 30 31 32 30 31 31 28 31 30 28 31 32 30 31 34 29 28 30 33 32 31 29 31 26 32 29 31 28 29 28 30 32 26 32 31 30 32 33 28 26 30 28 30 33 32 27 33 93 0.08 16 
169 365 373 147 50 47 46 45 49 49 46 48 47 50 47 48 51 50 49 46 50 52 51 47 47 48 49 51 47 53 46 51 46 49 48 47 50 49 48 44 45 53 45 50 50 48 50 50 50 48 49 48 49 50 49 50 49 47 44 49 52 48 49 50 47 47 46 48 51 52 49 48 47 48 196 0.04 8 
170 137 205 204 69 69 68 71 67 67 64 67 67 69 67 68 64 70 68 67 64 71 69 67 66 69 70 67 69 64 67 66 68 69 68 63 66 67 66 67 71 68 68 69 66 68 71 70 67 67 64 66 66 67 66 68 67 64 67 71 68 65 68 69 69 68 69 69 67 71 67 69 67 68 272 0.04 8 
171 28 204 48 19 23 21 23 26 27 25 23 24 21 24 23 19 24 23 19 24 22 19 22 25 24 24 23 27 25 24 22 23 27 25 25 24 23 22 17 24 24 20 24 22 23 25 23 23 21 24 22 28 26 23 21 28 22 21 24 21 29 25 24 25 24 27 27 24 22 22 19 24 24 72 0.05 10 
172 362 278 237 77 86 83 79 82 67 84 76 75 78 93 82 79 79 75 67 95 90 84 91 78 81 81 82 75 78 82 70 85 86 85 78 80 83 77 80 78 76 76 79 73 80 83 82 84 80 82 78 72 77 89 85 81 79 70 85 88 70 78 82 83 75 77 65 90 81 83 77 83 82 316 0.06 12 
173 410 63 288 95 84 91 96 104 100 95 91 98 106 86 81 86 94 100 100 102 95 86 104 91 113 99 92 88 102 96 90 91 104 94 97 105 86 79 109 98 94 99 84 84 106 92 91 94 102 103 96 97 88 77 98 90 102 99 90 105 94 102 92 96 99 100 100 88 96 94 90 101 93 384 0.03 6 
174 70 26 116 59 46 68 53 55 55 63 54 54 61 57 54 54 49 63 65 50 62 54 60 44 64 63 57 59 46 64 51 57 63 64 64 72 64 60 65 60 50 47 56 71 52 54 54 59 55 61 56 56 57 57 61 68 49 59 66 57 57 58 62 63 50 60 61 59 62 54 65 57 53 174 0.08 16 
175 120 66 80 82 82 73 84 84 88 91 73 88 82 82 84 76 80 87 84 72 73 68 88 87 83 73 63 77 78 80 86 79 80 89 80 90 82 70 70 80 75 77 60 75 73 85 87 86 72 80 80 87 85 83 84 71 72 96 79 72 73 84 83 83 83 77 73 77 86 81 84 81 80 160 0.09 18 
176 175 143 258 82 91 87 84 84 83 81 86 85 85 81 89 87 86 85 81 90 85 88 81 90 83 90 80 90 91 85 85 89 83 87 87 82 84 85 90 90 88 84 87 85 82 84 87 83 86 82 82 82 80 85 82 84 84 85 87 86 88 91 86 85 81 84 87 84 86 83 89 82 86 344 0.06 12 
177 449 376 51 17 8 15 15 25 23 12 25 16 23 24 24 12 16 12 21 21 13 13 8 15 14 18 24 24 20 24 20 9 28 12 16 20 33 23 10 27 3 24 26 15 10 18 13 10 20 17 16 11 17 27 16 21 14 12 25 14 12 12 25 12 8 23 20 14 17 26 13 24 16 68 0.02 4 
178 423 85 288 90 101 92 96 104 100 93 102 90 91 91 102 98 93 96 97 100 91 98 92 99 95 103 95 98 90 91 82 89 91 92 98 94 101 89 97 97 98 94 113 94 96 96 94 98 92 98 95 91 96 98 89 93 98 95 88 96 93 89 96 85 98 94 103 101 86 91 104 97 92 384 0.02 4 
179 141 219 102 55 52 45 45 54 56 53 48 49 42 43 56 53 35 45 62 63 44 49 55 68 48 49 50 45 54 38 41 55 49 57 52 33 49 64 40 57 50 51 54 56 56 76 57 42 45 65 54 41 40 58 44 51 45 64 44 46 58 52 55 46 33 42 62 42 50 41 61 57 63 153 0.09 18 
180 375 126 150 90 78 68 80 80 68 64 73 81 78 74 71 64 75 65 77 81 79 79 70 75 76 82 72 70 64 71 73 72 81 67 65 78 77 87 74 69 67 80 73 65 66 67 78 65 76 80 69 84 72 77 70 77 76 73 81 71 73 74 72 76 68 80 71 77 76 77 73 84 75 225 0.05 10 
181 437 333 123 40 42 42 39 40 41 43 43 40 44 45 41 41 40 40 40 41 38 42 42 41 41 37 36 43 43 36 39 40 41 43 42 42 41 43 39 43 41 42 40 44 37 41 38 43 43 40 38 40 36 39 40 37 37 36 40 39 41 40 44 40 40 40 41 41 39 42 39 40 43 164 0.02 4 
182 461 88 21 10 9 5 19 9 29 23 16 36 30 18 33 3 23 12 28 26 9 21 21 7 10 17 11 14 12 25 18 7 12 34 18 18 4 17 21 14 14 19 20 12 34 32 21 21 13 10 16 21 22 28 9 11 25 24 18 8 26 13 19 23 34 19 6 22 30 20 34 26 3 42 0.03 6 
183 190 288 120 75 42 59 66 71 59 53 45 75 79 73 54 65 46 53 46 59 54 58 66 80 54 50 54 57 66 52 63 51 55 58 38 67 55 75 60 50 58 66 48 66 57 48 68 58 63 68 56 66 52 42 62 66 65 66 62 50 45 52 60 71 70 57 69 55 54 66 55 63 68 180 0.04 8 
184 236 283 222 79 80 71 76 61 76 68 65 66 76 73 72 72 77 66 62 68 74 71 76 73 82 64 70 62 70 75 69 76 78 77 78 74 78 91 73 71 82 70 86 70 76 82 74 78 78 74 76 85 63 80 72 68 64 71 74 83 65 73 69 72 79 71 83 79 72 68 74 77 86 296 0.08 16 
185 235 314 158 78 74 81 79 77 77 80 76 80 80 76 77 78 78 79 77 80 79 81 74 77 78 78 81 76 78 77 81 77 79 78 83 76 78 78 79 80 80 79 79 81 78 77 81 81 79 81 78 75 79 75 76 80 75 77 78 80 79 79 78 82 84 77 78 77 78 81 79 79 78 237 0.05 10 
186 141 327 20 29 25 20 20 17 20 24 10 18 20 22 22 15 20 19 17 16 19 33 15 16 24 21 13 19 17 20 19 23 17 19 10 18 23 19 28 20 18 20 17 19 14 23 18 23 21 22 18 16 20 15 13 18 16 17 21 20 14 15 24 23 24 25 26 22 28 16 14 23 11 40 0.02 4 
187 300 403 111 45 35 29 37 27 35 32 43 39 49 43 29 37 18 43 46 27 38 31 42 38 29 29 36 24 35 45 53 53 38 20 29 48 54 44 22 47 38 43 46 24 38 47 40 38 44 47 29 34 29 31 35 47 23 38 50 34 46 37 43 28 26 23 30 37 25 33 39 42 52 148 0.09 18 
188 394 370 58 31 32 25 35 14 19 26 23 34 36 12 26 38 32 32 36 41 25 41 32 24 48 32 35 32 35 28 22 26 32 34 25 27 28 33 32 18 26 35 24 33 29 40 18 21 32 30 31 38 25 24 29 31 32 28 29 14 22 21 26 36 29 26 17 3 32 31 30 29 26 87 0.04 8 
189 364 367 270 89 88 89 90 92 91 88 88 92 89 93 86 90 90 87 92 94 90 90 91 88 86 89 91 91 88 91 89 87 87 89 90 89 90 91 91 92 87 86 89 90 89 91 90 90 88 91 91 88 91 89 92 91 91 90 90 91 96 89 89 88 88 89 91 87 90 91 92 86 86 360 0.05 10 
190 167 293 42 13 11 11 14 11 13 18 22 16 18 11 11 15 14 11 15 20 18 10 11 15 12 15 18 16 11 20 12 19 16 16 18 12 13 11 17 24 10 15 14 9 19 18 9 14 11 10 12 15 12 15 19 16 12 14 10 12 14 9 12 13 10 14 19 10 16 13 11 16 11 56 0.08 16 
191 273 312 70 45 34 30 34 37 28 44 35 27 35 28 25 36 28 52 38 29 33 38 32 30 31 38 29 34 31 40 36 36 36 41 39 32 28 43 35 49 44 30 25 28 39 42 29 47 26 29 36 30 29 43 39 38 28 30 36 34 28 23 29 41 33 21 37 24 23 45 44 39 31 105 0.04 8 
192 250 32 132 53 43 42 50 53 46 38 41 43 46 52 39 48 42 46 43 32 42 43 52 48 48 44 55 48 51 52 44 52 46 42 45 43 42 43 41 35 58 45 50 47 42 40 35 44 45 35 36 41 32 41 47 50 39 48 43 54 43 46 33 41 51 51 46 43 60 41 45 44 31 176 0.04 8 
193 70 103 198 66 63 72 70 62 71 65 71 64 65 68 64 70 60 65 70 70 63 65 68 66 70 69 71 67 75 64 63 61 64 68 65 68 60 61 59 65 69 64 67 70 63 64 67 59 61 64 69 67 64 64 62 76 60 55 68 73 64 68 67 66 70 61 60 63 70 74 67 68 59 264 0.06 12 
194 170 343 72 39 34 35 35 41 35 28 26 34 38 36 35 28 36 40 35 37 40 32 37 40 35 40 38 40 39 42 34 36 34 35 43 37 34 42 28 29 37 37 37 31 31 38 39 38 39 34 38 29 38 42 36 29 34 31 31 41 36 43 36 34 38 35 40 29 34 33 32 39 41 108 0.09 18 
195 239 434 142 72 67 66 69 62 68 68 71 70 68 67 72 67 65 72 70 71 69 67 71 70 77 75 70 70 63 58 73 75 82 68 67 75 68 68 70 74 75 69 67 72 75 68 74 73 68 69 75 70 72 68 67 70 70 65 71 72 70 67 71 71 69 69 77 72 70 65 71 75 62 213 0.03 6 
196 374 399 26 27 31 31 31 25 27 30 28 26 28 25 21 26 19 19 21 26 20 27 31 28 26 25 19 24 21 27 30 25 22 27 26 24 22 23 27 23 27 23 27 20 24 26 31 27 21 24 18 29 27 28 23 18 23 26 30 27 29 24 29 24 20 22 22 26 25 28 22 20 22 52 0.09 18 
197 53 185 58 20 25 23 23 28 29 22 29 30 26 32 38 31 27 30 27 31 34 26 28 37 33 29 25 21 38 35 32 25 29 30 21 30 25 26 25 21 33 33 27 32 31 29 30 26 28 31 28 33 29 26 26 28 32 26 40 30 29 24 27 30 33 24 27 28 31 22 29 21 32 87 0.09 18 
198 386 232 74 41 38 35 35 34 37 34 37 36 39 38 41 39 34 33 36 34 34 33 35 42 37 33 34 36 35 39 38 40 35 36 41 37 42 43 41 33 35 38 32 34 35 32 37 37 36 39 36 38 34 39 43 33 38 37 35 31 36 32 38 35 39 34 36 35 36 33 41 38 35 111 0.02 4 
199 200 72 77 94 80 77 74 81 97 80 72 83 63 77 72 73 77 62 88 73 67 66 80 78 81 68 57 77 79 78 69 82 74 78 75 76 91 63 87 85 73 64 86 76 81 75 79 76 82 81 74 77 70 91 85 78 60 74 63 81 79 78 77 72 69 71 81 88 83 79 84 79 70 154 0.06 12 
200 322 10 112 69 57 42 41 60 50 47 64 46 57 50 60 56 63 61 59 47 49 52 45 52 52 48 41 50 53 53 55 52 62 66 50 61 49 62 45 55 48 52 56 65 53 61 49 64 75 45 70 49 51 56 58 63 53 55 60 62 43 60 63 63 52 52 49 49 64 56 54 44 83 168 0.06 12 
