125 5 10575
0 254 373 20629 14498 14500 14498 14501 14500 0.01
1 472 403 84 48 31 54 58 25 37 25 36 33 40 51 42 31 42 31 59 23 41 28 37 38 34 51 41 35 45 43 47 44 60 49 47 59 23 50 28 57 41 34 38 40 42 42 41 42 36 42 52 52 48 40 53 42 25 56 126 0.04 8 
2 383 298 29 37 33 34 23 22 11 33 28 35 30 27 25 22 30 29 22 27 26 20 22 11 24 35 36 25 30 16 22 25 37 33 26 27 35 35 33 31 25 22 36 26 30 26 30 29 24 30 33 36 33 23 35 23 7 32 58 0.09 18 
3 207 455 136 72 70 75 67 60 73 52 77 58 78 64 73 62 69 71 64 53 81 57 73 64 79 69 78 76 58 68 70 92 56 62 68 70 74 71 76 68 64 71 56 58 58 56 58 84 57 76 67 64 69 70 82 67 75 47 204 0.07 14 
4 144 194 93 92 93 96 94 92 94 96 93 93 93 93 94 96 94 90 95 90 91 93 94 94 93 91 94 92 95 91 90 92 92 96 93 93 92 93 90 96 92 97 91 91 88 96 94 92 91 93 92 92 91 93 94 90 91 96 186 0.07 14 
5 48 37 87 23 25 22 28 28 31 25 24 26 28 33 37 22 43 21 26 29 31 34 32 31 32 26 32 25 38 29 29 18 31 24 21 35 31 18 30 26 24 39 29 34 35 31 37 24 34 25 28 30 28 38 36 31 24 34 116 0.06 12 
6 295 323 92 48 51 44 55 46 46 40 42 36 49 44 48 50 44 51 50 47 55 42 46 33 51 47 47 54 45 44 38 48 45 52 35 42 51 39 42 56 39 48 39 42 41 46 40 45 45 47 41 45 55 44 47 49 43 49 138 0.07 14 
7 424 414 153 48 36 53 55 39 50 46 43 47 61 48 56 55 47 56 48 48 57 59 41 50 42 42 50 58 52 50 49 63 45 52 49 43 54 50 49 37 55 45 58 49 46 47 44 41 51 48 37 64 36 51 51 48 57 52 204 0.03 6 
8 355 153 183 82 71 68 49 55 53 41 56 41 50 65 66 52 72 63 64 68 82 51 52 64 53 67 53 73 49 53 60 62 64 58 59 72 52 68 64 63 54 76 54 62 65 39 48 61 60 49 74 57 85 57 77 61 61 54 244 0.08 16 
9 352 425 66 23 18 23 19 22 19 28 21 19 23 18 20 23 22 23 20 20 20 20 20 18 19 15 21 23 23 21 23 19 22 22 26 23 19 21 26 23 27 17 22 21 21 19 22 20 20 26 21 24 15 23 23 17 18 21 88 0.04 8 
10 261 450 153 50 52 46 52 55 58 47 37 28 50 54 55 57 31 68 54 50 39 41 57 68 38 52 49 41 62 53 71 60 40 59 62 51 52 57 66 62 62 43 49 43 43 44 64 55 54 52 43 43 40 50 55 45 59 57 204 0.03 6 
11 46 287 33 28 34 25 36 43 30 32 34 24 38 21 33 25 40 31 30 31 28 42 28 37 27 32 24 38 38 30 31 22 25 34 37 27 32 30 35 33 31 27 45 31 32 37 39 36 24 37 34 30 35 31 29 30 32 32 66 0.05 10 
12 64 324 46 32 26 28 25 23 28 30 18 16 31 21 18 13 16 16 23 27 27 12 27 18 13 21 17 21 25 22 30 31 21 15 22 25 30 17 17 22 43 9 23 22 35 26 15 30 14 21 23 15 21 29 38 19 19 28 69 0.06 12 
13 456 186 243 80 81 84 68 83 98 81 76 73 97 82 78 81 79 74 84 73 74 81 78 94 92 81 75 81 84 80 87 82 87 80 90 78 74 80 77 70 77 87 82 75 94 82 82 68 79 77 81 73 86 93 74 75 74 80 324 0.07 14 
14 371 209 258 86 87 83 86 82 84 87 84 85 85 87 84 88 83 84 87 89 88 85 88 83 89 87 82 88 83 84 83 85 89 87 83 84 86 87 82 86 87 86 83 89 83 84 85 87 88 88 85 88 86 85 85 88 86 87 344 0.06 12 
15 63 219 162 82 77 79 80 79 78 81 78 83 78 80 83 80 84 82 79 81 81 84 79 84 81 79 81 84 80 80 81 81 79 78 82 79 80 80 79 85 83 79 80 78 79 80 80 84 79 81 80 80 83 80 80 80 77 79 243 0.07 14 
16 145 452 102 49 49 51 51 51 54 50 52 52 53 53 50 48 50 49 51 50 49 51 49 50 50 51 53 50 52 47 51 51 51 52 48 49 51 50 53 53 52 51 51 50 45 51 49 51 53 51 53 46 50 48 51 50 47 51 153 0.07 14 
17 441 472 190 95 94 95 98 94 95 97 96 93 97 97 97 92 93 91 94 96 94 92 97 97 93 95 98 91 95 96 96 95 94 95 96 96 92 94 96 94 96 94 91 95 95 94 92 96 96 96 97 91 98 93 94 91 94 98 285 0.04 8 
18 277 111 12 4 7 13 18 7 0 13 7 8 0 11 16 0 17 1 16 4 8 3 12 14 11 13 3 27 8 16 15 12 8 8 7 1 27 15 10 25 28 10 16 24 6 11 9 11 10 15 23 18 12 11 16 15 20 9 24 0.03 6 
19 294 447 172 86 85 82 89 79 81 90 87 83 89 83 82 91 91 77 88 82 89 88 95 88 89 83 82 82 82 80 83 85 88 85 82 79 88 80 89 86 81 79 84 90 85 86 87 80 87 87 83 87 86 91 87 94 85 89 258 0.02 4 
20 374 211 98 94 96 99 97 100 102 95 93 93 93 92 99 97 105 97 98 100 96 94 93 97 94 100 96 93 96 95 98 100 96 97 100 95 98 96 94 92 100 98 96 95 102 101 93 98 94 94 103 98 93 100 98 94 98 94 196 0.07 14 
21 483 56 87 29 31 28 25 30 29 26 29 29 29 27 28 27 25 27 26 29 26 25 30 28 26 24 26 28 28 28 30 33 25 29 27 25 26 28 29 27 28 28 29 32 30 28 30 27 30 28 32 27 31 27 29 27 30 29 116 0.07 14 
22 214 66 136 73 62 69 66 64 69 67 71 70 71 62 69 72 70 68 67 69 64 68 65 74 72 62 66 70 66 72 72 60 69 65 65 67 68 61 69 63 66 65 75 68 72 71 63 62 67 67 73 73 68 68 69 74 63 69 204 0.06 12 
23 479 77 228 77 78 68 60 77 71 80 89 73 71 75 71 83 80 68 77 63 52 81 57 72 89 81 76 70 72 91 52 63 74 76 60 76 88 77 72 74 80 72 75 87 74 58 72 88 68 88 69 67 77 79 72 84 79 63 304 0.05 10 
24 263 305 108 35 36 36 41 37 33 37 34 34 38 33 38 36 34 36 36 35 35 36 36 34 36 37 35 37 37 33 37 36 34 37 34 38 36 36 33 38 33 33 35 38 37 34 33 33 33 34 38 35 34 38 35 39 33 34 144 0.03 6 
25 238 411 170 89 86 87 87 80 85 86 91 83 84 85 81 82 76 83 88 86 84 80 80 84 73 87 84 89 79 82 84 82 82 90 90 78 82 76 85 80 86 90 79 85 83 86 85 89 86 84 86 79 73 89 79 85 86 84 255 0.06 12 
26 183 448 31 30 31 28 28 33 27 27 34 34 32 21 31 27 28 30 25 28 35 26 32 34 41 32 23 30 30 30 29 31 25 32 27 34 24 31 15 29 31 24 28 29 28 32 28 26 22 34 25 34 28 35 24 27 35 25 62 0.03 6 
27 467 292 59 60 62 52 55 60 57 65 60 57 55 62 62 57 61 54 67 56 56 58 57 50 61 56 59 61 51 55 47 60 54 57 61 67 53 53 59 69 67 62 49 54 57 51 57 60 60 57 63 52 64 57 54 49 59 56 118 0.06 12 
28 37 3 66 67 63 68 69 69 61 67 71 65 66 62 67 64 68 67 68 74 62 65 66 70 65 67 66 68 64 68 72 66 67 64 68 56 63 80 62 66 65 68 70 67 63 72 60 62 70 66 58 64 69 67 66 72 64 64 132 0.02 4 
29 256 369 58 61 50 56 61 60 60 62 61 57 59 56 52 58 62 57 63 52 59 57 56 55 59 59 61 58 58 57 56 59 58 53 58 56 58 57 58 57 58 55 54 60 62 60 54 53 60 62 53 62 57 60 51 56 57 57 116 0.02 4 
30 387 373 10 20 24 16 14 7 4 0 8 7 5 17 13 13 0 5 17 17 22 0 0 9 9 0 0 9 18 13 9 7 11 7 10 17 12 13 3 0 26 18 11 15 12 0 16 1 21 5 4 9 15 1 16 11 19 0 20 0.03 6 
31 4 238 63 59 51 62 75 63 62 50 63 64 58 70 60 60 52 72 65 67 47 67 52 70 66 60 53 62 66 50 62 62 63 65 61 56 68 77 73 66 52 53 65 66 81 69 46 79 70 62 63 71 58 54 58 57 63 54 126 0.08 16 
32 420 62 120 34 44 41 41 41 43 27 39 35 37 31 41 45 33 39 44 46 43 29 47 40 38 33 36 41 33 40 39 41 40 32 41 38 37 38 37 46 40 40 35 41 45 45 38 40 39 52 41 44 44 37 39 37 43 40 160 0.09 18 
33 176 471 60 20 17 19 29 16 15 10 25 23 26 22 16 21 19 25 25 26 20 16 18 18 24 26 20 24 22 19 29 22 31 27 23 17 9 29 7 27 18 25 26 14 25 27 12 6 18 16 26 16 30 28 2 20 15 16 80 0.08 16 
34 357 209 195 68 64 68 74 69 58 64 61 61 54 68 63 62 57 65 57 60 69 67 59 63 63 69 69 67 73 59 64 62 59 61 60 60 68 59 63 60 60 61 64 59 54 53 64 65 65 63 61 62 71 71 68 70 66 65 260 0.09 18 
35 432 11 134 64 71 65 66 63 62 61 67 66 70 64 64 66 67 72 63 62 57 65 66 61 69 64 71 59 62 62 65 64 63 65 69 72 67 66 72 66 62 63 72 68 65 70 66 61 71 63 69 65 64 66 66 73 74 63 201 0.06 12 
36 358 271 128 50 63 61 75 58 69 54 78 58 66 65 67 67 53 56 59 64 66 60 59 51 62 50 64 68 67 72 73 64 55 70 52 64 56 61 65 66 51 62 70 63 48 72 52 65 69 70 55 63 52 63 65 44 59 62 192 0.04 8 
37 493 124 98 101 102 106 94 95 84 92 92 75 107 103 89 91 94 92 97 103 96 99 99 95 110 75 91 108 101 115 82 96 94 84 99 101 109 101 111 105 95 100 103 96 96 97 94 104 100 107 101 100 103 109 90 112 88 100 196 0.03 6 
38 114 212 180 89 86 96 100 98 81 101 90 87 91 85 77 97 85 95 97 91 82 81 93 91 91 81 92 102 81 96 79 92 93 94 79 88 74 85 85 83 83 93 97 94 87 93 87 91 97 84 91 85 94 78 79 93 88 83 270 0.04 8 
39 56 31 91 91 90 89 97 90 94 87 85 99 86 86 90 90 89 93 95 89 97 92 87 89 94 92 86 93 89 91 86 98 88 86 96 84 92 95 85 95 96 87 84 79 89 90 95 89 88 91 85 83 102 102 92 88 90 90 182 0.03 6 
40 145 410 12 11 7 4 12 15 15 15 14 10 7 6 4 18 28 18 13 0 7 11 6 27 10 23 13 6 22 12 15 0 16 13 10 19 17 0 3 16 7 0 0 8 9 9 0 15 13 3 18 2 22 14 12 11 21 28 24 0.07 14 
41 472 358 36 44 24 24 11 21 45 37 34 21 47 34 44 30 31 25 57 38 26 30 44 31 40 20 36 37 40 50 44 17 52 36 38 22 34 52 23 39 27 27 34 26 13 32 38 38 40 50 48 38 40 28 46 48 29 34 72 0.06 12 
42 213 331 75 72 73 78 73 70 68 74 72 80 74 74 73 76 73 73 71 71 76 80 73 69 71 77 74 75 72 78 70 78 78 80 72 75 72 74 70 74 69 71 75 78 70 77 72 76 67 74 71 74 77 66 77 75 77 74 150 0.02 4 
43 492 331 34 18 27 13 15 21 20 13 12 16 17 18 12 9 15 5 15 5 26 20 20 0 12 17 16 1 11 5 7 17 28 17 10 14 10 21 29 10 18 14 20 19 7 22 12 18 13 5 13 20 15 27 18 10 14 19 51 0.03 6 
44 8 439 57 34 19 27 24 21 19 35 24 18 10 15 8 17 20 14 16 26 21 10 30 22 34 20 29 20 18 20 9 15 6 31 7 15 22 19 0 26 18 21 24 17 21 0 26 10 15 31 15 17 1 19 19 11 16 12 76 0.06 12 
45 122 369 249 89 76 88 75 71 100 96 80 97 79 86 82 74 90 70 90 76 83 84 89 86 77 82 77 81 76 67 92 90 69 82 75 79 82 91 89 75 72 74 85 75 79 81 82 72 84 77 72 79 86 84 77 84 91 96 332 0.08 16 
46 363 318 65 66 70 67 66 66 66 69 65 59 67 59 66 70 69 67 67 60 64 60 59 65 66 66 65 67 70 65 62 67 64 68 64 67 62 69 62 66 65 64 63 62 68 65 61 71 64 69 63 68 63 64 65 66 67 67 130 0.08 16 
47 338 70 26 14 7 6 16 17 16 11 5 7 9 7 10 4 18 13 15 5 7 18 16 12 15 19 13 23 9 5 17 16 14 9 10 9 12 7 24 14 12 18 21 13 12 7 10 10 19 2 22 13 22 20 13 17 8 13 39 0.09 18 
48 292 253 69 26 0 27 12 35 25 26 9 25 30 15 14 24 20 11 20 44 28 41 15 46 13 34 34 27 25 13 7 8 26 21 11 16 32 41 17 29 10 29 16 21 20 35 38 19 17 30 21 24 25 22 16 13 25 17 92 0.05 10 
49 211 480 69 74 70 90 76 57 81 78 67 70 77 66 58 50 75 57 72 67 71 66 63 69 76 50 78 70 83 73 69 68 70 76 66 50 59 65 67 59 69 69 75 68 69 79 65 81 64 70 70 81 52 61 62 52 69 62 138 0.09 18 
50 487 168 40 12 21 29 19 24 16 23 32 20 5 20 19 28 1 24 0 15 32 30 23 27 15 19 0 24 22 16 39 30 0 30 23 21 14 11 29 27 16 14 18 23 19 21 0 0 17 26 5 31 13 38 51 9 0 15 60 0.03 6 
51 195 368 13 25 3 14 19 17 14 11 4 21 0 11 20 21 24 18 18 0 19 10 21 4 34 12 9 2 24 17 14 14 10 33 15 7 4 14 6 15 0 9 0 14 18 20 25 14 19 15 9 22 8 11 8 20 11 13 26 0.06 12 
52 116 138 168 59 57 56 60 54 56 56 56 56 57 51 56 50 58 51 57 57 52 55 59 50 53 56 53 52 53 56 57 50 54 53 57 60 55 62 54 54 57 60 53 57 54 55 55 54 57 58 58 55 56 55 54 59 57 56 224 0.08 16 
53 273 319 144 74 87 62 68 72 68 73 82 64 90 59 68 62 71 63 77 71 68 78 63 76 84 57 57 60 76 76 77 79 77 65 72 71 87 65 72 87 65 79 72 72 65 77 68 55 85 65 65 68 77 73 66 76 64 56 216 0.04 8 
54 129 474 95 96 98 89 100 91 97 103 94 92 95 97 96 98 99 102 92 88 97 93 92 91 96 89 89 101 95 95 101 88 105 105 84 92 92 94 106 98 95 102 96 81 95 86 97 99 94 95 102 98 93 93 85 98 92 100 190 0.07 14 
55 410 420 120 65 76 55 65 66 72 59 51 58 72 58 55 59 48 55 75 30 56 70 59 49 60 57 80 73 77 62 51 62 71 68 59 53 57 63 44 64 57 53 49 61 62 55 67 57 43 52 51 57 67 49 60 63 50 68 180 0.04 8 
56 0 224 140 73 64 55 75 74 63 69 65 66 58 73 71 72 71 74 58 60 57 63 68 72 69 61 81 66 78 74 65 63 72 76 69 59 71 78 67 63 69 65 75 58 70 76 69 66 78 91 75 76 78 65 82 69 81 76 210 0.05 10 
57 425 61 98 49 50 59 52 56 43 49 37 48 41 50 44 46 48 45 56 53 55 44 55 45 55 52 39 54 46 48 50 41 47 54 56 31 48 45 42 57 57 55 42 51 47 42 42 45 53 50 42 47 54 55 45 40 52 55 147 0.04 8 
58 97 134 96 101 100 97 91 98 95 89 99 95 93 102 95 98 96 97 95 97 84 95 92 89 93 104 104 94 93 100 91 100 95 86 100 102 94 92 107 102 94 96 99 89 89 102 93 82 89 93 98 88 81 97 96 91 95 101 192 0.03 6 
59 154 349 73 72 65 74 74 78 66 73 72 77 72 72 73 74 73 73 67 70 68 74 73 75 65 73 68 74 69 70 72 74 72 75 68 73 78 74 76 77 77 73 76 73 71 70 75 77 75 73 73 77 73 79 70 74 79 74 146 0.06 12 
60 482 133 56 29 22 28 31 31 23 28 33 19 32 21 33 27 36 30 24 28 31 34 35 32 30 33 19 25 28 33 36 21 26 33 32 36 28 25 27 32 29 21 29 36 26 23 31 33 28 29 33 27 27 29 21 24 20 34 84 0.03 6 
61 249 237 95 98 96 85 100 93 90 94 97 88 96 94 88 96 94 98 89 97 100 91 100 97 95 88 102 97 91 93 90 84 93 92 97 90 102 95 94 82 98 93 90 91 87 96 90 91 105 99 92 107 90 103 98 94 93 99 190 0.07 14 
62 424 252 150 50 46 50 50 52 50 53 49 55 58 51 50 48 47 50 43 45 48 51 49 52 50 53 47 52 46 51 47 50 49 46 50 45 53 51 50 50 51 51 46 48 49 51 51 51 50 49 50 47 48 45 51 50 46 46 200 0.02 4 
63 175 244 123 38 21 36 36 40 36 47 32 42 38 45 42 29 39 41 38 38 49 38 23 32 44 45 48 42 39 46 36 41 45 45 41 50 54 47 26 49 56 42 53 56 31 43 40 34 41 42 34 43 34 45 33 40 20 49 164 0.04 8 
64 229 52 195 66 62 64 67 63 65 63 64 65 66 63 67 66 63 67 65 65 65 65 64 66 64 63 67 64 63 61 61 66 64 64 62 66 66 63 64 66 66 62 65 61 64 63 64 64 65 67 63 63 67 64 64 65 67 65 260 0.05 10 
65 135 264 36 18 16 25 12 17 19 20 22 14 17 16 23 21 16 15 17 19 15 24 17 21 21 12 17 23 18 17 16 17 16 20 16 18 22 17 16 19 20 18 21 18 17 14 20 21 16 17 18 14 19 16 16 20 13 20 54 0.02 4 
66 410 72 168 42 43 48 51 53 41 42 54 40 66 62 53 52 51 63 67 64 68 56 64 38 52 58 60 53 53 60 44 63 45 52 55 54 58 67 69 50 59 56 59 54 67 73 54 65 75 64 48 66 31 58 49 54 46 68 224 0.02 4 
67 321 266 78 40 41 36 39 40 39 42 40 38 42 36 38 38 40 39 37 38 38 40 37 36 41 39 44 41 38 38 35 41 35 36 39 37 41 39 38 40 36 35 38 38 39 38 35 39 37 38 35 38 39 41 39 36 40 41 117 0.03 6 
68 422 446 73 75 75 69 73 63 71 77 79 74 74 68 75 87 73 67 67 73 81 62 62 75 81 61 65 84 72 80 73 71 71 69 70 66 65 77 78 77 77 73 81 68 69 69 59 80 71 63 73 68 73 81 61 82 71 75 146 0.07 14 
69 28 245 34 12 20 20 16 26 16 22 20 13 20 19 17 17 9 17 16 13 15 28 19 9 4 14 20 19 18 9 7 8 15 11 19 14 18 20 18 19 15 16 14 6 13 17 6 23 24 28 13 17 16 17 8 19 19 19 51 0.02 4 
70 371 370 128 72 43 56 78 55 71 61 52 57 52 68 59 73 57 73 75 75 48 65 81 77 61 70 60 63 71 53 61 60 72 60 62 70 53 76 59 57 64 62 56 60 70 65 59 57 73 65 61 76 72 71 64 86 47 45 192 0.02 4 
71 437 423 264 80 94 70 91 91 91 95 94 99 93 86 85 80 88 92 88 102 90 96 84 96 99 81 86 92 92 97 81 88 79 93 82 90 89 82 82 104 99 79 88 79 89 83 87 94 113 75 80 90 88 75 85 72 91 79 352 0.06 12 
72 25 134 195 44 66 71 52 79 71 61 69 63 59 70 66 84 53 76 66 56 54 46 78 65 51 70 59 78 77 63 81 56 78 47 69 76 52 73 72 57 66 87 82 76 71 53 51 49 57 56 64 59 73 62 59 49 75 61 260 0.06 12 
73 178 144 64 56 67 61 60 55 65 56 80 64 61 81 67 61 65 66 56 65 68 57 67 78 66 70 64 53 66 72 50 64 53 74 66 69 68 50 55 83 64 74 59 62 57 63 62 70 72 56 62 53 58 68 69 67 55 72 128 0.03 6 
74 117 421 17 12 36 14 34 23 21 1 3 23 10 18 25 13 12 7 28 10 24 19 33 22 24 16 4 26 26 10 11 21 32 29 4 29 0 3 14 15 13 19 15 10 22 12 32 5 9 0 7 0 26 16 15 9 5 18 34 0.05 10 
75 435 264 176 73 93 93 85 80 96 75 82 95 83 79 97 93 88 93 83 95 86 83 83 89 93 106 86 94 94 92 66 81 71 77 81 102 91 71 89 80 84 80 92 94 90 102 68 104 93 87 74 81 85 88 80 95 80 84 264 0.09 18 
76 289 234 104 50 42 55 43 55 49 40 61 59 51 49 50 48 46 54 67 40 45 54 53 46 50 58 59 49 50 54 46 52 44 54 49 55 48 38 52 48 47 46 48 58 58 62 43 49 58 46 60 50 67 63 43 51 54 56 156 0.04 8 
77 280 98 135 26 45 41 62 57 37 43 49 64 43 48 26 59 35 36 31 45 59 40 43 47 57 27 59 44 38 42 55 48 41 50 51 38 45 54 47 24 40 38 36 47 34 39 46 34 60 37 54 43 50 47 41 43 38 46 180 0.07 14 
78 310 394 94 93 92 98 97 88 90 98 94 96 88 87 93 92 91 90 97 92 95 93 95 90 95 92 96 99 94 94 95 92 95 94 90 95 98 94 96 94 89 96 91 99 95 87 92 95 92 90 96 94 98 96 95 100 93 92 188 0.09 18 
79 450 194 86 86 83 88 82 90 87 88 85 88 87 85 83 88 87 83 88 84 79 85 83 84 88 86 88 85 85 85 87 85 82 85 84 85 86 85 84 86 87 86 86 86 85 86 86 86 84 86 83 83 83 86 85 83 83 86 172 0.07 14 
80 243 447 106 54 55 52 50 49 55 54 56 57 57 54 51 50 57 53 50 58 56 56 53 56 53 54 52 48 46 51 54 49 53 51 46 50 54 48 49 54 50 57 48 51 55 50 54 47 53 54 57 52 58 60 52 62 51 53 159 0.06 12 
81 402 221 128 74 58 58 52 61 69 52 60 63 60 64 68 64 63 68 49 70 46 77 70 71 68 67 65 61 83 75 53 86 64 56 59 66 56 72 70 52 60 58 74 63 71 60 55 70 56 68 65 59 59 56 62 66 51 69 192 0.05 10 
82 167 125 132 41 48 39 44 41 46 41 47 39 41 39 48 39 43 50 50 44 42 39 44 39 37 45 44 39 41 39 45 47 42 39 43 48 37 41 38 42 48 46 36 47 43 46 43 52 41 46 40 38 38 52 47 41 43 43 176 0.04 8 
83 44 124 135 40 40 58 61 43 39 47 41 34 41 55 58 56 58 51 43 44 55 47 55 38 54 44 24 35 47 34 26 32 45 40 47 49 44 32 42 38 32 44 45 34 56 48 41 33 33 33 38 48 42 48 41 44 62 39 180 0.06 12 
84 207 376 146 77 73 79 64 71 76 67 74 77 73 71 73 72 75 63 72 79 74 75 70 76 68 66 68 69 67 73 73 73 79 76 69 77 78 75 76 68 79 73 68 71 71 70 77 76 79 69 77 65 68 72 72 71 71 69 219 0.03 6 
85 420 313 178 103 75 99 74 94 87 94 104 82 99 72 85 89 80 90 106 72 90 88 90 97 92 98 78 76 109 87 105 79 80 88 100 82 88 92 77 88 95 93 88 84 76 85 106 61 96 94 100 84 77 85 81 105 71 84 267 0.05 10 
86 267 42 82 40 39 44 39 43 49 39 41 37 36 34 45 36 39 36 36 35 44 35 42 39 33 45 32 46 47 40 40 37 49 51 34 37 37 31 36 53 32 43 38 47 46 43 44 40 49 42 35 37 44 48 45 38 37 36 123 0.07 14 
87 360 274 198 68 55 60 55 64 50 57 69 68 65 78 60 61 62 64 66 55 49 49 80 65 76 66 72 61 74 66 77 85 78 65 77 55 59 77 75 63 74 56 63 59 73 71 61 74 68 67 66 69 70 89 82 68 55 54 264 0.08 16 
88 178 307 134 51 66 66 62 63 68 78 70 74 69 66 56 79 38 61 73 60 58 71 84 74 75 48 47 54 73 67 62 59 71 63 84 85 47 73 60 77 59 86 66 64 78 56 75 59 68 67 55 66 66 60 69 85 63 71 201 0.06 12 
89 257 119 90 26 21 22 35 23 39 34 33 22 26 29 32 11 33 28 35 32 15 14 37 29 19 37 39 26 17 21 33 45 35 24 27 26 33 49 19 32 15 42 36 24 31 18 13 28 28 23 20 36 36 20 24 21 35 41 120 0.05 10 
90 458 194 48 51 47 52 51 46 52 49 46 50 45 51 49 44 53 40 40 51 40 46 43 53 47 48 56 51 47 46 50 51 49 50 42 46 47 49 47 41 53 48 51 44 50 40 47 49 48 55 43 47 53 43 52 42 53 48 96 0.07 14 
91 340 456 99 97 114 106 104 94 120 87 86 116 83 102 98 118 92 120 82 102 91 84 103 96 95 99 103 108 124 105 115 99 97 99 85 118 87 88 109 92 106 91 102 97 102 95 90 118 96 78 97 87 90 99 89 116 103 107 198 0.09 18 
92 24 24 279 90 96 104 93 92 90 89 94 87 106 97 93 88 106 95 101 85 101 86 95 99 77 88 90 87 99 96 105 90 91 97 80 91 100 105 94 100 91 92 89 97 91 91 91 87 92 100 107 89 97 98 100 102 93 91 372 0.02 4 
93 263 107 194 98 96 97 92 96 97 100 95 94 94 93 101 97 95 96 91 97 98 99 95 97 99 95 95 97 98 100 96 93 104 97 96 97 97 99 95 100 92 94 96 94 93 100 100 93 97 97 96 92 96 96 98 100 91 94 291 0.03 6 
94 459 224 222 68 62 69 69 68 69 71 78 77 83 82 78 78 59 68 77 64 74 75 64 70 78 75 76 61 70 74 88 81 73 67 59 65 72 70 77 69 64 81 73 56 82 73 76 75 74 69 79 87 83 78 65 69 62 77 296 0.09 18 
95 442 434 273 92 94 88 94 86 93 89 89 93 92 95 95 91 91 94 94 90 92 88 86 92 90 89 93 94 89 90 89 97 94 90 93 96 91 90 94 87 87 89 89 92 93 88 90 95 91 89 89 91 92 91 91 87 90 88 364 0.06 12 
96 297 414 46 23 25 21 27 23 13 25 19 23 19 26 20 25 29 21 21 26 24 24 9 18 23 19 18 30 27 21 27 15 25 27 28 19 19 23 23 17 29 10 27 19 17 18 18 25 19 27 30 25 29 18 25 22 22 18 69 0.08 16 
97 159 51 192 57 73 64 59 60 71 64 59 64 66 66 66 60 62 69 64 65 61 64 66 59 65 61 62 63 63 63 66 64 64 64 65 73 65 61 71 68 64 62 68 64 62 66 65 68 62 60 67 64 62 61 62 62 65 62 256 0.07 14 
98 358 323 71 76 69 59 67 62 78 73 74 88 67 76 73 102 68 82 66 64 76 65 64 60 76 72 52 62 51 80 66 77 58 63 63 74 58 70 66 85 65 67 85 87 74 84 73 73 91 68 82 69 86 73 55 72 62 72 142 0.07 14 
99 369 340 66 24 26 24 23 22 20 26 17 15 24 17 26 15 22 21 22 23 21 26 16 28 17 17 25 19 20 16 19 17 24 26 22 26 23 20 24 21 20 26 24 23 22 14 20 17 14 23 26 19 19 15 29 19 16 17 88 0.04 8 
100 348 53 32 16 17 16 16 14 16 15 11 18 19 16 15 16 16 13 16 14 18 16 16 12 18 17 15 15 18 18 17 15 12 18 14 16 15 21 11 14 17 18 21 14 12 15 15 16 16 16 13 17 16 16 13 18 18 16 48 0.09 18 
101 380 467 98 101 99 100 98 97 95 98 99 97 97 95 96 99 100 99 99 99 99 97 98 96 100 97 95 100 98 96 97 100 98 101 99 99 99 95 99 99 97 99 98 96 94 94 95 98 99 99 96 96 98 96 100 100 96 98 196 0.04 8 
102 218 202 81 11 22 16 31 42 39 29 27 40 32 32 12 39 23 26 15 20 18 29 30 17 29 29 15 25 33 27 34 19 31 35 26 21 15 18 29 14 23 22 25 26 23 27 24 21 19 28 26 34 31 28 44 29 30 40 108 0.04 8 
103 388 359 108 53 53 52 54 53 48 59 50 52 51 51 43 57 56 54 59 62 52 58 56 53 54 51 54 54 53 52 53 52 50 54 45 51 53 52 57 54 65 54 51 53 49 58 55 52 56 55 54 50 50 59 59 55 57 53 162 0.06 12 
104 70 30 135 45 45 45 47 46 40 39 49 46 47 38 48 45 40 46 51 42 45 51 45 46 43 46 52 43 43 40 44 46 44 42 39 44 49 41 43 52 48 47 40 48 53 48 37 45 44 41 41 52 47 49 45 45 44 45 180 0.04 8 
105 281 479 24 27 26 27 31 32 33 30 24 22 24 29 17 39 25 13 22 31 22 22 20 25 26 34 18 24 20 15 20 22 20 26 21 21 27 25 11 27 22 20 33 26 15 21 33 37 28 17 20 21 27 18 25 24 26 21 48 0.02 4 
106 107 235 79 72 67 65 89 77 80 84 83 89 73 82 70 82 76 70 83 79 86 65 72 71 78 75 66 83 98 77 61 93 85 76 78 65 80 80 71 64 77 70 85 70 75 79 80 84 69 65 84 85 69 69 63 79 80 91 158 0.09 18 
107 468 167 40 18 29 19 14 24 18 20 17 23 17 21 18 18 21 16 23 26 19 16 14 17 23 21 17 16 21 16 19 24 18 17 22 31 22 13 20 15 23 29 18 17 18 14 21 24 32 14 19 17 19 15 19 25 23 22 60 0.04 8 
108 85 133 180 90 91 90 87 95 87 92 92 89 90 91 92 89 90 89 90 88 90 89 89 89 85 86 90 92 89 88 88 91 89 89 91 88 88 93 87 83 88 90 91 87 88 88 87 91 92 91 91 90 88 91 88 88 87 89 270 0.05 10 
109 238 463 36 22 19 19 11 20 10 17 15 16 19 22 23 19 17 15 16 20 14 20 20 20 23 17 8 14 17 15 17 16 16 15 13 12 24 13 13 10 12 13 18 20 18 18 16 22 11 21 12 16 24 18 16 22 20 22 54 0.07 14 
110 97 280 174 81 89 85 84 88 93 87 83 87 85 89 87 90 90 87 88 92 87 89 87 85 88 89 87 86 87 81 87 86 91 83 75 92 86 87 88 89 86 85 81 85 86 89 78 81 85 86 84 87 88 86 84 82 86 87 261 0.06 12 
111 81 417 78 77 82 79 75 72 73 79 74 78 79 78 77 76 77 87 73 77 79 80 75 75 78 78 79 78 75 79 74 78 81 84 76 78 77 84 79 79 83 79 78 78 80 76 74 80 81 79 79 80 76 74 78 69 80 76 156 0.09 18 
112 317 99 174 87 96 90 85 71 85 84 77 76 84 85 73 81 89 84 71 79 85 98 82 92 80 97 81 81 81 103 86 87 100 59 75 81 102 88 82 80 88 81 81 86 80 63 77 84 69 88 93 79 77 94 79 86 94 67 261 0.08 16 
113 465 269 48 58 53 42 49 39 47 44 47 49 50 42 46 44 44 41 42 45 51 47 51 58 44 45 48 49 41 54 44 50 50 46 48 47 51 43 45 44 53 49 38 36 47 38 50 47 41 56 46 39 46 47 47 52 50 47 96 0.03 6 
114 182 496 38 17 23 6 13 20 15 23 28 20 12 17 17 21 17 9 20 16 20 22 18 12 7 18 22 23 13 14 30 16 13 17 7 28 27 23 20 27 10 11 23 14 14 12 21 20 13 24 18 19 15 17 26 27 18 16 57 0.06 12 
115 122 307 94 47 37 42 47 49 47 57 40 45 64 51 45 37 50 38 44 41 43 50 47 51 47 37 52 51 56 63 50 49 46 52 28 44 48 48 46 41 40 35 51 46 41 37 46 37 47 51 52 37 38 41 43 54 47 58 141 0.04 8 
116 336 452 188 96 80 86 77 104 95 92 100 99 91 90 103 90 102 99 97 97 95 98 93 93 101 100 91 89 104 89 93 89 100 86 87 84 96 95 109 102 89 86 91 77 87 94 88 90 91 97 89 84 96 83 91 93 89 95 282 0.03 6 
117 243 477 186 67 70 53 77 57 60 52 58 79 72 65 57 82 69 65 63 71 59 52 59 55 73 65 60 55 44 70 60 54 59 62 63 54 47 52 70 63 65 60 62 54 60 59 72 56 68 70 62 53 51 78 59 75 53 60 248 0.06 12 
118 396 105 33 34 35 39 29 32 34 32 40 34 33 37 32 39 36 31 35 31 30 31 34 37 33 33 32 35 34 37 27 34 37 39 32 36 34 33 36 37 29 30 35 35 30 33 36 31 36 34 33 31 28 30 36 30 30 26 66 0.04 8 
119 261 136 46 23 27 32 18 21 22 24 25 21 19 17 24 21 23 28 18 19 27 20 18 25 18 27 25 27 14 17 20 22 18 20 27 15 27 25 29 20 23 27 21 18 18 22 14 22 18 24 21 22 30 30 22 25 19 16 69 0.08 16 
120 385 57 68 68 65 68 66 65 70 69 66 66 67 64 76 69 67 59 69 64 73 64 68 73 72 67 75 71 65 67 63 73 64 63 63 68 70 59 67 68 65 64 74 69 71 72 67 65 62 69 63 63 60 69 66 60 68 69 136 0.02 4 
121 410 29 96 46 48 48 49 42 44 47 53 47 50 51 49 44 48 45 53 47 50 52 47 45 49 48 47 44 46 45 42 47 55 45 45 46 52 43 47 45 49 45 47 52 47 51 48 51 47 47 50 52 46 57 51 49 51 49 144 0.05 10 
122 122 157 38 16 19 18 21 17 15 17 23 13 14 16 17 16 18 21 20 20 17 17 19 13 19 25 15 19 14 34 15 19 21 25 17 25 13 20 19 17 13 15 18 7 17 18 24 15 17 20 18 21 19 11 15 16 13 16 57 0.05 10 
123 324 224 88 90 91 87 88 89 92 92 81 90 82 94 80 90 92 91 85 91 87 82 88 92 89 78 88 92 90 94 92 90 88 91 86 85 90 89 89 88 87 87 91 86 83 90 89 92 88 90 91 88 95 89 90 93 88 88 176 0.06 12 
124 294 23 48 7 3 9 10 21 17 7 20 24 10 3 25 16 10 1 6 21 13 14 4 6 18 27 12 6 15 10 8 14 17 0 20 12 0 4 17 14 22 0 19 4 17 25 18 10 14 17 18 7 18 34 6 10 15 10 64 0.02 4 
125 401 40 186 92 94 85 97 89 94 101 99 90 106 104 99 94 80 89 106 89 91 101 96 93 97 82 87 82 96 92 89 99 94 90 89 103 102 88 85 95 88 101 87 88 87 104 86 92 86 89 80 90 76 83 101 78 100 81 279 0.09 18 
