200 5 16819
0 47 200 33382 26201 26190 26186 26206 26216 0.01
1 39 323 190 95 92 98 99 97 92 97 94 97 91 93 101 96 94 90 97 98 91 98 95 100 91 94 94 95 97 96 95 92 97 99 87 96 94 99 86 92 98 95 93 96 93 95 97 92 97 99 91 87 91 88 95 93 98 90 285 0.09 18 
2 387 393 66 68 67 66 66 66 63 64 68 68 66 66 66 64 68 68 65 64 68 66 70 67 67 67 67 64 63 65 67 65 64 67 68 67 65 67 64 69 67 64 63 67 68 67 67 64 62 62 65 63 65 65 61 66 63 63 132 0.08 16 
3 225 310 27 29 31 23 26 29 25 27 28 27 25 30 30 22 24 23 26 24 30 20 27 24 24 30 32 24 26 25 34 21 28 28 26 29 27 27 23 23 25 30 30 27 29 25 29 23 20 29 22 30 27 33 27 26 24 22 54 0.06 12 
4 266 457 100 54 40 50 45 46 53 50 44 42 48 59 47 40 53 43 47 51 49 63 49 48 50 32 49 40 49 50 45 39 56 49 35 47 48 40 40 47 51 43 47 47 55 54 60 60 50 43 46 55 51 39 44 56 43 41 150 0.03 6 
5 35 435 94 52 47 46 41 43 40 48 47 48 41 47 49 42 50 50 52 45 47 45 46 49 52 50 42 53 48 48 43 50 52 41 36 44 43 44 41 49 41 44 58 46 46 44 51 42 43 53 45 52 47 40 43 47 40 53 141 0.04 8 
6 188 466 11 1 11 8 10 7 5 13 5 19 14 8 15 12 9 5 13 14 18 12 8 15 12 8 17 16 8 6 4 6 7 12 11 15 16 14 14 12 8 11 13 13 10 3 7 12 11 4 9 16 15 12 10 7 15 11 22 0.03 6 
7 83 29 150 72 80 73 76 74 70 75 75 76 72 78 74 75 80 72 74 74 69 71 77 77 73 79 76 80 74 76 76 74 77 76 78 72 73 77 68 72 81 78 75 76 80 81 74 74 70 78 72 75 78 74 73 77 74 75 225 0.09 18 
8 486 186 39 22 0 23 17 11 4 13 5 0 18 12 9 2 13 8 21 15 20 24 1 2 20 5 15 2 10 6 11 14 0 10 16 11 14 10 5 17 15 14 18 8 10 16 16 12 27 6 14 18 13 14 17 22 20 8 52 0.08 16 
9 55 364 270 82 92 79 79 72 96 90 100 75 83 99 94 99 80 101 105 89 80 76 106 96 96 89 65 98 84 89 73 93 82 78 88 99 96 99 88 90 77 109 94 93 87 95 88 99 84 98 93 80 91 89 91 100 76 86 360 0.07 14 
10 198 71 84 27 25 37 35 26 22 31 18 28 39 31 28 23 30 11 35 26 35 19 36 24 31 11 27 18 45 21 23 17 22 44 23 12 33 49 22 28 23 38 31 29 39 43 21 35 35 36 20 39 31 25 23 26 33 40 112 0.03 6 
11 300 353 97 101 92 99 99 96 96 99 96 103 97 89 92 92 102 92 91 95 100 90 97 96 96 100 95 95 94 96 93 93 97 93 96 97 92 92 100 99 93 95 103 95 95 99 90 101 88 99 98 94 101 90 96 98 96 101 194 0.02 4 
12 199 388 276 95 110 87 98 82 90 88 92 79 94 93 85 91 98 86 94 99 101 97 101 91 96 95 98 90 85 104 87 97 98 95 90 98 77 103 88 90 98 97 96 85 93 95 96 101 83 100 92 100 92 95 82 92 83 88 368 0.05 10 
13 191 73 147 49 51 52 51 44 47 45 51 53 50 47 46 48 47 48 51 49 48 49 46 49 48 46 49 52 51 45 43 46 50 44 50 44 47 50 47 49 47 47 48 44 47 48 48 48 50 45 49 45 42 49 49 53 52 53 196 0.07 14 
14 485 128 207 69 67 79 69 65 73 83 70 68 74 79 76 73 68 75 66 71 78 70 71 81 67 70 62 69 63 74 67 82 75 73 77 56 63 65 73 66 77 67 78 75 63 70 62 64 67 69 66 68 69 73 70 61 77 72 276 0.05 10 
15 133 447 87 84 96 83 84 92 86 103 92 89 88 97 90 94 87 83 84 84 83 93 99 95 84 81 84 84 86 97 92 87 87 86 78 80 86 94 73 84 79 84 79 79 94 90 76 75 99 95 88 69 100 96 87 80 78 96 174 0.02 4 
16 127 424 207 68 69 66 73 72 69 67 71 72 68 69 69 69 67 71 68 70 66 69 66 65 68 67 66 66 66 69 70 67 65 67 73 69 69 72 69 71 69 69 70 71 70 64 70 67 68 68 69 68 65 66 69 67 68 69 276 0.06 12 
17 181 102 56 36 28 29 21 24 26 29 28 28 27 29 30 23 32 33 27 29 28 24 35 25 30 23 28 25 30 31 20 29 30 29 25 24 28 33 29 27 37 25 30 25 27 31 22 28 28 27 26 33 24 25 33 28 29 27 84 0.04 8 
18 336 130 24 32 20 16 33 32 35 27 27 42 35 23 21 25 20 11 11 20 11 5 28 18 26 21 25 30 4 17 29 28 39 24 22 18 22 16 39 10 34 16 33 26 32 34 23 24 11 13 30 6 22 16 31 36 29 10 48 0.07 14 
19 293 329 28 6 0 30 17 0 9 9 21 10 18 22 16 25 15 0 9 14 10 7 16 6 1 23 14 17 16 0 14 16 22 11 14 4 13 17 28 20 12 1 22 12 14 19 9 15 25 11 6 26 12 4 22 17 3 7 42 0.02 4 
20 435 151 50 35 52 42 48 38 53 58 56 60 38 46 32 53 38 48 45 52 48 57 52 47 49 49 65 65 24 60 54 41 64 43 55 53 51 44 40 57 58 52 57 49 32 62 37 52 56 58 52 49 58 40 43 63 50 42 100 0.05 10 
21 199 317 90 49 49 52 40 42 41 47 50 44 42 46 41 40 46 40 44 43 40 41 33 36 45 40 45 54 46 43 50 39 44 36 48 46 47 44 42 42 40 49 39 44 44 39 30 46 45 47 48 57 51 41 34 41 46 55 135 0.06 12 
22 433 114 96 43 45 36 51 59 51 56 45 60 43 67 57 45 47 36 49 32 53 42 46 63 56 50 47 53 53 43 44 50 38 60 52 46 42 38 48 60 52 55 59 40 55 50 60 38 56 53 59 47 43 46 56 52 66 35 144 0.05 10 
23 65 334 67 63 76 59 63 66 67 73 55 62 64 68 71 62 64 65 63 73 67 67 71 67 55 78 69 72 65 66 73 68 81 77 65 71 71 71 66 72 59 68 60 60 55 69 74 59 68 63 72 62 69 63 75 69 65 68 134 0.08 16 
24 116 246 38 14 16 23 18 30 12 15 17 24 21 17 21 22 18 20 22 24 23 12 24 23 18 16 19 16 17 18 21 17 20 24 13 16 18 22 15 18 19 22 23 25 15 16 26 21 21 28 18 15 24 12 18 21 23 19 57 0.06 12 
25 94 160 147 50 47 52 50 52 48 51 51 49 45 45 50 46 47 46 50 47 48 48 53 51 48 49 54 52 50 52 45 48 47 47 47 49 49 50 55 50 50 45 53 48 51 46 49 52 48 53 53 41 51 49 48 50 49 53 196 0.09 18 
26 474 473 30 9 11 17 15 19 20 17 17 14 17 12 7 19 19 16 13 14 11 13 16 16 11 15 20 14 11 16 13 12 10 14 21 16 11 16 16 16 17 10 7 15 13 17 8 14 17 14 12 15 14 11 13 15 13 14 45 0.08 16 
27 18 76 69 68 66 70 66 67 68 66 65 70 67 70 71 67 68 70 70 67 68 69 69 73 72 69 67 70 69 68 67 68 68 69 71 69 67 68 73 69 67 72 69 65 70 66 70 67 68 68 70 69 68 68 68 69 67 71 138 0.05 10 
28 250 61 177 62 56 58 55 58 57 55 59 56 59 60 58 58 56 59 57 60 60 58 60 57 57 61 60 62 57 58 60 58 56 60 59 62 60 62 59 57 58 55 58 59 58 55 58 59 59 62 64 55 59 59 59 65 57 57 236 0.04 8 
29 258 87 19 22 16 16 16 19 12 19 16 25 18 19 14 16 14 20 8 15 23 17 19 18 15 18 16 17 25 16 18 26 22 11 13 27 10 16 15 14 24 21 22 18 15 11 19 7 18 17 17 27 18 22 12 18 16 8 38 0.06 12 
30 187 432 106 50 49 51 50 52 51 53 61 58 52 50 51 50 51 39 50 50 53 58 49 57 45 48 53 51 54 58 48 46 57 48 46 53 54 50 57 55 43 49 52 58 46 51 51 53 55 53 55 51 55 53 55 57 51 56 159 0.09 18 
31 314 26 294 100 93 103 98 103 115 87 83 92 102 97 113 91 87 99 87 100 108 96 97 84 94 89 80 91 100 97 99 101 102 85 106 109 67 95 94 95 106 114 79 109 101 102 110 101 101 99 99 89 83 102 85 90 95 97 392 0.02 4 
32 23 333 172 83 84 80 82 86 87 85 88 88 94 90 85 91 75 98 91 90 92 91 100 90 87 92 78 87 92 87 90 82 84 92 87 90 85 91 91 82 94 84 86 86 79 76 78 93 84 89 84 79 78 82 81 88 85 84 258 0.07 14 
33 396 404 240 81 86 83 78 80 77 77 81 82 82 78 77 78 80 83 75 76 78 79 78 83 80 81 81 78 76 79 76 81 78 75 77 82 76 81 74 81 79 81 85 79 78 74 81 80 77 75 83 83 85 75 82 77 76 77 320 0.08 16 
34 406 481 104 53 48 48 50 51 52 51 52 51 53 50 54 52 51 52 53 51 49 50 53 51 53 50 50 51 53 50 49 52 53 50 51 53 50 53 48 50 52 53 55 51 53 49 52 53 52 51 52 50 51 53 55 46 49 50 156 0.04 8 
35 428 90 54 4 22 19 26 16 1 35 19 7 5 8 16 8 29 20 28 28 20 14 18 27 19 13 24 24 23 29 19 21 9 10 18 7 12 15 23 14 9 12 17 24 21 24 9 30 38 18 23 25 0 22 7 12 19 26 72 0.09 18 
36 299 54 80 34 41 40 52 47 53 34 28 37 50 52 40 39 34 40 37 44 43 39 38 46 52 39 32 39 36 38 40 44 31 40 53 51 31 34 41 42 40 38 43 39 39 42 40 45 30 38 43 33 31 35 41 38 28 36 120 0.09 18 
37 309 389 24 16 20 24 25 18 27 35 25 27 22 20 19 25 32 15 23 27 29 15 20 17 20 19 30 26 26 19 18 21 20 23 27 19 17 23 23 26 28 18 22 38 21 20 18 28 28 19 31 12 20 18 28 19 27 26 48 0.07 14 
38 20 409 174 57 58 59 62 57 56 59 57 52 60 57 54 62 56 59 61 56 54 59 60 57 58 54 57 57 57 58 64 54 55 59 61 59 63 58 57 57 60 55 60 59 61 56 54 59 57 53 61 59 55 56 56 59 58 61 232 0.06 12 
39 113 308 188 98 115 99 91 96 98 100 109 84 96 88 103 95 93 77 90 99 77 102 94 83 83 88 85 97 83 100 85 91 107 99 113 97 103 84 90 96 96 80 93 92 88 105 88 94 99 100 90 89 92 104 97 94 91 80 282 0.07 14 
40 440 209 135 36 38 46 44 42 34 48 43 48 43 41 43 47 47 55 43 47 35 52 47 46 49 49 45 49 51 49 48 44 44 45 41 53 42 50 43 39 46 48 51 49 43 34 42 44 47 48 47 48 51 45 43 41 53 46 180 0.02 4 
41 46 361 44 44 43 46 44 42 45 44 43 43 46 43 46 44 44 41 46 43 41 44 46 43 43 45 44 42 45 45 45 37 40 44 45 44 42 45 41 43 45 47 42 41 46 42 43 46 45 45 41 46 40 42 42 44 41 42 88 0.08 16 
42 494 403 34 20 30 40 44 24 17 26 14 33 35 53 28 30 42 36 30 14 36 40 30 54 32 27 36 43 21 47 22 25 51 28 39 28 39 32 43 13 29 40 41 30 23 19 32 37 27 38 37 29 29 27 49 35 30 39 68 0.03 6 
43 318 145 68 69 67 68 68 67 66 64 66 68 73 67 67 66 66 67 66 69 68 70 66 67 71 70 71 69 69 69 68 66 69 66 68 65 64 67 66 65 68 63 68 64 66 67 70 67 67 69 72 70 68 65 71 67 65 68 136 0.09 18 
44 230 19 57 31 20 17 18 18 8 15 19 22 11 25 33 10 12 16 22 34 22 13 15 27 17 13 20 34 21 5 22 8 16 19 28 15 29 16 17 12 17 36 18 10 11 17 11 17 23 29 31 0 20 19 12 17 7 15 76 0.05 10 
45 230 365 90 86 85 98 82 108 103 95 79 72 83 90 88 94 79 83 79 101 95 54 86 81 87 90 76 76 106 100 85 88 78 80 101 101 84 84 83 117 103 97 76 79 81 100 90 93 85 91 80 81 95 102 91 94 81 101 180 0.08 16 
46 279 206 174 62 57 60 56 58 56 57 58 56 56 56 60 54 53 53 62 59 58 61 56 51 53 61 54 60 54 60 55 62 56 58 58 60 63 56 57 64 60 60 59 55 59 54 60 63 55 60 50 56 57 52 57 59 58 54 232 0.04 8 
47 485 343 74 50 27 35 21 50 13 53 31 22 48 38 42 45 40 48 24 37 39 39 21 46 48 57 54 43 23 40 48 27 48 39 41 26 29 35 29 28 27 46 42 42 34 42 51 39 44 49 41 40 42 47 34 39 26 31 111 0.08 16 
48 478 349 98 45 50 49 55 45 46 44 45 45 44 46 42 47 42 46 49 49 52 46 52 53 48 49 46 49 49 52 46 52 51 52 53 44 50 41 48 45 46 51 47 53 46 44 53 52 47 49 46 48 44 48 51 48 47 45 147 0.04 8 
49 103 409 97 99 85 104 113 84 84 95 105 90 84 102 103 100 90 91 100 112 95 108 107 94 95 102 83 104 106 102 82 112 96 107 97 89 87 98 104 102 98 87 90 97 97 99 72 96 110 104 88 76 99 103 96 94 90 101 194 0.08 16 
50 373 265 158 66 76 87 74 86 69 95 82 80 80 82 75 72 96 77 82 69 73 74 80 77 87 82 77 68 76 75 84 89 84 83 85 77 76 82 83 71 73 75 78 67 72 72 60 73 80 75 69 85 75 85 72 88 75 94 237 0.08 16 
51 180 22 92 88 86 111 87 97 63 80 95 94 96 92 73 88 87 86 90 83 86 84 80 103 82 97 89 91 87 77 97 93 98 103 87 81 87 107 82 69 122 105 94 85 84 77 110 82 109 98 92 95 94 100 101 79 110 78 184 0.07 14 
52 138 155 77 67 75 68 75 72 87 59 84 71 68 65 82 77 70 71 76 97 74 73 66 79 70 86 96 82 76 78 88 83 77 73 96 70 79 66 76 74 74 97 76 75 73 82 71 86 66 61 67 59 76 75 82 85 86 68 154 0.02 4 
53 484 132 294 94 97 102 98 90 94 102 93 103 97 98 93 99 102 95 103 102 102 101 98 95 93 94 98 98 103 92 104 106 97 99 97 102 99 101 103 96 89 96 98 95 98 93 100 95 96 96 102 99 93 97 96 99 105 99 392 0.09 18 
54 317 405 21 21 21 27 24 40 22 30 33 20 21 27 16 21 22 28 20 27 16 23 0 34 2 25 22 22 35 29 25 18 27 23 23 20 12 15 22 4 17 11 17 33 21 22 21 25 25 15 23 23 32 14 28 20 27 6 42 0.07 14 
55 283 57 55 55 60 55 56 55 54 50 59 55 54 49 54 58 55 54 57 57 49 52 62 55 48 50 52 64 63 54 54 56 51 56 54 56 51 55 48 60 52 66 49 64 47 63 46 55 50 50 51 48 52 55 66 65 63 55 110 0.03 6 
56 32 486 84 27 4 12 42 33 29 50 35 35 31 31 24 22 15 25 33 30 32 44 42 36 26 22 35 34 34 34 18 28 36 29 27 19 18 24 18 25 43 30 19 35 16 43 25 39 27 37 20 31 16 44 40 24 32 20 112 0.09 18 
57 256 164 69 64 77 68 65 69 77 63 65 72 69 67 69 69 69 62 65 76 72 67 75 73 68 68 71 67 70 65 63 71 66 71 67 67 75 72 71 64 68 71 65 71 63 64 64 67 65 73 67 67 73 65 69 74 73 72 138 0.03 6 
58 22 30 156 80 87 74 74 81 82 74 87 74 70 83 81 84 84 81 82 71 82 72 84 67 76 78 76 81 88 82 83 71 88 73 73 83 74 72 67 79 74 85 82 77 80 74 76 78 75 69 78 83 89 74 74 70 76 67 234 0.08 16 
59 161 458 154 89 78 81 84 74 97 81 84 75 86 62 63 55 79 59 72 86 78 56 81 87 62 64 76 84 76 55 86 64 82 78 67 84 77 73 104 78 55 74 90 65 69 76 90 74 64 93 92 79 70 66 75 68 89 74 231 0.03 6 
60 321 241 90 47 49 47 47 44 46 47 42 44 46 41 43 41 44 45 37 47 43 40 45 43 42 43 52 46 46 44 43 39 40 45 45 44 46 42 42 49 49 42 43 43 47 49 42 45 38 40 42 47 45 45 41 46 45 41 135 0.09 18 
61 451 228 200 98 98 99 98 102 100 97 102 99 101 99 98 102 100 98 99 99 99 101 101 97 100 98 99 97 101 99 99 98 99 103 100 98 100 100 103 100 100 100 101 101 99 101 100 96 99 100 98 97 100 101 101 97 98 97 300 0.03 6 
62 289 312 95 93 95 95 94 92 95 91 96 93 97 91 95 95 98 96 93 97 95 91 96 92 96 94 95 96 95 95 95 97 93 93 96 93 98 94 95 93 96 93 96 96 93 93 94 97 97 96 92 91 94 94 94 93 94 94 190 0.06 12 
63 81 202 100 50 51 44 50 53 45 53 53 46 54 42 54 50 56 48 46 48 50 58 50 51 53 53 50 53 50 49 48 52 45 43 52 52 47 42 53 50 51 47 41 52 48 53 47 55 51 55 46 54 52 48 50 47 49 46 150 0.07 14 
64 98 118 35 23 25 45 31 32 29 30 29 44 27 23 44 30 6 40 55 31 22 39 34 40 38 46 49 39 23 26 30 34 44 34 42 28 45 18 39 44 28 29 18 27 12 15 22 32 51 28 33 40 36 37 20 30 23 39 70 0.03 6 
65 442 17 28 29 31 27 25 23 28 25 31 27 30 31 26 28 25 26 26 22 26 26 26 25 28 31 26 29 29 24 22 30 27 31 26 24 27 20 28 25 29 26 27 28 30 29 31 36 32 27 27 29 29 29 30 25 29 27 56 0.03 6 
66 159 85 96 96 97 80 86 97 99 97 99 98 86 93 84 102 94 86 105 108 93 100 92 104 97 104 97 92 94 100 93 95 90 101 104 94 96 110 87 86 104 95 88 95 99 98 98 101 93 88 96 100 90 97 101 102 84 98 192 0.07 14 
67 38 56 82 41 34 27 29 38 39 26 41 40 47 37 40 41 47 40 42 43 30 40 36 46 39 39 34 36 45 37 36 48 30 43 50 52 37 38 35 36 36 47 35 23 38 40 25 39 40 46 53 35 42 47 41 42 49 43 123 0.09 18 
68 88 364 207 60 64 75 95 62 63 62 62 72 57 67 71 66 60 64 71 64 81 64 78 65 63 80 72 67 69 62 68 64 54 79 84 78 88 67 72 63 65 78 71 73 69 67 63 74 75 81 74 74 69 70 56 81 71 61 276 0.07 14 
69 94 254 84 83 84 82 90 85 86 77 86 76 80 84 84 84 92 86 78 84 92 84 88 86 84 85 89 85 77 84 78 83 85 82 79 97 73 74 77 85 85 88 75 80 86 81 78 77 82 78 76 88 80 88 80 85 80 84 168 0.07 14 
70 444 397 86 90 89 85 93 89 92 84 92 81 94 84 85 87 80 93 79 92 89 80 87 84 86 76 78 86 91 91 94 94 90 86 90 81 90 83 78 89 81 83 81 86 79 84 87 82 89 82 82 83 89 86 89 84 87 81 172 0.07 14 
71 92 299 30 8 11 9 15 14 10 10 17 18 8 24 9 15 20 26 11 8 16 21 6 7 13 14 5 10 9 20 8 22 11 9 12 14 19 3 13 22 21 18 10 18 20 27 23 17 24 8 11 8 17 5 13 8 18 16 45 0.06 12 
72 464 232 19 19 19 18 16 16 17 21 17 17 16 14 18 18 25 6 10 25 18 23 14 26 16 21 3 26 20 14 20 23 25 26 12 11 29 25 24 18 19 21 9 11 21 18 23 10 27 17 18 22 20 22 22 20 23 18 38 0.06 12 
73 334 264 54 7 33 21 32 15 24 35 25 22 34 25 25 20 31 31 27 24 39 24 30 30 39 28 32 33 29 29 30 36 39 22 25 22 19 18 28 38 33 29 37 28 31 27 20 34 27 22 27 28 38 21 27 36 24 27 81 0.05 10 
74 46 121 91 91 96 85 92 90 85 89 92 89 90 85 91 87 93 86 93 91 89 86 90 89 91 94 91 89 91 84 90 95 89 92 86 96 88 89 90 92 99 93 95 91 92 88 86 89 92 89 93 85 90 90 90 96 93 89 182 0.06 12 
75 37 419 273 92 93 84 92 88 86 85 84 88 87 96 94 85 94 96 90 90 91 86 91 89 89 92 98 89 91 92 88 89 94 91 95 87 84 95 92 93 101 87 91 85 88 92 87 90 87 89 92 85 93 92 87 86 91 90 364 0.09 18 
76 84 380 12 20 11 9 16 20 12 2 1 1 8 12 9 16 4 16 14 14 26 1 26 1 11 15 20 20 16 15 21 13 5 10 16 13 0 15 20 9 5 24 0 18 0 4 10 20 10 14 27 12 8 20 15 7 16 0 24 0.08 16 
77 436 150 44 40 50 37 55 48 44 43 37 35 44 48 39 35 41 31 19 46 32 40 29 38 45 42 49 49 54 51 45 55 45 36 45 43 49 40 50 42 43 49 34 41 45 34 41 41 41 40 39 48 46 43 48 32 51 49 88 0.09 18 
78 24 467 79 92 99 91 76 91 73 57 93 71 99 73 76 74 83 74 77 78 74 77 82 78 63 74 82 75 80 70 55 63 70 77 72 78 88 91 74 72 72 86 69 70 95 75 91 90 84 82 80 79 83 95 84 74 94 80 158 0.06 12 
79 166 374 249 82 82 81 88 81 80 88 87 83 82 80 85 79 84 80 84 82 84 83 81 81 84 85 81 80 78 82 85 85 83 81 81 81 84 83 83 75 82 85 83 83 82 86 86 79 84 79 77 79 85 81 82 83 84 80 332 0.09 18 
80 438 365 75 75 72 72 68 76 75 77 73 77 80 65 70 74 75 71 81 71 83 70 74 76 71 71 85 67 67 74 74 84 67 73 78 77 74 74 75 69 85 74 65 74 74 81 76 73 69 77 78 75 78 74 79 73 70 81 150 0.06 12 
81 227 293 42 16 16 11 14 11 15 17 20 14 19 19 10 17 3 12 8 15 15 10 8 19 17 11 11 16 17 17 5 17 18 11 16 13 10 12 14 11 19 8 14 12 14 14 9 11 17 13 12 14 12 11 13 14 17 8 56 0.08 16 
82 230 9 68 66 66 69 66 68 69 65 73 63 66 67 67 65 68 63 66 67 72 70 68 60 68 69 72 64 67 74 71 62 66 72 67 64 65 69 63 69 66 72 65 72 71 67 72 68 63 68 65 69 70 70 79 67 71 72 136 0.06 12 
83 90 0 98 99 105 90 98 90 100 98 96 88 102 99 101 101 98 93 98 101 99 100 103 91 100 93 91 103 98 107 105 97 106 107 104 95 105 89 104 112 93 94 102 99 94 103 106 104 101 106 99 107 91 107 95 95 98 100 196 0.08 16 
84 250 122 74 35 31 26 32 45 24 35 39 53 26 23 23 43 36 40 40 37 31 33 28 33 44 36 45 30 37 22 38 40 49 34 32 28 37 29 40 35 34 33 46 34 32 34 36 29 38 33 40 38 37 45 36 38 33 35 111 0.09 18 
85 65 436 72 25 30 19 37 30 20 11 27 10 16 16 14 26 27 41 19 24 43 16 19 27 33 26 30 25 22 28 6 5 19 29 20 11 25 31 34 20 13 21 28 30 13 21 19 25 17 18 12 25 0 41 31 21 18 16 96 0.05 10 
86 485 142 16 12 12 31 9 13 20 23 3 20 6 0 23 23 26 21 10 10 17 4 6 3 8 24 0 35 5 19 11 6 29 14 23 0 21 5 32 4 4 23 24 18 6 11 15 14 16 12 0 9 24 5 22 16 0 22 32 0.08 16 
87 420 152 294 103 110 96 103 91 97 92 96 87 101 92 100 97 89 97 102 94 98 103 95 91 100 98 91 97 107 107 97 102 103 100 102 92 98 94 106 92 94 95 92 90 101 98 92 87 96 104 100 93 99 100 96 94 99 101 392 0.06 12 
88 127 496 165 49 55 49 56 62 50 45 51 57 55 61 48 54 56 55 57 55 54 51 58 50 46 58 50 58 50 62 52 57 53 49 53 56 45 56 55 62 52 55 47 52 58 50 55 60 46 42 51 51 54 58 51 56 58 60 220 0.02 4 
89 246 108 75 95 66 68 76 63 78 74 65 79 84 67 71 76 82 78 70 76 86 72 71 67 70 76 80 80 75 72 75 69 72 75 71 81 75 84 77 70 79 89 78 75 81 74 79 83 72 70 73 70 82 87 76 72 76 77 150 0.04 8 
90 175 378 102 33 25 47 27 29 39 29 37 23 30 18 45 32 40 40 43 18 30 36 40 27 32 28 39 34 36 43 36 36 31 37 38 42 34 28 24 33 45 27 35 29 43 54 34 31 33 36 35 32 21 34 31 20 30 39 136 0.04 8 
91 431 141 222 72 76 75 75 78 72 68 73 70 72 74 73 76 69 72 70 72 73 75 69 77 70 72 72 73 70 73 78 75 74 75 73 72 69 80 72 76 74 75 70 77 70 71 76 79 78 74 71 70 71 76 82 78 75 74 296 0.07 14 
92 218 88 264 97 72 82 94 83 98 96 94 96 89 92 91 91 88 84 101 83 90 82 86 102 90 93 85 87 76 98 86 85 86 83 72 76 69 96 90 79 93 87 88 77 90 89 73 96 76 96 86 84 88 86 82 96 81 85 352 0.09 18 
93 308 313 72 72 74 72 73 71 72 70 71 70 70 68 71 69 74 75 72 72 72 74 73 74 73 70 74 71 69 72 73 74 73 73 73 71 69 72 71 68 74 72 71 70 74 74 73 71 71 71 71 72 73 71 73 69 72 73 144 0.04 8 
94 194 0 34 28 42 36 21 37 33 23 37 24 22 45 28 28 39 34 33 33 31 38 42 34 35 31 36 42 33 34 34 32 42 42 40 42 35 38 33 30 50 31 25 36 35 36 22 32 40 31 29 28 35 41 27 36 32 33 68 0.09 18 
95 363 206 87 27 21 36 33 27 42 37 24 20 51 41 20 18 17 44 28 19 9 29 23 26 20 22 27 29 52 34 12 40 29 29 23 41 26 7 36 34 21 26 20 31 20 39 38 25 29 13 16 40 38 30 39 30 37 24 116 0.09 18 
96 350 132 28 28 24 25 18 23 21 27 33 31 26 20 30 35 23 28 25 21 31 27 27 38 19 32 21 29 23 28 25 22 24 25 15 32 29 28 23 38 21 26 30 30 25 24 27 33 29 27 24 29 23 28 32 28 34 25 56 0.05 10 
97 65 361 33 27 25 36 33 30 29 39 34 26 33 39 36 34 33 37 43 39 24 31 33 38 35 33 28 26 33 30 33 32 28 33 28 30 36 22 39 35 35 42 35 28 30 30 18 39 33 28 34 21 40 42 32 38 26 34 66 0.03 6 
98 299 283 25 22 9 6 18 22 8 19 16 38 21 25 34 20 21 25 2 31 12 10 41 31 32 28 38 18 26 41 13 27 23 17 19 29 21 25 29 21 40 29 43 20 30 21 25 24 22 8 19 36 33 35 17 14 0 22 50 0.03 6 
99 161 413 80 74 74 78 79 81 73 76 81 76 78 75 82 77 78 86 81 88 75 83 88 81 81 79 81 85 83 87 83 73 76 77 77 80 87 81 84 78 86 84 79 74 84 78 75 85 78 88 86 79 83 79 81 84 79 80 160 0.09 18 
100 150 308 156 52 55 45 60 61 71 50 62 52 49 44 47 50 54 50 42 59 47 34 35 40 39 55 29 49 43 58 53 64 50 68 57 61 35 55 43 55 66 58 49 52 44 45 47 53 62 39 47 48 55 52 64 45 44 25 208 0.07 14 
101 278 17 285 87 91 111 96 86 84 91 96 80 97 111 103 97 88 101 98 75 89 91 95 89 101 110 110 99 109 105 102 114 103 101 87 89 91 92 94 93 98 88 77 95 100 85 88 95 90 89 85 99 72 102 103 103 84 101 380 0.05 10 
102 210 364 279 95 91 95 92 90 94 92 94 93 92 95 92 92 93 96 93 93 95 94 92 95 90 91 92 95 94 94 92 94 96 92 92 94 92 88 95 91 96 97 90 94 90 92 93 94 89 90 92 95 94 91 94 90 93 91 372 0.02 4 
103 215 82 79 82 97 85 79 81 93 94 60 73 88 103 83 72 83 78 83 67 88 52 89 88 80 62 63 82 78 67 72 81 74 79 98 70 86 66 73 69 89 82 68 66 73 74 72 66 88 87 92 70 70 91 81 77 77 84 158 0.03 6 
104 330 277 80 84 74 88 68 86 72 87 84 80 77 79 83 97 82 79 79 85 79 85 75 80 85 91 79 88 81 70 81 81 70 75 79 91 78 80 79 72 84 71 78 71 87 76 75 85 78 77 92 82 84 81 84 78 76 83 160 0.06 12 
105 295 381 190 97 95 87 91 98 82 99 80 92 105 97 88 102 82 100 106 90 100 92 94 80 88 93 103 100 98 99 89 95 97 98 90 94 94 91 89 99 95 90 94 93 101 90 97 90 87 90 93 96 91 85 97 97 92 99 285 0.05 10 
106 476 33 90 86 94 102 94 100 77 105 87 82 96 81 72 86 98 91 76 96 84 91 76 78 101 82 86 92 98 101 79 97 105 97 114 87 107 102 90 82 117 88 81 89 84 94 113 78 87 97 105 96 100 96 86 81 87 100 180 0.06 12 
107 52 157 114 50 42 23 20 43 35 37 43 29 35 39 36 39 40 28 44 40 40 38 36 33 35 32 35 35 35 36 38 38 27 38 32 32 43 50 24 30 37 49 33 38 33 26 34 47 53 41 37 40 38 37 40 28 43 34 152 0.05 10 
108 204 34 45 14 13 17 16 17 13 16 15 17 15 17 19 17 17 14 15 13 13 14 14 15 17 14 14 13 11 11 13 13 16 13 14 16 14 16 15 13 16 18 17 17 13 11 14 13 16 12 14 11 15 17 11 17 15 14 60 0.09 18 
109 181 23 106 53 53 53 51 51 54 53 51 51 53 56 56 50 50 55 53 53 53 52 53 50 57 53 54 55 54 52 53 55 50 51 50 52 54 51 53 52 54 49 54 51 52 53 51 48 56 55 47 52 53 54 54 54 51 49 159 0.09 18 
110 127 328 258 89 85 90 81 84 83 85 79 85 80 85 86 88 89 89 84 86 85 91 76 85 81 92 88 85 84 88 83 82 83 86 85 84 90 88 84 85 87 85 85 83 84 89 83 91 82 82 92 81 85 88 86 82 91 86 344 0.05 10 
111 495 323 60 25 28 34 29 23 21 26 30 24 34 41 29 46 26 30 32 16 48 21 34 11 25 30 23 24 36 29 23 31 21 21 37 32 39 36 34 30 20 27 29 23 39 31 16 14 55 16 43 33 29 32 28 29 18 29 90 0.08 16 
112 304 307 66 78 63 65 71 80 60 65 80 61 75 77 58 68 70 82 73 53 64 59 65 73 77 69 57 65 62 50 65 77 50 79 70 82 72 76 55 51 64 72 60 68 79 74 100 63 66 68 70 54 61 85 60 63 56 87 132 0.03 6 
113 393 268 195 69 60 63 69 69 65 67 67 69 70 59 60 55 64 62 62 65 75 64 52 68 69 64 64 60 66 65 66 70 62 68 66 59 66 72 60 57 64 58 63 66 66 67 60 58 70 67 58 70 68 66 59 64 58 55 260 0.04 8 
114 380 481 20 20 19 21 15 20 18 12 15 28 21 22 24 10 24 14 24 22 15 20 13 19 15 16 18 17 28 17 28 31 19 16 20 13 22 22 24 25 20 23 19 13 25 15 14 24 26 21 24 26 12 14 19 22 14 24 40 0.05 10 
115 191 295 120 55 60 49 67 70 50 51 59 59 66 68 68 64 66 56 56 52 71 66 55 70 54 60 58 52 57 36 56 50 60 63 59 69 57 61 64 72 65 58 63 53 69 63 54 59 62 65 72 59 63 52 67 67 75 63 180 0.06 12 
116 13 344 37 37 31 39 40 40 39 35 35 34 38 34 37 37 38 38 38 35 35 40 40 35 33 36 35 41 36 35 35 42 37 34 32 36 37 40 40 42 34 36 39 40 35 40 33 36 33 39 40 35 37 34 34 42 39 37 74 0.03 6 
117 409 89 36 22 11 12 12 17 20 13 13 18 15 16 24 9 17 7 18 21 18 19 19 20 18 12 14 19 14 8 13 16 23 14 21 6 10 19 20 19 10 16 10 20 13 18 16 18 20 18 15 16 11 11 18 14 11 14 54 0.08 16 
118 46 318 89 94 86 92 88 93 85 86 86 84 90 89 89 90 85 87 89 95 84 85 88 87 83 91 87 92 91 84 90 87 92 89 85 87 91 90 90 85 87 91 81 90 86 85 83 85 91 90 86 90 91 83 88 89 88 88 178 0.08 16 
119 171 339 33 15 18 6 16 7 17 9 13 8 21 15 25 2 21 15 3 18 12 3 8 14 12 11 11 7 3 10 18 3 12 10 7 8 8 12 17 20 16 12 9 17 2 18 14 16 4 12 18 8 7 16 0 9 1 10 44 0.04 8 
120 315 243 110 47 50 56 58 53 58 59 64 70 46 62 71 49 39 46 52 51 41 43 53 66 59 45 69 71 61 49 69 60 55 46 52 48 51 69 59 47 53 53 51 53 52 61 55 66 60 66 48 69 65 43 68 58 56 51 165 0.08 16 
121 109 163 14 0 4 6 12 5 24 8 9 22 13 0 15 18 33 23 10 0 0 18 10 38 8 11 1 16 14 17 31 22 27 16 28 16 6 14 20 7 11 0 12 19 18 0 0 26 23 36 14 0 22 7 30 2 14 21 28 0.06 12 
122 120 401 46 20 25 23 22 23 20 23 23 20 23 21 22 20 25 25 25 25 22 24 19 21 23 26 20 23 21 23 27 22 22 21 21 24 20 25 23 22 22 24 23 22 23 23 21 23 24 19 24 23 20 26 24 22 21 24 69 0.08 16 
123 205 77 162 77 84 68 84 80 86 76 88 81 87 77 64 76 89 90 90 81 81 74 78 79 82 80 79 79 85 74 83 80 86 87 79 73 85 83 81 72 87 82 80 80 84 80 82 76 81 77 78 95 68 69 81 82 80 89 243 0.03 6 
124 312 273 65 66 56 59 68 67 63 79 72 62 59 66 64 66 66 57 63 66 73 70 66 58 63 57 61 67 70 68 63 61 70 69 63 62 65 69 73 64 57 66 68 61 67 65 63 66 65 62 66 64 66 50 61 59 69 61 130 0.09 18 
125 478 81 80 34 33 53 35 39 54 35 43 51 45 37 41 36 37 44 39 23 45 44 53 46 42 44 32 45 30 37 44 44 57 47 32 42 38 46 15 42 35 49 44 28 37 33 56 46 34 41 39 50 42 49 43 53 40 35 120 0.08 16 
126 91 288 75 24 19 27 22 29 27 33 25 19 29 30 26 29 21 22 25 24 29 27 22 26 28 23 30 25 24 25 20 29 24 24 29 24 22 25 23 25 23 26 26 28 24 22 26 24 23 23 20 22 19 19 17 22 28 32 100 0.09 18 
127 183 201 54 20 25 28 32 24 23 20 32 23 29 24 21 24 22 26 31 27 23 24 26 26 29 26 22 23 21 23 25 30 25 28 28 21 23 25 33 31 30 27 26 37 31 24 29 26 32 24 25 31 22 21 27 22 26 30 81 0.08 16 
128 41 80 74 36 38 34 37 39 37 40 38 37 38 38 35 39 39 40 37 40 33 37 40 38 37 38 34 35 35 39 34 36 37 34 34 38 35 38 36 37 34 35 40 36 35 36 37 35 36 37 37 33 40 34 38 35 39 39 111 0.03 6 
129 302 467 152 72 73 74 77 69 81 80 80 73 82 76 77 79 74 80 76 79 78 76 79 78 77 78 71 78 70 72 79 75 80 74 76 70 74 72 74 72 77 74 74 70 80 72 77 74 77 73 76 81 75 72 77 67 75 78 228 0.09 18 
130 474 394 86 51 47 61 37 36 33 58 29 34 24 38 31 46 56 34 33 60 50 54 46 42 43 42 38 39 36 47 49 46 28 28 30 57 42 57 39 67 43 55 54 53 58 28 56 37 39 48 30 26 51 50 35 57 43 30 129 0.05 10 
131 74 259 147 42 52 48 47 52 41 54 45 38 53 47 48 44 50 42 54 59 61 49 61 46 47 45 40 54 47 48 51 50 53 51 48 47 55 51 39 54 48 54 48 40 45 43 57 49 48 49 50 49 54 55 53 52 47 47 196 0.06 12 
132 124 261 81 27 25 29 26 25 24 24 31 31 30 26 26 26 30 26 26 28 23 26 27 26 25 28 28 25 24 23 32 27 31 23 24 27 25 27 27 26 29 27 28 27 29 27 26 24 31 26 32 22 26 27 28 25 25 31 108 0.09 18 
133 149 177 216 82 68 73 57 68 75 64 66 69 66 73 68 64 72 66 74 63 81 70 72 68 68 77 72 64 76 75 77 74 76 68 75 71 74 70 65 72 70 68 69 67 81 68 69 66 73 65 72 75 68 71 72 76 66 68 288 0.06 12 
134 164 478 258 87 79 86 77 80 86 87 90 90 86 77 83 87 82 81 85 83 87 87 86 85 85 80 84 89 84 82 74 81 86 83 87 81 78 82 88 85 86 91 87 91 78 87 84 82 85 80 86 81 84 86 84 83 84 87 344 0.07 14 
135 106 246 90 42 54 52 47 63 28 50 40 54 58 44 45 49 40 34 58 49 39 58 47 40 60 47 50 31 42 46 51 47 45 51 39 61 62 54 45 30 54 48 47 69 39 37 68 34 32 33 53 49 29 39 51 33 47 38 135 0.08 16 
136 330 102 75 31 19 25 20 22 26 9 20 27 34 17 13 17 24 31 33 13 35 20 8 23 8 12 27 25 23 24 26 42 6 36 38 20 21 28 29 29 32 14 11 37 11 26 22 34 33 32 19 18 36 22 30 18 36 30 100 0.05 10 
137 405 417 182 95 83 90 80 86 91 91 96 91 86 84 98 95 93 100 85 97 99 94 96 86 89 91 92 84 98 94 86 95 88 94 84 84 84 97 96 94 93 86 87 91 88 93 91 83 86 97 91 83 83 94 83 81 92 80 273 0.08 16 
138 110 415 12 6 13 1 12 10 12 11 11 11 8 12 17 12 9 3 20 17 10 24 15 12 12 12 7 12 8 13 9 15 6 10 7 5 17 10 16 14 13 8 16 12 11 11 13 8 19 7 16 11 11 15 17 14 9 17 24 0.07 14 
139 400 319 73 73 70 75 71 73 74 71 72 74 74 71 75 70 75 76 73 74 70 76 71 75 72 73 75 69 71 72 71 72 71 69 70 74 71 74 70 74 80 74 70 72 70 71 74 73 74 76 73 77 73 72 68 71 72 68 146 0.09 18 
140 408 306 42 21 36 48 48 31 13 26 56 45 41 36 46 45 48 41 59 56 53 48 20 46 37 35 44 53 40 43 36 46 19 43 55 40 21 46 51 24 50 40 31 59 35 16 36 52 39 43 41 37 41 41 23 44 33 45 84 0.03 6 
141 96 412 159 57 57 50 59 62 38 61 63 65 52 56 41 49 65 53 52 53 52 49 60 55 57 52 49 48 50 56 54 52 50 48 63 44 41 61 49 50 55 40 42 49 34 54 64 40 51 52 54 34 61 50 49 53 53 55 212 0.08 16 
142 129 258 267 89 89 91 86 89 88 89 84 89 90 89 87 89 88 87 90 88 89 88 88 86 87 87 89 87 86 87 89 90 90 90 87 87 87 87 92 88 89 87 87 87 87 89 88 85 90 89 89 87 91 89 91 90 89 87 356 0.05 10 
143 91 276 26 16 17 28 6 13 6 0 5 0 3 11 8 10 18 4 3 25 7 0 10 19 16 5 15 20 17 8 20 18 23 3 34 18 8 22 23 25 18 30 29 7 0 21 2 0 24 19 22 10 12 9 0 17 14 23 39 0.02 4 
144 499 297 36 15 11 22 11 17 20 18 22 18 20 14 19 15 18 16 15 29 14 12 20 11 18 12 23 12 19 22 21 15 13 14 22 23 19 19 17 22 20 24 19 19 15 18 18 25 13 13 16 14 25 24 21 18 18 24 54 0.07 14 
145 156 317 234 78 76 72 80 79 79 73 75 78 82 77 76 77 72 74 80 74 75 78 75 72 79 74 78 78 79 79 77 78 84 77 77 80 81 79 77 83 76 79 80 79 78 75 87 78 78 79 79 71 84 77 77 76 80 76 312 0.09 18 
146 39 335 255 71 83 78 79 82 94 99 79 63 80 90 86 73 87 96 72 74 84 70 101 68 89 91 103 76 88 70 77 90 87 73 82 94 91 96 94 85 90 81 90 87 80 87 82 79 97 78 70 90 81 101 80 84 76 91 340 0.07 14 
147 83 161 116 61 47 53 66 57 51 56 62 59 62 51 51 55 58 49 57 52 56 62 54 57 57 56 56 60 48 56 51 56 51 55 51 67 50 60 49 59 54 52 60 65 58 55 64 66 49 50 61 58 47 68 56 57 56 57 174 0.05 10 
148 472 233 56 21 10 35 29 32 27 24 20 29 30 23 15 28 31 37 30 20 23 16 29 24 31 33 19 28 15 29 35 33 23 31 40 29 27 17 26 44 25 33 30 30 24 26 33 27 26 32 18 30 25 35 17 37 42 39 84 0.05 10 
149 320 71 249 79 74 65 87 86 71 90 89 82 85 67 93 102 79 85 85 78 88 78 69 76 82 98 77 77 95 90 81 78 75 107 78 89 73 84 93 87 77 69 89 85 92 85 79 64 86 94 102 73 84 83 72 80 95 83 332 0.03 6 
150 109 460 102 53 52 60 31 49 66 52 53 52 55 52 48 48 47 52 45 51 45 49 55 48 51 56 50 53 39 56 43 58 47 50 58 50 54 65 44 49 47 53 50 55 54 53 46 49 36 44 41 40 46 58 59 50 45 52 153 0.04 8 
151 299 90 152 88 79 86 68 65 64 66 95 67 70 83 77 75 74 75 72 79 62 69 65 57 83 75 70 84 64 72 72 83 72 67 65 84 65 65 75 74 67 68 75 84 68 73 72 63 92 66 58 72 87 56 72 72 86 63 228 0.05 10 
152 249 342 282 103 94 86 92 88 95 82 94 95 91 89 97 82 103 81 81 97 87 89 92 92 85 96 102 97 88 92 84 96 103 99 90 98 93 96 96 96 87 104 99 98 88 94 91 97 92 92 98 105 97 80 90 95 96 94 376 0.08 16 
153 266 221 26 16 26 33 31 21 26 33 38 22 32 35 42 34 15 33 25 23 19 41 15 35 16 24 27 27 43 41 33 35 38 41 35 15 36 21 23 35 32 25 9 40 26 32 37 27 19 46 28 31 27 22 42 40 37 13 52 0.06 12 
154 450 161 26 38 18 34 24 15 38 23 34 22 21 25 47 34 22 18 27 50 32 39 25 30 31 25 22 24 24 29 25 19 33 29 36 25 25 19 28 20 26 23 23 44 13 37 29 28 32 30 27 16 30 23 27 14 28 28 52 0.06 12 
155 76 58 37 36 39 44 42 31 38 38 37 41 35 41 29 34 24 38 29 34 44 32 39 35 37 34 30 30 39 39 38 34 33 39 22 40 37 37 39 30 36 29 25 50 37 38 32 42 32 32 24 45 19 35 36 39 33 37 74 0.08 16 
156 93 474 96 37 28 36 42 27 36 37 37 34 29 46 24 26 31 28 31 44 23 28 42 26 30 45 22 31 30 32 43 19 39 18 34 18 26 34 32 46 34 37 31 25 35 9 44 34 31 27 26 19 22 37 15 34 35 27 128 0.05 10 
157 243 363 141 66 55 37 45 45 46 40 54 42 38 49 57 40 42 42 45 48 45 49 50 52 40 59 49 32 57 58 55 66 47 57 57 63 44 47 51 47 44 60 43 39 48 56 46 49 51 53 53 46 51 45 35 49 51 51 188 0.08 16 
158 246 3 50 41 44 47 56 54 52 49 57 52 52 43 40 54 47 49 56 57 48 50 44 49 46 48 47 49 53 47 47 54 53 49 53 50 41 52 60 53 50 52 61 42 50 46 61 48 47 50 46 44 46 47 42 52 48 52 100 0.07 14 
159 46 490 285 92 95 103 82 96 98 99 89 93 107 100 100 86 95 99 114 86 96 91 114 71 81 74 109 104 99 88 72 89 78 94 95 91 79 96 76 101 72 110 105 95 95 91 84 109 111 79 109 95 106 70 90 93 100 98 380 0.03 6 
160 451 198 27 29 28 25 20 29 31 28 22 28 30 29 33 25 21 29 31 20 26 31 27 32 26 26 29 24 26 27 22 27 28 25 26 28 28 27 29 25 31 21 20 28 28 26 29 30 29 26 24 33 27 25 30 24 26 24 54 0.07 14 
161 258 26 28 13 11 15 12 13 16 10 9 13 16 11 23 14 13 14 14 12 18 15 16 9 16 17 17 12 13 11 12 8 14 16 10 12 12 21 13 12 13 13 9 12 11 5 14 20 10 8 15 10 14 17 15 9 17 18 42 0.09 18 
162 280 353 128 57 56 77 69 71 64 59 60 57 60 74 74 55 72 53 53 71 67 69 68 71 55 51 66 59 60 67 76 66 46 64 70 72 66 61 68 63 65 60 69 78 67 61 63 69 59 61 57 63 61 69 75 60 59 63 192 0.04 8 
163 396 54 192 82 93 92 98 94 98 100 94 82 96 91 89 93 85 95 105 92 97 96 95 102 106 102 105 86 96 99 93 91 98 96 87 93 102 97 101 109 94 87 83 100 96 93 92 91 107 103 98 88 101 101 95 85 95 94 288 0.04 8 
164 212 474 192 93 99 92 94 95 92 93 95 94 94 101 94 97 93 99 95 96 98 96 91 95 95 96 96 95 98 96 96 93 96 96 94 99 94 93 95 97 90 99 95 92 97 98 98 97 92 100 96 100 94 97 97 94 94 96 288 0.05 10 
165 171 363 138 47 46 43 47 47 44 45 44 44 44 45 46 44 45 44 48 46 44 42 43 48 46 46 45 48 46 44 44 46 43 46 46 45 43 45 45 43 47 46 49 42 44 46 51 44 46 51 46 46 43 45 46 45 43 45 184 0.03 6 
166 363 10 84 82 81 85 84 79 82 87 89 81 75 93 82 82 79 87 82 79 86 83 87 85 80 85 81 83 86 86 84 88 83 89 83 84 83 88 88 79 85 84 72 72 85 87 84 89 76 83 82 88 86 73 85 83 84 85 168 0.07 14 
167 394 0 95 93 91 91 91 93 94 96 91 94 95 94 95 93 97 98 97 93 94 94 95 94 96 93 93 93 97 93 97 93 93 94 95 97 93 96 95 94 95 96 95 95 92 95 96 94 95 95 92 93 97 96 92 96 96 92 190 0.05 10 
168 57 129 300 103 111 90 95 101 99 88 97 100 98 94 99 95 99 101 103 98 93 100 105 101 94 102 104 114 94 97 91 103 113 100 87 95 107 97 100 95 102 95 99 90 97 95 99 102 94 102 102 103 109 101 94 92 103 93 400 0.05 10 
169 416 165 225 72 63 76 76 82 76 77 79 69 74 75 75 72 74 66 64 72 70 81 72 70 71 69 74 63 78 79 75 80 65 71 71 75 68 71 78 75 75 77 76 70 74 76 75 73 72 72 80 76 70 72 74 66 71 78 300 0.07 14 
170 232 364 35 36 38 41 35 26 33 28 33 36 35 42 39 32 37 37 29 34 35 30 32 28 37 31 37 37 33 34 37 35 37 33 35 25 38 33 32 26 35 40 34 28 33 32 35 34 36 34 28 36 34 37 39 38 29 34 70 0.04 8 
171 82 129 198 109 89 87 84 96 100 84 102 90 92 97 97 100 97 78 103 108 97 104 96 91 96 91 89 94 102 93 103 89 90 105 81 93 98 110 89 98 92 107 106 85 103 106 91 101 110 87 100 112 103 100 91 102 101 82 297 0.04 8 
172 467 71 11 10 11 8 8 13 4 16 6 0 1 23 1 5 12 4 6 10 12 8 10 11 13 17 10 3 2 11 14 5 0 21 14 13 6 16 9 17 0 7 12 5 5 13 2 8 7 14 14 10 10 13 7 9 2 11 22 0.04 8 
173 4 406 183 62 65 58 61 62 61 59 73 60 55 60 60 57 59 60 61 64 59 60 62 59 59 63 54 67 62 61 57 59 57 60 60 60 59 63 54 56 66 57 65 58 63 61 59 59 56 61 64 61 69 62 59 57 56 54 244 0.05 10 
174 26 255 53 65 44 52 60 49 57 67 66 45 68 51 48 36 51 40 59 50 57 56 54 54 55 55 49 44 47 30 63 53 47 75 65 45 40 52 53 50 41 45 43 43 45 58 57 60 38 67 60 70 39 41 50 44 70 54 106 0.09 18 
175 0 96 261 85 53 94 105 82 82 103 81 80 95 96 94 91 83 94 75 106 89 78 79 82 90 83 90 87 82 74 91 79 90 95 105 81 73 97 89 86 83 79 70 84 87 84 87 77 86 104 102 86 87 98 86 92 83 79 348 0.04 8 
176 331 288 24 46 27 42 15 25 13 23 26 28 26 17 31 27 30 19 20 2 37 13 32 18 49 31 20 20 11 28 23 23 31 27 21 16 13 8 38 42 28 18 14 9 18 21 13 18 21 32 9 20 29 17 10 27 27 18 48 0.05 10 
177 195 47 72 72 67 76 70 71 67 66 72 72 71 77 68 69 74 64 79 76 68 72 72 72 72 74 69 71 68 74 66 72 70 74 69 79 79 74 66 74 66 69 77 78 66 62 73 64 61 73 73 82 75 60 66 66 73 67 144 0.02 4 
178 155 240 146 75 70 83 72 88 77 65 73 89 92 69 79 68 76 73 62 76 77 81 73 81 69 85 87 71 74 57 66 71 63 67 78 73 74 83 76 80 70 80 54 75 64 67 64 79 77 80 83 72 62 76 64 71 68 63 219 0.02 4 
179 106 52 216 61 60 77 74 54 74 72 56 61 71 78 70 46 79 71 77 70 77 53 79 72 67 71 73 79 72 78 66 61 76 72 69 55 84 78 62 78 69 70 76 71 59 75 80 81 71 70 90 59 67 72 81 74 78 66 288 0.03 6 
180 250 76 21 17 23 18 9 37 22 26 22 19 18 22 19 16 16 19 24 17 16 20 17 21 25 13 17 10 22 16 19 13 15 11 22 19 25 16 19 19 29 18 5 10 18 25 25 29 30 3 22 11 21 22 30 20 21 25 42 0.05 10 
181 389 113 186 84 85 83 87 84 103 106 94 93 103 87 112 93 98 90 97 101 102 86 95 96 93 87 83 101 88 95 96 81 88 84 99 89 98 101 78 84 95 96 114 101 81 94 80 90 91 91 109 95 95 108 93 101 87 103 279 0.02 4 
182 88 320 152 65 70 69 86 80 54 83 68 84 82 80 82 73 79 79 76 78 71 88 79 74 83 87 78 67 62 78 82 81 93 68 81 83 72 81 81 79 76 86 80 78 79 84 81 82 84 85 69 78 87 92 77 67 70 66 228 0.03 6 
183 208 203 261 87 85 90 99 88 86 79 93 81 84 95 89 88 75 95 85 91 77 91 92 84 94 85 90 90 85 80 82 89 93 81 98 82 87 84 87 78 88 99 97 88 84 87 87 88 81 88 94 88 86 89 80 85 94 81 348 0.04 8 
184 357 493 86 48 35 43 52 37 46 34 40 33 37 53 41 36 63 40 38 32 46 45 53 38 38 53 41 38 46 42 43 35 37 45 44 43 43 50 43 46 49 43 31 47 38 49 38 39 44 36 32 45 49 44 45 40 48 34 129 0.07 14 
185 152 10 26 15 4 10 5 4 13 11 25 27 1 18 5 18 19 10 21 2 8 10 7 28 17 13 1 11 15 22 7 14 5 3 8 14 15 9 3 14 15 13 14 19 16 34 6 7 15 4 10 9 23 20 17 4 13 3 39 0.03 6 
186 73 270 56 57 62 64 61 75 60 39 51 52 53 40 45 41 58 53 52 62 58 65 69 43 58 61 59 59 60 53 55 51 57 37 62 65 61 51 63 67 60 51 58 41 45 68 38 47 61 57 56 55 42 50 53 50 63 57 112 0.03 6 
187 482 359 52 51 53 51 53 51 51 55 56 57 50 54 53 55 51 52 58 50 52 51 54 51 49 53 51 53 51 49 54 56 53 60 48 51 55 55 47 45 48 51 57 53 53 51 52 55 57 53 50 54 52 53 53 48 47 51 104 0.08 16 
188 386 366 37 43 31 46 41 33 40 39 32 41 32 36 33 36 32 32 34 34 39 38 37 36 38 32 35 40 37 30 45 41 39 33 36 35 36 51 32 37 34 38 36 37 41 41 43 41 38 42 35 36 40 34 37 45 38 39 74 0.05 10 
189 198 420 285 102 91 92 102 97 95 100 98 99 88 92 96 97 94 92 92 94 97 94 93 98 94 91 98 93 92 96 93 92 92 97 95 93 96 90 99 94 93 95 97 94 97 101 96 94 97 90 95 102 90 92 100 93 94 91 380 0.06 12 
190 445 25 297 102 87 104 90 97 103 109 97 108 87 102 98 86 85 110 89 105 101 93 100 106 107 92 98 86 95 112 105 106 85 101 90 94 105 106 101 97 107 109 102 96 94 104 107 92 97 103 109 90 103 97 83 95 90 94 396 0.09 18 
191 43 424 28 12 9 9 16 12 11 16 16 10 12 19 14 18 13 13 13 14 9 14 13 12 13 15 13 8 15 16 16 9 11 13 10 15 13 15 13 10 14 13 17 17 18 14 13 15 18 10 7 13 18 11 17 14 17 14 42 0.08 16 
192 360 3 69 81 64 69 88 55 67 60 69 69 54 66 74 71 69 57 53 84 61 66 69 46 72 73 67 65 73 67 50 83 57 78 76 71 73 67 84 58 57 64 79 55 74 54 67 63 55 64 71 64 77 75 81 53 70 72 138 0.06 12 
193 386 481 178 86 83 68 83 96 73 96 74 84 88 92 82 86 90 83 97 103 89 87 98 86 89 90 88 96 89 94 86 90 89 86 88 80 90 84 78 69 94 96 93 99 98 93 90 100 90 79 74 87 89 90 97 81 89 87 267 0.07 14 
194 112 154 96 52 62 49 52 55 49 52 55 44 55 30 53 46 40 49 64 35 39 52 51 64 49 39 51 56 48 37 54 47 48 33 50 55 50 49 29 48 59 44 45 47 55 39 49 52 52 34 43 39 38 42 50 48 44 60 144 0.08 16 
195 203 231 112 53 57 55 57 51 58 53 55 54 54 57 53 56 50 54 55 59 61 57 57 58 62 58 54 55 57 52 53 55 56 53 52 55 60 54 54 59 56 57 53 54 54 56 54 56 53 57 56 57 62 57 56 59 58 57 168 0.04 8 
196 342 81 33 27 15 36 46 29 21 20 32 44 30 21 32 34 44 30 42 36 35 33 39 32 40 40 23 27 31 35 41 40 27 48 53 35 39 47 25 26 32 31 22 25 27 34 32 40 44 42 33 31 18 31 37 27 33 24 66 0.03 6 
197 80 35 152 77 77 75 78 74 74 79 77 75 73 72 75 76 70 78 78 75 75 79 75 75 72 75 76 77 77 76 73 75 76 76 78 76 75 77 77 74 76 71 76 74 72 70 78 77 78 78 79 76 75 75 78 74 73 76 228 0.09 18 
198 10 340 46 49 40 43 55 35 41 45 43 54 54 38 36 34 40 57 49 52 46 49 56 54 45 45 39 47 40 52 43 47 36 34 42 41 53 36 32 36 45 60 40 42 51 36 50 46 50 46 39 46 58 46 45 44 44 52 92 0.05 10 
199 266 380 18 18 17 17 19 18 15 15 18 16 16 17 19 19 19 15 16 19 18 16 13 16 18 17 17 18 15 16 18 20 14 17 14 16 16 14 14 23 16 16 17 14 18 19 17 20 18 16 18 19 12 17 14 19 21 18 36 0.09 18 
200 19 147 53 54 54 52 51 53 53 55 53 52 50 54 52 54 54 56 54 53 53 51 56 53 53 53 54 56 55 55 51 52 52 50 55 54 52 52 50 54 49 51 54 51 54 52 51 52 52 52 53 55 52 56 57 54 53 54 106 0.05 10 
