25 5 1848
0 481 57 3518 3154 3149 3151 3151 3143 0.01
1 45 273 20 29 14 23 15 17 17 16 19 18 21 18 21 22 13 22 25 18 11 24 18 22 6 29 27 19 16 19 30 25 24 18 16 25 20 19 18 17 20 17 22 17 18 29 23 13 21 20 20 10 20 28 21 16 25 11 40 0.02 4 
2 349 329 26 1 18 17 8 10 13 15 7 11 6 11 16 11 16 7 4 1 7 12 24 9 12 5 17 19 0 9 15 23 3 12 6 13 12 5 17 9 4 10 16 18 16 0 24 9 7 15 20 5 17 7 19 12 15 10 39 0.02 4 
3 151 209 82 40 44 37 42 46 34 39 39 44 30 38 44 45 31 36 40 37 38 44 48 32 39 45 35 40 50 47 39 36 40 36 39 42 38 38 37 33 44 40 50 36 44 37 33 47 42 43 28 43 37 35 41 41 30 44 123 0.05 10 
4 431 335 11 9 9 11 12 10 12 14 13 9 9 10 10 11 11 11 9 11 10 11 9 10 9 11 14 12 11 12 8 8 9 11 10 13 13 13 11 14 13 8 9 12 11 10 9 10 12 13 9 10 9 14 11 10 12 10 22 0.03 6 
5 44 266 13 13 13 12 11 10 17 13 6 6 17 15 5 7 16 12 11 7 17 6 16 10 14 7 13 12 8 14 15 15 7 9 14 18 6 11 15 13 5 14 17 11 19 20 14 8 12 9 12 9 12 10 16 11 0 24 26 0.08 16 
6 36 360 34 37 38 55 47 22 33 26 34 37 24 22 30 23 37 41 33 25 26 40 20 22 31 40 31 27 26 38 38 26 35 28 39 34 25 26 40 36 25 42 36 47 37 22 52 38 52 16 26 42 25 19 39 24 42 34 68 0.09 18 
7 169 60 159 44 58 51 57 49 53 45 50 44 56 64 45 65 59 53 49 41 65 61 62 47 56 51 44 52 43 55 60 57 49 51 59 61 59 55 52 50 53 50 65 57 46 53 55 61 48 55 55 57 49 59 51 55 49 62 212 0.02 4 
8 288 110 55 48 59 58 71 57 72 39 56 53 62 70 52 63 44 43 55 67 59 68 50 56 80 57 61 56 50 52 60 57 64 57 59 43 43 59 65 48 54 58 35 62 60 41 53 49 60 52 53 80 66 64 56 44 51 69 110 0.09 18 
9 295 106 282 94 90 92 96 93 94 92 104 95 89 87 91 96 93 96 94 91 86 94 97 96 89 93 94 92 94 92 95 96 93 95 93 91 90 93 96 90 93 88 89 96 93 93 96 95 95 96 90 90 93 89 103 94 86 89 376 0.04 8 
10 329 210 25 22 24 27 32 24 31 27 22 35 31 18 24 34 23 26 24 21 22 31 33 32 21 33 29 26 42 7 26 13 19 19 41 19 30 29 20 19 31 17 33 29 37 28 14 32 21 19 26 24 17 31 20 20 33 43 50 0.02 4 
11 217 306 21 10 17 14 17 29 22 8 12 21 37 32 15 3 36 14 7 24 7 6 23 31 36 36 32 18 14 17 11 37 27 19 14 17 21 20 34 32 29 19 6 19 32 11 18 22 39 15 26 17 33 17 23 14 22 24 42 0.02 4 
12 122 180 105 42 49 28 57 41 6 44 37 37 26 21 19 30 38 27 22 36 29 30 48 39 49 52 30 42 26 33 39 39 39 40 46 33 43 45 36 63 41 31 12 35 52 31 39 25 27 41 39 29 21 40 42 19 40 29 140 0.09 18 
13 372 327 25 23 8 35 11 22 13 21 32 9 21 21 35 31 29 31 11 28 24 25 35 20 23 37 20 22 24 29 33 22 25 30 20 12 15 23 24 24 11 27 14 29 21 3 26 21 31 24 22 15 28 17 23 34 5 12 50 0.02 4 
14 42 59 120 33 38 39 27 45 25 44 38 38 31 46 38 37 22 45 42 50 44 50 35 46 57 30 59 26 18 55 26 50 42 38 43 37 54 37 43 23 33 53 37 38 40 46 31 35 50 37 43 32 34 47 38 54 36 42 160 0.02 4 
15 358 116 84 82 84 89 81 82 89 80 82 80 80 80 87 82 87 88 87 83 80 78 80 85 83 88 87 85 85 84 83 86 84 79 81 83 85 86 86 76 83 83 82 81 88 82 90 83 83 90 83 82 79 89 85 77 80 83 168 0.02 4 
16 292 17 228 79 77 72 69 61 77 72 83 74 81 78 66 68 73 85 69 76 76 80 69 64 66 76 72 72 68 76 73 71 69 83 70 81 77 79 76 83 88 72 78 72 69 76 80 76 73 67 77 81 74 76 79 72 64 84 304 0.09 18 
17 427 52 228 62 80 79 64 77 82 69 75 80 81 71 68 84 74 78 62 81 61 74 89 69 72 76 60 70 75 58 82 67 89 76 86 76 82 70 74 71 74 82 82 78 69 70 66 79 79 76 78 81 75 70 84 75 84 77 304 0.07 14 
18 441 224 80 82 74 81 77 81 77 79 76 82 85 91 76 87 83 77 84 80 78 73 77 78 76 79 79 84 77 77 77 76 79 86 80 81 82 78 81 77 80 73 88 71 84 85 75 81 78 78 76 77 81 78 80 78 79 82 160 0.05 10 
19 80 497 34 20 22 16 24 11 15 31 20 19 30 12 17 13 15 26 33 14 12 5 0 17 16 21 18 20 25 11 25 12 7 31 18 14 18 18 10 8 4 11 8 6 19 12 28 31 9 21 29 5 22 12 15 19 9 22 51 0.06 12 
20 478 318 120 53 37 38 51 29 22 32 45 51 45 45 39 45 51 50 36 35 39 59 45 47 40 37 36 47 35 45 33 38 38 39 44 40 30 44 37 45 42 41 34 35 48 33 23 49 50 44 51 41 40 41 25 33 40 40 160 0.02 4 
21 136 322 150 78 77 75 64 87 84 77 82 78 71 73 79 79 64 73 73 72 67 72 79 83 68 73 86 63 74 82 79 80 79 81 77 81 86 79 80 82 75 72 58 73 85 83 76 77 75 74 74 77 78 73 67 70 92 72 225 0.06 12 
22 493 48 100 94 108 100 101 86 104 106 92 102 101 100 96 101 107 105 103 87 101 93 109 98 91 91 105 104 108 91 95 106 96 101 106 103 104 98 98 99 96 89 102 100 108 105 94 95 100 107 107 106 110 98 96 100 100 107 200 0.07 14 
23 428 389 120 38 31 38 41 41 43 35 40 39 42 34 39 37 38 41 37 36 37 39 43 44 38 39 36 39 40 39 34 36 42 41 38 40 42 40 34 41 33 37 41 42 39 39 42 34 39 41 43 37 44 36 36 40 35 43 160 0.08 16 
24 85 369 86 83 85 87 83 88 86 85 85 85 87 91 86 93 89 88 82 84 87 88 88 83 87 84 85 83 80 87 85 86 88 88 84 79 85 81 91 85 84 84 79 86 84 87 91 88 85 85 87 82 85 89 86 81 86 84 172 0.03 6 
25 40 141 78 75 78 80 79 83 81 78 76 80 80 78 74 76 81 77 71 85 82 78 74 75 75 79 75 78 83 79 76 75 80 78 72 83 79 76 78 76 72 78 76 76 78 77 77 76 76 78 80 75 74 78 73 77 77 77 156 0.02 4 
