200 10 16563
0 484 156 33231 26784 26806 26796 26788 26794 26804 26793 26804 26799 26799 0.01
1 397 65 172 91 90 86 88 82 76 81 83 83 94 85 89 89 89 86 80 87 90 87 81 89 88 86 90 84 87 78 92 92 83 89 87 83 85 80 81 83 75 89 92 85 87 76 87 80 86 78 94 85 82 91 81 83 86 82 80 92 81 88 89 258 0.04 8 
2 426 471 41 41 41 40 41 40 39 40 43 40 44 40 40 42 35 41 36 41 40 38 42 41 44 42 40 43 42 41 42 40 40 41 42 42 40 42 40 43 40 40 44 40 42 45 37 41 41 39 43 42 41 38 39 41 39 41 40 42 41 40 39 82 0.06 12 
3 231 443 81 24 30 36 40 20 21 20 29 18 34 35 24 19 24 14 27 22 26 29 24 23 28 22 19 25 23 34 20 31 30 25 26 26 29 28 24 26 30 23 33 16 33 17 14 24 33 31 27 29 31 24 24 29 27 18 24 22 29 23 32 108 0.05 10 
4 480 428 154 99 62 83 79 83 69 62 61 82 83 88 82 91 71 78 85 89 78 84 74 82 83 86 77 78 86 85 68 51 78 63 78 83 60 71 83 75 76 89 58 76 57 85 65 78 58 74 80 59 101 75 86 67 89 69 54 70 92 69 78 231 0.05 10 
5 492 68 22 22 25 18 30 21 9 18 0 19 6 17 36 40 23 35 22 27 24 32 33 41 7 24 24 22 10 29 37 21 21 11 22 36 17 17 32 26 36 9 13 18 13 11 10 10 23 22 28 33 31 16 31 26 25 21 25 6 21 19 34 44 0.03 6 
6 241 195 98 30 48 45 58 57 43 62 52 35 50 27 54 56 58 31 44 48 35 53 46 45 36 48 52 39 55 57 59 44 65 47 31 48 52 41 32 35 43 49 46 55 51 45 42 51 50 45 45 58 62 39 44 48 45 50 57 47 60 60 41 147 0.04 8 
7 206 471 162 59 50 58 51 52 39 45 58 50 69 54 45 67 57 43 61 51 51 45 52 49 45 59 64 30 54 42 40 62 49 62 47 74 51 61 60 45 58 67 42 58 61 54 56 49 49 57 58 54 51 61 65 42 51 43 54 53 45 58 67 216 0.03 6 
8 94 465 78 84 81 77 77 79 77 79 72 74 75 81 71 82 87 77 72 81 79 75 71 76 76 73 78 82 78 82 76 77 78 77 79 82 77 77 82 67 79 74 78 73 73 84 83 75 70 76 77 77 80 80 76 85 83 78 77 74 74 76 72 156 0.02 4 
9 370 364 92 91 106 101 76 93 100 94 91 95 86 95 92 91 85 95 101 99 109 105 94 85 81 94 88 94 88 84 92 96 102 91 93 95 88 90 106 85 91 90 97 96 95 103 94 98 95 94 98 90 98 104 90 88 83 87 88 77 89 88 104 184 0.07 14 
10 236 377 156 83 83 77 87 72 85 90 79 67 73 77 78 80 73 77 65 73 80 70 67 76 84 69 79 71 88 68 78 79 82 80 74 75 72 72 79 74 79 82 70 67 72 76 82 65 81 74 71 82 75 73 70 77 80 76 83 84 67 78 70 234 0.08 16 
11 415 230 273 82 84 95 85 85 95 100 110 75 91 96 82 87 96 78 80 101 94 104 93 82 94 110 84 95 98 88 94 84 88 92 90 60 88 80 98 74 79 95 104 91 95 88 80 75 97 71 84 89 82 89 91 95 98 91 106 83 84 88 93 364 0.08 16 
12 281 491 219 74 77 80 71 75 86 77 71 68 69 76 70 69 66 65 69 73 68 70 70 63 74 70 84 71 80 70 74 67 82 75 76 78 79 62 80 70 72 84 70 80 60 66 63 73 71 73 68 77 76 80 77 64 70 77 72 76 87 81 73 292 0.05 10 
13 63 176 23 25 22 22 22 22 26 23 22 25 22 25 21 20 23 22 24 27 22 24 23 24 21 21 23 20 21 25 24 22 25 22 24 22 23 24 25 19 21 23 23 22 20 22 24 23 21 24 20 22 23 21 22 23 21 23 21 19 22 20 22 46 0.05 10 
14 121 41 54 56 56 44 54 56 54 53 54 42 53 56 54 45 50 44 46 49 35 60 59 49 47 58 50 46 61 57 57 50 50 55 50 45 52 49 50 48 54 58 55 50 45 55 55 55 67 45 51 58 63 56 57 56 57 46 52 41 54 51 52 108 0.09 18 
15 187 213 147 44 58 50 45 39 47 36 47 54 30 43 56 49 39 52 47 45 48 41 49 54 42 43 52 65 43 52 61 48 44 40 44 60 45 35 45 49 54 46 52 49 48 47 52 47 60 51 42 54 42 47 52 49 47 45 55 47 54 46 53 196 0.08 16 
16 340 82 31 32 23 43 44 7 36 40 38 28 21 40 38 40 26 22 34 32 27 50 41 17 35 44 37 42 31 39 27 36 18 33 41 21 39 37 27 32 35 32 23 28 22 32 28 26 34 50 25 22 29 35 39 24 37 31 26 30 36 40 32 62 0.09 18 
17 350 27 53 54 56 57 54 54 52 50 49 52 53 55 57 52 50 52 52 58 52 56 50 53 51 54 53 55 52 52 47 52 52 53 55 56 51 51 53 53 55 54 50 53 57 50 52 49 52 51 58 51 50 49 56 55 47 51 52 51 54 51 50 106 0.02 4 
18 148 21 192 67 63 62 66 64 64 63 62 61 64 64 64 62 64 67 64 64 63 62 60 63 61 62 64 64 59 64 64 63 63 64 61 63 63 62 63 62 63 62 64 67 65 59 66 64 65 65 66 59 62 62 58 59 64 61 62 60 63 64 59 256 0.09 18 
19 121 1 243 81 81 82 76 83 77 78 81 80 80 80 82 80 77 80 82 79 84 82 80 78 80 80 83 81 79 81 78 81 83 79 81 81 78 80 80 79 81 80 82 80 80 80 79 78 85 81 79 79 83 82 78 79 79 85 80 79 80 80 79 324 0.09 18 
20 75 261 201 63 68 65 65 66 62 67 63 63 67 64 70 71 62 59 68 61 69 63 68 63 67 71 61 62 63 69 61 70 71 66 68 58 65 63 65 71 68 69 68 66 66 68 68 73 74 70 69 60 65 61 68 67 68 67 67 68 63 60 64 268 0.04 8 
21 51 417 204 66 59 64 60 62 69 73 52 80 70 63 70 78 72 70 68 60 79 77 77 61 81 59 70 62 68 68 67 65 68 58 76 56 71 67 77 62 79 67 66 62 76 70 69 64 60 72 61 64 70 68 47 78 67 70 71 80 54 67 71 272 0.05 10 
22 145 420 105 44 25 26 30 43 34 27 25 40 39 37 34 38 43 33 41 36 29 29 34 37 34 30 41 29 29 27 28 30 36 31 34 42 43 30 33 28 33 29 29 34 20 40 24 45 39 30 32 30 26 29 39 35 40 36 31 41 35 45 40 140 0.07 14 
23 191 26 96 96 99 99 97 98 96 97 97 90 99 92 99 99 94 95 99 95 97 95 92 96 103 98 98 99 93 95 97 96 94 91 93 92 94 97 96 97 97 99 88 98 97 93 95 98 92 95 94 92 97 96 92 90 96 95 92 102 93 94 97 192 0.08 16 
24 304 255 43 39 40 37 52 41 50 35 37 42 55 43 44 40 41 46 39 45 60 31 30 49 44 40 48 41 34 30 50 54 43 60 44 45 43 55 45 34 44 50 33 42 49 39 42 45 39 39 50 44 48 57 46 39 52 47 47 39 46 51 42 86 0.08 16 
25 364 51 80 74 71 78 88 79 70 87 78 91 75 86 82 78 78 79 77 77 76 79 92 79 77 93 72 77 76 74 89 75 77 81 84 88 89 86 76 86 94 77 89 71 81 83 71 75 81 86 79 76 74 80 83 82 85 82 87 77 81 79 87 160 0.03 6 
26 457 231 222 68 65 74 78 57 66 87 79 82 66 75 77 82 80 70 76 82 88 89 80 79 75 73 71 70 70 71 75 79 67 72 74 73 82 82 67 76 70 69 70 85 86 68 81 87 67 78 78 66 69 76 78 80 76 63 78 65 82 75 85 296 0.02 4 
27 474 222 57 48 47 41 54 61 67 62 68 62 51 50 64 70 59 50 62 55 66 59 50 51 52 56 53 58 69 59 46 64 50 59 59 70 41 57 44 56 71 64 68 50 42 58 56 53 59 58 58 59 53 44 58 48 55 47 67 44 55 64 62 114 0.07 14 
28 478 455 56 56 50 59 53 50 50 55 58 49 58 52 58 53 58 56 61 49 54 54 62 49 51 48 61 56 51 62 56 58 46 46 59 63 53 52 61 56 62 51 58 57 50 51 53 54 58 61 58 52 55 55 62 52 54 52 63 63 57 60 57 112 0.09 18 
29 96 209 60 63 62 55 62 56 63 59 58 61 62 61 61 62 62 63 61 60 61 61 57 60 58 55 59 63 60 61 56 58 62 60 61 62 63 57 62 60 61 62 61 60 59 63 58 56 58 57 58 59 60 58 59 59 59 56 61 56 55 58 56 120 0.04 8 
30 389 222 267 86 97 85 90 80 96 83 90 84 87 83 89 92 92 80 88 89 87 77 85 89 105 98 92 83 82 84 80 85 91 79 81 93 91 87 95 96 95 87 90 91 92 80 97 89 91 96 92 94 93 91 96 97 93 86 79 80 85 85 91 356 0.05 10 
31 372 29 70 69 68 67 73 69 77 70 67 66 67 75 74 71 72 72 67 66 67 69 66 74 70 63 70 68 70 69 66 71 69 66 66 69 66 71 67 70 71 65 70 66 65 67 71 74 67 67 65 66 69 68 71 67 70 67 62 67 70 71 70 140 0.04 8 
32 160 314 84 81 95 76 84 87 80 79 79 84 86 76 88 82 85 84 80 90 86 82 82 89 77 77 82 84 82 81 81 82 81 79 75 79 89 80 87 92 88 74 88 78 89 81 83 74 80 75 80 79 85 80 92 78 76 86 80 82 87 88 83 168 0.03 6 
33 177 307 46 37 40 44 39 66 52 40 55 46 51 29 46 52 52 41 57 42 51 50 36 44 49 46 43 52 54 43 59 45 19 26 58 38 43 41 50 42 57 49 40 54 35 61 67 48 63 41 47 50 52 54 55 56 51 62 49 47 45 49 32 92 0.08 16 
34 404 352 99 21 31 17 25 33 42 26 30 29 27 16 33 33 14 29 44 36 47 27 35 35 34 28 24 37 35 22 34 21 29 39 35 37 36 32 31 47 37 58 27 33 34 27 41 13 29 37 24 28 32 33 32 20 2 38 27 52 20 25 22 132 0.05 10 
35 42 221 148 84 74 86 74 72 74 72 77 73 75 77 75 76 73 69 68 76 75 78 69 72 76 71 82 76 75 70 69 73 75 66 64 67 74 68 67 70 74 74 77 73 81 68 75 71 66 78 76 72 72 72 70 70 70 79 68 70 70 78 74 222 0.06 12 
36 136 312 126 56 68 66 57 67 53 61 59 66 79 63 44 74 60 58 64 66 60 54 52 59 40 66 54 71 63 65 65 65 57 52 61 57 75 70 73 73 54 66 78 59 69 75 66 59 57 57 61 60 54 66 53 70 67 48 62 67 66 53 59 189 0.06 12 
37 87 382 255 83 87 86 87 85 86 85 82 83 84 85 86 86 84 84 87 84 85 84 88 82 83 85 83 81 85 84 81 84 87 85 85 85 85 82 80 88 86 86 81 86 87 81 85 83 84 84 88 88 85 81 84 81 84 84 84 84 83 84 85 340 0.06 12 
38 442 25 186 98 94 91 92 91 92 94 94 92 91 91 89 91 90 89 91 89 90 92 91 87 93 95 94 93 93 91 94 94 95 92 92 94 93 92 98 96 98 97 90 94 92 98 92 94 93 88 92 90 98 93 90 94 95 92 93 93 89 90 93 279 0.06 12 
39 193 165 78 73 78 73 73 74 78 74 79 76 81 72 76 79 78 75 76 76 76 84 72 81 80 74 75 80 81 78 71 75 83 78 79 75 78 76 75 74 80 77 78 76 79 74 77 76 76 80 78 77 80 79 76 81 79 76 76 73 77 80 79 156 0.03 6 
40 355 186 34 8 4 5 19 20 16 18 9 18 19 10 8 17 24 19 21 28 11 10 5 6 10 17 10 20 26 0 16 19 20 19 14 37 17 0 38 15 26 1 16 16 19 8 12 11 11 12 0 24 13 11 20 21 12 17 17 14 12 7 8 51 0.04 8 
41 145 46 174 76 88 78 94 107 83 92 64 99 89 93 92 107 95 97 103 88 71 82 82 71 76 68 70 93 88 101 87 65 87 81 99 86 82 91 90 99 91 85 79 116 81 81 103 90 71 78 78 98 85 93 86 90 86 94 71 65 87 87 78 261 0.07 14 
42 85 15 32 32 30 26 26 36 32 37 37 28 30 36 34 27 37 32 38 33 35 28 22 27 30 36 32 24 23 28 38 33 32 28 26 28 39 33 24 24 35 32 27 26 33 41 29 25 30 35 22 30 26 35 27 34 39 25 31 43 37 31 28 64 0.08 16 
43 286 425 279 95 94 87 85 100 91 91 92 81 110 79 90 98 103 82 88 89 93 103 85 90 107 86 101 98 107 106 105 107 103 99 90 95 99 76 84 86 85 104 97 101 85 93 90 108 90 91 103 111 86 99 92 90 93 70 90 92 90 88 97 372 0.07 14 
44 127 374 55 42 50 62 62 50 55 63 58 66 53 62 39 53 70 38 49 65 68 51 46 65 61 66 59 62 65 47 51 54 48 48 57 49 50 61 37 58 54 43 47 75 51 58 67 64 62 45 56 57 57 62 71 40 57 54 58 68 62 55 44 110 0.05 10 
45 424 292 148 68 77 62 74 66 83 69 80 68 76 72 70 73 77 77 73 75 78 72 77 75 74 72 73 75 76 79 69 78 78 75 76 76 68 74 74 76 67 61 76 74 72 71 74 78 58 67 77 76 70 61 76 68 69 73 77 68 73 72 76 222 0.08 16 
46 37 115 80 82 73 87 82 75 74 84 75 84 87 84 81 76 76 79 76 73 77 77 79 76 78 74 70 78 80 82 80 79 78 88 82 84 77 84 71 86 81 86 80 75 75 82 86 79 80 80 82 89 86 82 81 75 84 89 78 85 89 76 79 160 0.08 16 
47 213 217 124 61 63 61 59 61 66 61 62 61 62 60 60 57 64 62 64 61 64 60 63 62 60 60 60 58 62 61 62 64 64 61 62 61 60 63 62 62 60 59 61 62 59 58 58 64 60 59 63 63 59 61 64 61 63 61 59 60 62 64 58 186 0.02 4 
48 470 471 31 38 27 16 29 33 37 34 40 19 45 37 25 20 21 27 28 31 28 26 14 22 47 32 22 19 24 32 21 33 27 31 27 31 44 14 32 33 25 16 25 35 30 33 24 46 33 29 33 14 29 33 28 29 32 30 22 30 25 29 25 62 0.08 16 
49 416 97 84 25 27 29 31 27 28 29 28 26 27 25 27 29 30 28 26 25 25 29 29 28 25 28 25 29 29 26 24 26 28 25 28 30 28 33 29 31 26 27 26 30 30 26 25 30 23 30 29 30 27 29 30 27 26 27 29 29 24 25 27 112 0.04 8 
50 316 289 46 44 48 32 52 50 46 44 47 38 59 38 39 45 63 56 43 41 42 29 33 42 47 44 43 39 47 40 54 40 38 43 42 45 43 63 57 70 31 35 46 22 57 49 49 45 43 60 51 26 52 51 47 50 36 38 46 49 37 40 44 92 0.06 12 
51 134 242 63 61 63 66 61 61 65 66 64 62 64 65 66 57 62 63 60 62 59 68 70 62 65 59 58 58 62 57 58 60 59 65 69 63 55 56 51 64 60 62 70 65 72 64 67 66 63 68 63 66 64 64 64 63 56 61 63 64 67 63 62 126 0.04 8 
52 104 478 237 79 79 79 83 76 78 78 81 81 75 80 79 77 81 73 73 74 81 82 81 87 81 82 76 77 79 75 76 77 78 79 78 82 71 74 73 79 82 82 76 75 74 82 87 76 78 79 80 79 91 78 84 76 77 75 83 75 77 80 79 316 0.09 18 
53 109 465 30 9 16 10 14 0 3 11 9 7 12 8 11 12 2 13 6 30 10 2 7 3 22 1 1 0 0 22 5 7 20 26 0 2 12 16 26 0 0 25 6 16 15 9 2 6 3 2 8 10 5 27 0 0 0 0 13 0 22 0 30 40 0.05 10 
54 84 52 162 50 48 67 78 74 52 57 53 65 52 32 56 39 55 66 70 47 44 45 61 53 47 58 58 51 47 61 42 56 45 54 47 61 49 49 51 62 43 29 67 49 59 46 49 45 60 45 48 67 79 30 37 51 57 56 41 67 52 47 56 216 0.04 8 
55 297 350 54 56 47 55 52 54 57 56 64 57 35 42 45 45 55 57 60 59 47 53 47 48 53 42 49 47 53 45 49 47 51 52 51 64 55 42 47 48 66 42 50 52 65 51 62 59 60 51 46 55 53 52 54 55 59 47 49 57 53 62 68 108 0.06 12 
56 111 323 34 16 17 18 15 17 17 17 13 13 14 21 20 15 16 15 15 17 17 13 19 21 10 13 17 15 16 20 17 11 14 18 14 17 15 14 19 21 15 14 17 15 17 17 15 15 15 15 22 13 19 13 19 14 22 11 18 14 10 18 18 51 0.04 8 
57 283 179 75 25 22 27 28 22 33 37 21 30 31 25 36 14 32 26 24 20 30 6 26 15 16 23 21 35 36 21 22 38 22 10 40 26 30 23 42 12 24 29 25 25 29 43 34 17 26 17 28 22 23 24 11 13 29 22 23 11 20 26 8 100 0.02 4 
58 449 176 63 22 22 28 25 24 23 15 24 12 24 20 20 20 19 21 21 20 21 26 11 25 19 15 15 22 24 18 18 14 21 24 14 19 16 27 22 20 10 19 24 28 22 17 21 20 20 26 21 18 29 24 22 22 12 15 23 29 21 17 16 84 0.07 14 
59 284 431 164 83 93 78 89 79 84 92 93 71 80 75 86 84 77 77 86 86 84 89 93 81 78 87 70 73 93 82 72 87 82 71 85 80 90 94 81 89 84 84 85 83 83 84 94 79 79 81 89 65 87 79 93 93 80 84 85 85 80 83 79 246 0.08 16 
60 122 428 116 57 57 55 56 59 56 59 59 57 59 62 56 56 56 57 58 60 60 56 56 55 63 56 56 57 56 58 57 58 59 58 57 59 60 57 53 58 56 57 58 60 54 58 60 59 58 59 59 59 59 58 57 56 58 57 61 56 61 58 61 174 0.03 6 
61 156 7 86 43 41 45 47 42 43 38 45 39 42 45 42 41 43 41 44 44 44 40 36 41 42 42 45 42 43 43 39 45 43 44 42 43 45 41 43 41 41 40 45 43 41 42 42 42 45 38 44 44 41 42 42 39 46 41 43 44 44 42 43 129 0.05 10 
62 73 460 285 80 99 97 76 101 77 97 98 92 89 84 95 85 93 85 108 90 94 112 99 87 93 86 102 108 84 110 98 99 105 107 99 82 77 84 90 94 85 89 101 93 90 78 101 83 75 91 105 94 100 103 94 84 100 92 97 77 91 92 88 380 0.07 14 
63 41 219 162 45 54 57 49 51 47 52 61 50 49 50 57 55 56 58 53 49 56 47 63 58 57 53 52 45 64 51 52 53 58 52 52 57 48 64 53 50 49 51 51 53 51 56 57 54 58 50 53 62 56 57 50 49 52 57 54 49 57 48 59 216 0.09 18 
64 198 334 87 87 89 86 83 88 88 88 85 88 87 86 86 82 88 86 85 92 83 86 86 87 83 83 83 84 86 86 86 88 92 83 89 86 89 91 85 86 87 86 89 85 88 85 86 86 86 87 84 88 86 89 88 89 87 91 84 87 87 90 85 174 0.07 14 
65 463 466 141 45 53 39 58 47 46 50 51 34 50 55 42 54 44 54 31 50 51 39 49 48 45 49 38 33 53 60 59 37 46 51 41 42 39 50 47 48 59 45 50 50 55 34 50 44 46 47 53 48 36 44 44 43 40 45 47 41 46 37 43 188 0.07 14 
66 484 369 48 21 38 20 22 29 14 22 20 26 29 14 25 27 16 24 34 23 30 26 42 13 23 22 21 10 13 14 36 14 19 33 12 34 20 29 29 23 30 22 25 23 34 24 23 26 36 14 34 17 24 31 8 29 10 9 18 9 31 25 12 72 0.09 18 
67 39 493 216 75 73 70 68 71 78 75 72 67 73 73 68 70 73 69 75 72 68 75 74 66 71 72 72 72 67 72 72 66 72 74 75 76 73 70 75 74 65 76 70 75 80 72 74 72 77 76 63 73 73 73 75 73 72 73 76 64 77 70 70 288 0.08 16 
68 247 185 80 47 42 36 49 37 41 39 47 42 42 27 44 42 38 53 33 36 47 36 42 50 48 36 39 44 41 37 33 50 42 30 53 43 34 55 37 44 26 53 42 42 29 32 38 43 52 55 36 46 36 45 39 38 32 39 35 37 33 48 32 120 0.05 10 
69 318 40 141 44 52 43 47 55 59 43 46 55 40 51 35 49 60 57 48 55 44 44 37 45 39 47 43 51 43 48 46 43 50 58 38 42 43 50 48 45 41 46 52 49 43 38 50 57 47 51 54 42 49 46 45 53 41 39 50 56 44 46 37 188 0.09 18 
70 300 225 72 63 89 60 79 53 87 83 77 76 75 73 71 77 87 72 59 64 78 88 60 62 70 80 70 101 72 66 64 87 64 73 70 45 74 68 77 76 98 79 57 70 62 92 80 70 65 66 71 71 73 71 66 58 82 60 75 57 71 78 51 144 0.09 18 
71 474 205 282 81 92 98 82 94 100 83 104 95 75 99 95 81 102 97 93 89 94 106 77 82 91 98 98 100 116 86 87 95 80 91 89 102 103 98 92 93 85 96 98 90 115 103 98 93 98 114 97 92 91 95 105 100 99 86 92 80 93 91 72 376 0.08 16 
72 442 60 49 56 53 50 43 68 54 54 54 74 57 50 44 66 43 59 37 38 54 51 38 32 43 46 53 47 52 57 55 32 49 62 46 30 63 35 64 70 28 52 47 42 48 47 58 44 44 60 69 51 34 46 35 41 58 50 67 54 45 45 37 98 0.09 18 
73 119 47 138 70 78 73 67 70 72 68 69 63 69 73 69 67 73 62 69 68 69 66 73 64 68 75 64 64 66 71 69 67 68 70 64 65 65 66 68 66 71 69 67 62 69 70 69 77 74 63 66 66 68 64 74 71 69 67 68 64 66 76 70 207 0.02 4 
74 138 269 36 16 17 21 16 17 21 19 19 20 15 16 18 17 15 20 19 17 15 16 22 17 21 12 18 14 17 19 17 16 11 18 14 18 12 13 16 18 18 12 24 15 20 17 15 17 19 20 18 16 18 19 24 21 14 12 13 22 18 14 21 54 0.05 10 
75 499 494 168 81 87 87 87 89 83 77 85 87 98 88 82 82 77 81 84 77 87 84 75 82 84 77 80 86 81 86 80 84 85 90 85 85 85 83 79 82 83 77 85 82 86 82 87 82 88 88 87 82 81 84 85 79 82 90 81 87 79 84 81 252 0.04 8 
76 464 129 144 43 48 44 37 53 51 49 32 39 47 48 60 52 50 61 39 37 60 46 52 51 61 36 48 69 48 50 58 31 52 47 45 49 59 53 50 52 59 29 40 49 41 52 51 46 50 57 44 47 42 69 40 47 47 47 46 49 38 65 57 192 0.03 6 
77 204 204 48 47 48 50 43 48 53 48 42 48 46 44 41 37 41 48 44 48 42 44 45 45 49 45 43 45 48 44 45 48 43 45 49 47 54 49 43 48 43 51 51 44 45 47 43 48 51 46 46 53 52 52 60 52 48 46 54 50 46 61 49 96 0.04 8 
78 95 351 67 61 67 62 62 69 60 74 59 65 74 63 64 65 64 61 73 76 64 60 69 64 63 63 69 69 74 75 62 60 72 71 62 61 65 73 72 64 74 56 67 65 59 69 74 67 65 62 75 64 67 63 66 69 66 69 69 62 74 72 64 134 0.07 14 
79 94 357 72 41 41 38 39 29 26 49 46 37 31 35 24 38 44 46 45 55 33 41 38 26 34 32 29 46 37 42 36 32 36 43 43 45 32 30 33 44 38 34 34 29 41 39 27 34 41 32 33 40 40 36 34 36 40 42 30 41 32 40 31 108 0.06 12 
80 287 220 196 99 103 85 101 94 95 103 104 98 99 80 86 107 85 97 92 100 98 85 94 95 93 95 109 88 106 106 100 98 96 94 101 101 95 101 94 85 100 85 96 102 111 91 106 87 94 98 77 88 103 108 91 104 102 93 110 106 84 89 92 294 0.03 6 
81 340 471 99 54 46 22 34 34 43 25 37 57 15 37 31 33 28 57 31 31 52 28 25 19 26 53 27 31 26 24 26 59 52 45 23 41 29 31 23 33 42 21 38 32 47 31 63 23 28 41 45 39 21 42 13 28 27 17 32 30 29 32 23 132 0.03 6 
82 42 36 48 19 5 19 17 20 13 23 15 9 16 14 16 19 16 18 23 26 17 17 13 11 17 10 14 15 14 21 23 16 7 18 13 24 27 23 16 12 18 8 13 28 13 15 9 18 20 12 22 12 16 18 15 12 16 20 9 16 12 8 24 64 0.04 8 
83 384 196 288 91 78 94 83 92 97 94 100 93 100 96 99 94 87 100 97 94 92 98 104 86 101 92 91 100 101 94 95 96 90 106 103 84 100 104 90 103 90 96 99 88 101 102 87 93 102 98 89 92 94 97 89 104 97 100 109 85 89 97 94 384 0.07 14 
84 324 365 96 52 45 47 51 49 43 46 48 46 51 49 47 49 45 44 47 46 48 50 42 47 44 44 47 49 52 47 44 48 52 51 47 47 49 49 47 47 43 47 44 51 50 50 44 51 45 45 45 46 47 45 47 50 49 48 51 47 48 50 49 144 0.03 6 
85 424 171 291 98 118 102 122 92 103 98 84 103 114 85 105 104 96 110 107 91 111 84 92 100 96 89 75 82 103 89 99 82 98 89 78 93 94 101 89 99 102 105 90 98 102 117 108 115 102 96 96 113 94 90 117 92 81 91 93 82 104 104 102 388 0.04 8 
86 465 13 10 26 14 11 9 18 0 4 0 21 24 15 22 8 15 24 0 10 12 14 15 6 0 14 11 1 23 6 10 18 0 0 5 2 18 5 23 15 4 0 11 7 18 10 13 15 3 7 7 1 16 3 10 7 6 7 5 3 0 0 9 20 0.05 10 
87 195 57 146 82 81 72 70 70 71 80 67 78 78 76 76 68 77 72 71 80 77 88 71 72 63 73 70 60 69 70 64 80 79 63 84 64 69 72 76 63 58 77 70 81 67 68 69 65 83 67 61 77 84 57 57 53 73 74 55 60 73 77 74 219 0.05 10 
88 445 396 140 60 63 66 76 77 61 57 59 58 66 84 66 73 65 68 74 65 61 85 64 75 65 76 67 71 69 77 68 71 51 75 60 76 78 70 78 73 76 75 54 63 74 61 80 81 72 81 56 51 71 75 61 71 68 71 74 69 82 67 67 210 0.05 10 
89 445 24 147 53 52 56 48 50 45 52 42 40 50 46 50 54 48 46 52 47 38 50 52 50 51 46 48 46 52 37 44 52 38 52 45 43 50 52 58 53 49 49 44 51 40 50 53 52 48 48 51 48 47 56 50 47 45 44 53 49 49 42 44 196 0.08 16 
90 210 407 192 90 99 103 96 89 101 78 109 78 96 94 87 90 96 104 81 87 101 105 100 102 114 100 94 96 103 105 93 107 89 93 116 94 90 94 101 101 95 105 88 93 97 109 97 103 110 87 99 93 82 88 99 103 85 86 93 84 92 95 100 288 0.08 16 
91 52 455 108 35 38 29 32 39 36 37 37 42 33 38 35 32 37 35 33 37 36 37 39 39 36 37 38 34 35 33 33 30 33 37 36 35 35 36 38 34 36 37 39 30 33 37 37 36 31 41 34 38 33 37 30 34 35 41 38 34 35 34 34 144 0.08 16 
92 57 46 30 17 13 26 2 29 23 8 9 15 14 2 16 16 9 18 14 21 0 0 19 28 6 8 2 4 13 8 34 10 11 6 10 16 3 9 20 24 26 13 2 12 16 16 10 17 14 21 8 22 4 11 19 22 13 10 9 22 8 14 17 45 0.02 4 
93 199 29 112 62 50 57 57 53 59 51 50 55 62 56 51 52 54 66 56 55 63 61 58 59 62 56 54 64 62 59 51 58 57 55 63 56 56 54 53 54 54 50 55 49 58 48 55 54 52 49 52 59 55 50 54 58 50 60 54 53 64 55 65 168 0.07 14 
94 134 242 162 54 53 44 60 61 53 52 60 59 54 53 55 64 55 55 59 49 65 49 60 51 53 55 58 58 38 47 55 58 52 46 51 55 58 53 41 49 56 53 55 67 49 46 54 41 49 44 49 52 46 50 50 49 44 64 60 57 59 55 52 216 0.04 8 
95 377 188 54 12 8 20 24 20 19 7 13 11 19 27 18 22 17 13 16 12 14 21 21 13 11 26 21 2 17 6 22 0 21 17 24 17 21 17 18 11 1 15 29 32 11 7 22 24 19 19 23 23 7 16 8 34 19 29 16 17 11 19 25 72 0.05 10 
96 473 463 88 88 86 87 88 90 87 84 86 90 88 87 83 90 86 93 94 89 89 89 94 86 87 86 86 85 88 89 82 83 91 86 88 87 85 87 89 80 91 86 84 89 89 92 85 92 92 85 82 87 85 88 88 95 84 90 86 83 87 89 89 176 0.07 14 
97 251 383 165 48 52 59 51 48 62 54 47 61 56 47 49 56 53 54 54 56 49 66 51 51 51 55 60 55 58 51 56 58 56 60 47 59 55 48 51 58 53 62 53 56 50 59 51 52 48 58 47 49 49 58 60 57 56 59 56 51 58 59 56 220 0.03 6 
98 32 358 39 53 39 55 35 48 41 27 52 17 51 36 47 50 26 45 42 19 30 35 45 38 32 34 42 30 51 55 24 24 30 39 34 47 36 57 59 37 15 33 27 39 60 32 36 58 41 35 14 43 32 16 40 22 11 26 22 42 48 43 41 78 0.06 12 
99 52 225 38 21 17 19 18 17 18 22 17 17 21 22 15 23 21 20 16 18 16 22 19 17 19 19 18 26 21 17 20 18 17 17 20 18 21 17 17 21 21 19 16 18 16 22 15 20 18 22 20 17 21 20 16 17 22 22 19 16 19 21 19 57 0.06 12 
100 312 142 58 26 30 31 31 27 30 28 34 26 25 22 30 32 27 25 27 29 26 30 25 29 28 28 28 24 32 37 30 26 26 25 30 32 30 24 31 28 28 30 32 31 28 32 31 25 27 27 31 32 29 24 27 28 34 24 30 31 29 25 30 87 0.05 10 
101 167 22 68 27 27 40 19 23 30 29 44 30 28 32 37 34 37 30 28 36 34 44 33 37 19 38 27 45 44 31 29 31 37 39 40 25 36 34 32 24 27 37 40 45 25 42 19 29 30 47 30 37 36 36 28 34 38 42 27 35 31 32 30 102 0.06 12 
102 136 45 261 83 98 85 93 105 91 81 94 90 79 82 82 95 90 77 95 81 85 94 91 85 83 96 85 74 86 80 95 80 83 73 93 78 80 94 96 93 94 78 87 86 87 81 81 89 87 82 80 84 87 90 93 94 84 92 82 80 91 89 87 348 0.07 14 
103 35 297 66 21 7 25 18 31 20 25 20 23 15 29 18 25 14 19 18 7 26 7 27 26 20 12 27 30 14 22 12 24 22 36 24 25 13 13 25 20 21 20 25 14 24 19 23 27 19 30 28 25 25 21 25 29 21 19 34 17 16 27 18 88 0.03 6 
104 166 447 86 45 38 39 39 33 33 41 43 35 38 42 46 43 52 40 44 38 44 39 40 41 42 43 43 48 37 38 40 45 44 42 40 37 48 46 40 45 41 38 41 40 47 33 44 37 47 43 40 51 45 44 44 45 43 45 44 45 44 43 41 129 0.05 10 
105 133 464 78 72 75 82 70 79 79 88 71 73 78 66 78 79 78 64 63 68 54 77 83 71 73 70 95 81 73 69 87 84 78 76 84 59 86 95 79 78 79 87 79 76 74 82 74 72 76 102 71 76 86 94 78 85 86 75 69 83 71 79 78 156 0.08 16 
106 241 481 114 57 65 69 73 74 84 52 41 48 64 56 43 78 49 67 57 54 49 46 66 60 77 61 50 61 63 63 49 45 36 35 45 65 57 71 69 44 51 56 58 76 61 46 48 57 54 57 52 50 48 58 62 78 55 54 45 64 43 75 67 171 0.05 10 
107 442 195 50 55 46 57 60 45 53 55 56 58 48 41 50 46 42 59 36 46 42 49 49 42 53 45 46 52 41 50 49 56 46 58 55 51 63 49 55 50 58 50 43 42 50 57 48 48 51 48 58 61 53 46 42 61 51 59 54 47 52 50 37 100 0.03 6 
108 268 289 92 48 40 57 53 37 45 49 47 44 48 46 44 45 43 48 51 46 49 48 39 47 41 47 42 43 45 44 55 45 41 44 44 38 48 37 53 48 45 40 44 43 54 40 46 51 40 46 38 41 45 44 43 41 41 44 47 44 52 47 49 138 0.06 12 
109 283 164 89 83 101 86 87 85 96 96 83 87 95 90 93 92 88 98 101 88 100 86 83 96 87 91 83 93 91 75 87 90 97 99 84 95 84 102 97 87 82 87 86 96 94 77 98 90 97 93 84 91 93 92 83 75 87 92 88 97 90 87 93 178 0.05 10 
110 73 478 129 41 44 45 53 34 38 41 54 54 36 49 33 39 38 35 35 36 53 55 56 31 50 46 43 48 47 19 41 55 34 41 53 41 27 46 54 41 48 40 34 45 37 55 58 33 42 62 46 37 42 56 54 56 41 42 60 40 21 40 49 172 0.06 12 
111 192 444 78 34 30 38 27 30 23 20 25 33 22 41 26 28 22 31 32 19 48 31 25 16 23 32 22 19 33 35 31 25 12 21 19 18 23 23 28 11 8 32 31 29 28 32 30 20 36 15 33 29 31 14 30 16 18 30 34 28 19 35 21 104 0.02 4 
112 407 485 40 8 19 6 24 12 10 12 13 32 27 19 27 28 22 15 9 18 9 30 38 17 22 20 8 25 13 22 18 31 13 23 18 29 20 22 17 18 1 15 12 14 18 22 30 20 20 18 30 17 15 19 28 21 23 18 31 4 20 20 29 60 0.02 4 
113 471 192 20 8 21 13 3 28 23 35 14 22 25 25 23 5 13 20 25 11 19 19 20 33 6 22 27 10 10 24 29 24 8 21 21 19 9 13 14 8 22 22 15 23 3 15 23 13 22 21 9 22 30 35 13 21 23 28 30 15 29 12 14 40 0.06 12 
114 406 375 231 63 79 74 76 80 76 73 67 85 72 82 80 75 70 79 75 83 80 78 88 91 80 72 81 64 88 75 76 78 77 72 78 82 81 87 74 77 77 69 80 82 72 75 74 78 82 86 78 75 80 79 76 77 71 72 80 77 82 76 78 308 0.03 6 
115 49 257 31 31 31 32 31 34 27 28 33 32 34 33 27 30 33 28 27 28 30 29 32 31 34 31 31 28 28 31 31 31 29 28 28 32 32 30 33 30 28 33 32 31 32 30 31 32 30 30 28 32 30 29 32 33 32 29 28 32 27 32 32 62 0.05 10 
116 356 319 144 71 74 70 74 71 79 69 69 75 75 77 77 75 68 60 76 80 71 68 82 68 67 71 72 84 80 70 70 70 63 72 74 78 77 73 66 64 66 69 68 68 64 75 67 73 65 68 73 75 77 64 81 75 77 74 70 67 77 79 70 216 0.09 18 
117 224 318 124 61 63 64 65 60 58 62 64 66 60 62 61 61 60 63 62 63 62 60 59 61 58 57 60 67 64 60 64 64 62 63 60 61 66 56 59 60 61 67 62 65 63 65 60 64 61 61 60 60 64 57 62 64 58 57 64 64 61 64 59 186 0.02 4 
118 372 455 62 19 27 39 25 29 22 39 31 34 37 28 36 27 41 16 29 15 35 26 29 29 23 18 22 50 28 19 30 15 32 26 21 42 39 15 25 39 30 27 29 31 35 37 23 31 36 42 26 28 27 13 39 25 40 33 39 29 37 25 28 93 0.03 6 
119 250 93 171 47 60 57 53 52 60 57 60 41 77 49 62 49 57 67 74 45 53 48 56 61 65 42 49 67 68 62 41 50 47 66 63 58 74 53 62 49 55 64 34 61 65 58 66 64 69 56 80 67 43 59 67 44 44 43 81 52 62 47 57 228 0.05 10 
120 412 90 132 56 66 69 66 70 68 67 57 74 60 61 73 59 53 75 72 76 66 72 66 64 69 71 64 58 57 69 63 69 72 66 66 71 63 62 55 67 62 71 71 67 68 60 59 66 64 68 67 63 67 60 65 59 62 69 65 65 72 63 54 198 0.02 4 
121 98 414 34 28 37 33 34 36 38 38 34 33 40 36 32 40 39 32 25 34 39 25 36 33 38 37 31 31 41 34 27 31 28 33 38 33 35 36 33 36 33 35 30 30 36 27 34 33 35 37 32 40 34 31 40 30 35 29 31 31 28 27 38 68 0.03 6 
122 381 25 168 89 90 78 75 92 87 88 84 94 73 93 86 83 80 75 83 83 103 76 81 82 87 73 83 77 83 87 80 88 86 92 87 98 87 87 85 88 83 87 83 68 82 103 83 90 78 75 90 93 67 85 89 88 60 79 66 90 88 82 88 252 0.05 10 
123 329 420 40 41 44 40 39 43 41 39 41 38 36 42 37 38 41 47 39 38 43 39 40 37 44 39 40 42 43 45 42 40 40 38 38 39 40 41 39 36 42 37 40 37 41 41 37 39 41 40 40 43 44 39 40 39 40 35 39 45 37 35 40 80 0.04 8 
124 472 277 63 27 19 21 25 20 14 28 17 16 20 15 19 17 18 20 25 22 16 17 18 21 19 15 16 22 21 21 25 21 21 21 26 23 22 19 19 21 21 22 18 19 20 17 23 18 24 17 20 27 19 16 21 23 24 22 24 21 17 23 19 84 0.03 6 
125 159 44 27 23 23 25 26 26 28 31 24 25 22 25 32 28 29 30 27 29 27 28 27 26 28 24 26 26 26 29 26 28 27 28 26 25 23 25 29 26 26 25 22 27 29 25 27 27 27 29 29 25 27 26 25 23 25 24 26 29 27 26 26 54 0.03 6 
126 371 3 34 39 40 33 36 29 31 37 33 32 43 33 38 34 35 35 31 27 37 31 30 30 40 33 34 45 31 35 41 36 32 34 48 33 28 33 29 29 34 31 28 32 47 43 30 34 33 39 33 38 33 35 38 36 34 32 31 37 34 33 26 68 0.09 18 
127 219 388 43 47 41 34 33 41 33 34 62 30 53 45 64 38 46 37 49 50 37 36 41 46 40 38 46 40 62 29 43 58 29 63 31 45 35 52 26 53 37 47 60 40 44 37 46 50 61 30 25 35 58 45 41 47 38 27 33 37 47 56 41 86 0.07 14 
128 297 125 201 75 72 69 65 71 67 77 78 69 65 68 51 77 63 57 61 57 62 67 65 74 77 76 69 65 73 73 69 65 52 57 63 70 66 55 61 76 54 74 64 57 77 71 60 69 69 68 56 71 68 65 81 72 73 68 60 63 68 57 60 268 0.09 18 
129 289 463 246 82 75 73 78 88 90 82 81 79 86 94 83 87 79 78 88 82 86 77 78 86 83 81 82 80 78 81 75 75 73 77 87 88 83 84 79 81 73 78 84 75 79 87 79 73 78 74 88 90 78 85 76 80 84 81 77 86 82 77 88 328 0.02 4 
130 384 282 138 49 40 48 48 47 45 44 42 44 46 50 47 45 49 48 46 39 46 46 47 45 53 43 44 48 43 46 44 47 47 43 42 43 40 42 43 46 48 44 49 48 45 47 47 42 40 46 47 42 43 45 44 46 44 44 41 50 50 43 52 184 0.07 14 
131 356 73 28 14 14 17 15 12 18 14 10 10 12 8 12 15 15 13 12 14 8 17 14 14 20 16 11 14 15 14 17 11 16 14 15 12 17 14 11 14 14 13 14 10 13 17 14 13 16 15 7 16 12 17 10 15 13 16 10 18 13 20 11 42 0.06 12 
132 191 144 58 36 31 41 25 28 24 28 31 32 18 28 25 22 27 34 22 28 35 39 20 34 32 30 30 27 28 36 30 29 28 26 34 29 38 17 35 22 28 38 31 21 27 26 39 39 28 29 23 28 33 27 34 27 31 23 28 30 22 21 34 87 0.07 14 
133 163 140 44 45 46 40 43 41 44 45 39 43 48 40 40 42 40 45 41 43 44 42 44 44 46 41 42 44 41 42 43 38 45 41 44 44 40 40 38 43 42 46 41 47 45 41 44 47 51 44 44 43 41 41 39 39 40 47 46 47 44 41 45 88 0.02 4 
134 219 188 26 25 26 27 26 30 20 16 25 31 27 26 20 31 22 35 27 22 16 28 19 18 19 20 9 27 19 25 19 13 20 29 16 32 26 24 19 19 26 28 21 27 21 26 17 24 25 20 27 30 25 35 31 31 36 19 25 23 29 23 25 52 0.04 8 
135 261 135 106 60 54 50 54 56 53 57 51 49 53 51 51 49 52 47 52 56 53 52 51 60 52 51 46 47 53 51 52 58 55 55 52 61 53 46 49 50 51 51 50 53 52 54 50 49 53 53 53 47 51 55 52 47 57 54 53 58 51 54 55 159 0.09 18 
136 289 26 70 75 72 66 69 70 64 72 69 68 70 69 67 68 68 67 64 79 76 68 67 71 73 70 71 69 73 64 71 74 67 72 63 65 69 69 72 68 77 75 74 69 71 68 72 72 74 67 68 70 68 69 65 71 72 66 78 70 74 66 63 140 0.03 6 
137 107 498 38 26 46 0 24 21 0 27 11 10 29 23 19 21 14 17 0 41 29 11 23 12 22 38 13 0 14 15 16 19 29 35 27 31 22 28 25 12 13 16 23 20 31 16 35 9 8 6 10 18 21 15 26 24 19 33 22 22 26 16 20 57 0.04 8 
138 318 109 100 66 35 57 58 48 45 51 57 41 64 52 59 55 46 39 51 49 43 46 59 62 59 30 43 65 28 62 55 70 59 39 49 50 34 38 40 33 48 38 49 56 43 52 43 45 45 50 46 57 64 51 52 44 25 39 42 46 47 41 45 150 0.09 18 
139 380 309 148 83 62 66 71 77 69 92 62 97 71 58 72 71 76 71 75 78 71 71 62 73 72 77 67 80 59 71 69 78 73 78 81 71 73 71 74 57 71 75 72 87 66 80 77 68 64 76 65 73 70 72 74 77 70 72 72 78 78 84 71 222 0.09 18 
140 357 490 51 47 42 52 54 58 58 51 48 50 48 49 49 54 58 53 56 45 54 50 45 42 47 51 48 47 52 48 48 39 54 51 52 48 60 53 53 56 54 40 45 52 44 46 51 58 37 49 49 48 49 40 58 45 54 40 50 47 52 57 42 102 0.06 12 
141 323 30 78 24 19 23 25 16 22 17 19 20 23 25 29 27 13 37 9 29 29 22 27 19 28 18 24 38 35 27 36 28 19 19 40 33 27 17 34 32 23 36 30 23 33 40 46 27 15 24 21 27 32 18 18 19 20 6 22 30 39 3 43 104 0.08 16 
142 329 458 100 96 95 100 96 90 90 96 94 107 93 104 99 103 102 96 106 113 111 102 98 108 93 103 101 88 110 95 117 98 101 89 101 102 90 103 108 98 113 99 96 95 98 92 112 103 99 96 89 105 102 100 107 93 102 104 107 99 105 104 108 200 0.07 14 
143 115 178 84 14 25 22 24 14 38 24 14 29 49 27 36 8 19 24 24 23 29 29 26 22 22 23 21 31 28 24 22 31 23 12 50 40 24 14 18 24 39 37 24 29 25 18 15 25 42 15 28 29 21 33 24 40 16 25 42 18 15 20 39 112 0.09 18 
144 459 51 118 53 59 58 47 73 58 72 43 69 53 61 60 66 48 67 72 63 58 59 53 64 55 65 50 52 69 46 69 57 44 42 65 65 41 61 71 72 54 59 51 59 74 56 58 57 64 50 45 48 57 57 65 60 66 73 52 64 55 72 66 177 0.03 6 
145 152 15 111 27 47 32 45 31 29 27 24 33 36 43 36 47 33 25 36 40 38 40 41 40 39 39 34 39 38 33 37 34 44 36 38 30 35 33 40 30 34 42 29 38 43 35 44 38 37 36 31 36 34 53 44 31 33 35 31 32 33 33 41 148 0.05 10 
146 118 171 117 46 39 34 40 40 36 33 40 37 42 35 33 36 34 50 34 28 33 45 37 38 43 42 36 39 31 40 46 44 42 38 26 36 41 42 42 33 53 41 44 41 33 51 36 35 34 35 37 52 33 42 40 33 44 29 37 42 35 41 41 156 0.06 12 
147 453 421 204 63 62 70 70 75 67 60 73 64 64 67 69 67 73 66 67 75 64 71 61 66 66 62 64 70 62 70 66 69 66 69 63 69 66 73 62 61 63 64 70 69 67 73 66 69 73 61 70 68 71 62 62 69 59 72 65 69 70 69 69 272 0.07 14 
148 47 469 180 88 92 86 91 89 93 86 88 88 92 92 86 87 92 90 86 90 88 90 87 88 92 89 97 90 89 88 90 94 89 91 92 90 88 86 91 89 91 91 92 87 86 89 90 85 92 91 83 85 84 92 89 91 88 91 86 90 90 91 88 270 0.06 12 
149 247 277 74 36 39 37 36 38 35 36 36 38 39 36 35 36 34 35 37 40 37 36 38 38 35 34 38 36 36 39 34 35 38 40 35 34 39 38 37 37 30 38 36 38 38 37 35 36 36 37 36 38 37 36 40 37 38 37 37 37 38 37 37 111 0.04 8 
150 240 30 106 46 38 51 55 70 51 53 56 56 43 58 56 33 51 43 50 60 50 51 68 45 49 61 48 70 64 44 59 69 34 62 49 50 48 65 75 60 53 63 54 41 57 55 54 51 50 57 59 44 55 47 61 74 34 56 45 54 68 57 58 159 0.09 18 
151 257 206 150 77 68 86 72 83 70 69 88 84 69 81 87 73 69 76 67 74 75 64 73 70 66 97 68 65 62 80 85 63 79 63 67 79 83 77 84 56 83 77 61 78 97 70 68 78 73 68 65 60 71 76 84 60 81 91 66 87 63 78 95 225 0.07 14 
152 293 105 36 32 29 41 53 35 39 28 34 20 57 34 36 39 27 41 24 40 40 31 47 28 24 50 39 41 36 25 35 24 23 44 36 26 36 37 50 34 19 46 50 42 26 34 28 46 19 19 38 36 37 42 40 36 40 47 36 38 39 42 28 72 0.03 6 
153 95 36 75 26 17 20 19 20 30 29 23 22 24 27 26 22 28 24 24 19 27 21 22 24 23 21 22 27 32 21 22 16 27 24 21 31 22 24 20 17 24 24 22 32 21 15 30 22 29 25 21 28 25 28 24 22 27 24 24 23 32 24 25 100 0.02 4 
154 421 324 116 59 54 55 54 53 80 50 65 71 55 57 51 56 65 51 50 48 73 57 58 48 64 59 65 45 68 60 52 55 58 74 54 54 57 71 61 70 52 63 67 55 58 51 54 65 46 56 66 49 48 56 54 65 51 53 63 60 56 60 60 174 0.07 14 
155 85 311 180 85 95 83 86 87 79 88 80 87 86 95 86 86 89 91 80 89 89 89 92 88 89 84 87 79 95 88 83 97 91 97 93 87 86 92 83 98 84 95 90 95 86 84 85 86 86 92 80 83 87 97 92 95 87 90 85 78 98 94 81 270 0.09 18 
156 199 6 97 95 94 97 98 101 98 95 92 98 101 100 95 97 95 92 97 97 97 93 97 96 93 97 94 97 100 100 94 97 90 97 96 99 101 92 97 100 94 95 95 99 101 94 95 97 95 93 95 90 91 95 96 97 96 98 95 94 96 97 94 194 0.06 12 
157 73 189 136 66 92 60 75 61 67 69 59 71 66 73 69 66 70 70 72 81 66 66 86 86 63 54 71 63 73 79 68 83 59 80 68 71 95 81 74 70 80 71 55 94 56 72 78 60 80 80 67 64 55 68 70 73 68 65 55 68 70 74 61 204 0.09 18 
158 147 430 129 31 48 50 35 35 40 35 38 35 39 48 31 48 47 51 72 35 38 34 33 36 46 42 48 46 32 34 49 40 56 42 58 52 45 42 41 49 41 22 47 51 49 50 56 30 49 35 45 45 40 48 61 29 29 48 58 36 28 36 26 172 0.04 8 
159 271 29 276 84 91 82 94 84 89 96 93 91 84 89 92 96 98 96 89 91 94 94 98 86 89 90 90 97 100 97 87 91 90 92 90 96 89 104 91 94 101 94 93 90 96 92 98 100 89 100 94 90 95 91 88 90 90 88 83 98 93 89 98 368 0.04 8 
160 67 122 73 84 71 85 64 62 75 54 87 66 61 66 66 65 69 68 80 76 77 66 83 88 63 66 77 91 66 70 63 73 72 67 67 79 65 66 77 73 68 58 81 81 84 77 77 77 85 76 71 90 63 81 82 74 66 65 78 75 69 72 95 146 0.04 8 
161 206 176 20 6 8 13 8 8 10 7 6 12 5 5 14 8 10 12 15 9 9 12 14 8 9 9 10 12 11 10 9 8 9 9 8 11 10 11 12 9 5 16 10 12 8 8 8 7 8 5 11 10 11 4 10 7 7 7 14 6 10 11 11 30 0.03 6 
162 323 115 65 76 60 71 68 56 67 57 64 64 74 67 65 67 59 56 58 58 71 59 65 61 63 66 62 67 72 65 61 67 71 58 64 61 63 67 68 66 68 69 65 65 66 76 52 67 65 70 58 60 53 61 68 60 52 56 62 64 63 67 65 130 0.08 16 
163 241 118 153 46 55 52 41 44 44 67 59 41 49 42 57 46 53 45 52 51 46 57 46 53 52 43 49 63 45 51 53 46 48 42 45 51 57 58 33 41 50 54 55 52 59 43 55 51 48 59 51 44 56 52 42 44 44 48 50 50 47 60 49 204 0.03 6 
164 102 170 61 59 56 63 59 68 63 53 67 61 59 66 58 62 63 63 52 65 69 64 63 67 60 61 59 57 62 68 54 57 54 56 56 53 74 60 51 64 62 63 70 62 64 60 60 62 60 56 60 64 61 54 62 56 57 65 70 54 68 58 55 122 0.03 6 
165 240 142 147 50 51 47 46 52 51 46 49 51 49 49 48 49 44 49 49 49 45 51 45 48 48 49 46 51 49 49 52 49 49 50 47 49 51 47 49 49 46 50 51 49 53 51 48 49 51 48 46 48 48 48 45 50 50 51 50 47 46 51 47 196 0.08 16 
166 12 157 76 74 76 76 76 78 72 78 79 76 79 76 77 77 78 75 76 71 81 76 75 75 76 73 73 75 75 73 75 79 79 80 76 75 74 75 73 73 77 78 75 76 80 73 77 75 73 77 77 75 74 75 73 77 79 78 78 78 74 72 74 152 0.03 6 
167 70 272 72 36 29 27 43 38 29 30 30 36 25 59 45 43 48 44 30 37 39 32 36 44 31 44 34 34 39 4 47 32 46 22 25 42 46 40 43 41 48 26 31 33 42 20 14 21 24 50 22 20 22 14 30 38 32 37 38 30 41 31 21 108 0.09 18 
168 209 106 184 87 90 94 90 86 91 94 95 94 89 95 90 91 95 90 87 96 97 94 87 93 91 89 86 100 95 94 89 97 82 91 93 86 88 93 92 92 95 97 90 92 84 94 93 94 93 91 89 91 87 84 93 91 94 93 97 89 101 96 87 276 0.02 4 
169 29 381 58 49 51 45 72 51 61 50 57 61 54 51 69 62 51 52 56 45 61 59 61 51 61 55 69 55 68 56 47 58 64 56 76 64 62 39 56 41 51 72 46 62 60 61 55 44 58 53 46 50 66 52 46 36 36 58 61 51 52 66 56 116 0.04 8 
170 59 192 219 72 71 75 70 76 73 74 70 70 81 74 72 74 74 72 71 72 70 73 72 75 73 72 74 74 76 70 71 72 67 76 72 80 72 76 75 75 71 69 75 71 70 77 77 74 70 77 74 71 66 72 74 76 71 75 70 71 74 74 72 292 0.07 14 
171 471 498 172 72 84 83 83 91 80 95 84 91 84 91 86 86 77 88 93 78 81 89 93 73 82 88 84 85 85 89 80 79 78 85 84 76 83 87 89 84 84 82 91 89 85 86 90 96 87 95 90 89 71 85 79 91 93 89 90 75 99 85 87 258 0.09 18 
172 114 68 142 69 70 68 69 73 71 71 73 69 71 63 74 72 72 73 72 70 75 70 72 64 70 69 68 71 66 70 68 73 70 72 71 67 74 70 64 71 64 71 73 68 75 71 76 70 77 66 73 75 72 66 73 73 65 74 66 74 75 70 72 213 0.07 14 
173 394 373 64 31 39 30 35 35 37 24 36 39 30 33 27 38 28 21 27 34 21 28 34 32 25 32 29 27 31 37 43 28 33 40 32 40 33 24 32 31 35 32 35 32 25 30 32 37 31 27 32 30 30 31 30 32 33 41 34 36 33 21 31 96 0.02 4 
174 270 310 261 73 80 74 95 98 96 81 83 75 89 91 78 80 81 76 73 100 94 89 88 89 92 82 89 90 86 88 89 82 73 83 79 77 91 96 102 87 87 98 94 91 99 82 76 95 84 77 79 95 94 83 90 102 90 82 87 82 103 87 78 348 0.05 10 
175 395 145 138 29 29 31 49 38 57 64 40 41 37 52 66 55 38 54 46 37 51 47 39 42 65 44 40 57 42 39 29 40 36 45 48 36 36 21 33 60 34 54 53 41 52 54 61 39 47 44 46 24 57 43 41 19 63 49 31 58 56 39 49 184 0.05 10 
176 22 157 71 73 71 72 72 70 67 73 69 71 68 74 70 76 70 72 71 68 72 74 70 70 73 70 71 71 75 68 67 71 68 70 72 71 69 69 70 70 69 71 65 71 73 70 69 72 78 68 71 74 75 68 75 68 70 70 70 71 71 72 68 142 0.04 8 
177 486 335 66 16 21 18 25 24 21 20 15 26 18 24 19 23 14 19 22 23 28 25 20 24 25 23 20 22 20 24 17 29 23 22 16 25 17 24 21 24 27 21 29 18 23 15 27 10 24 20 21 20 30 18 32 26 15 16 25 27 28 19 24 88 0.07 14 
178 12 33 36 14 18 17 5 13 11 7 7 5 6 20 14 15 4 8 19 13 9 5 7 15 14 13 11 5 11 11 7 20 18 12 6 15 15 0 9 15 14 18 10 15 11 5 20 11 6 13 19 7 14 10 5 14 11 15 12 13 16 7 19 48 0.08 16 
179 438 147 124 43 66 86 82 55 68 61 48 47 70 58 46 70 67 71 56 60 48 59 65 56 70 69 60 43 53 50 68 52 54 58 60 64 64 63 61 47 55 60 50 68 64 48 85 69 50 63 72 68 47 71 73 73 46 80 71 70 54 63 60 186 0.04 8 
180 10 150 33 21 21 0 0 5 11 17 20 2 13 14 22 8 1 12 11 17 6 22 11 18 11 23 38 16 6 9 11 16 7 9 4 4 6 10 6 9 10 14 15 3 5 0 6 19 0 25 11 0 10 23 8 9 15 13 14 1 10 15 10 44 0.06 12 
181 87 404 17 26 23 7 14 25 18 17 17 14 8 16 19 20 21 12 17 26 12 11 21 15 16 9 26 12 20 17 20 7 18 19 24 14 22 4 14 14 23 8 27 9 14 10 14 23 14 17 16 23 18 23 25 15 11 19 8 16 18 14 20 34 0.04 8 
182 147 453 140 73 72 66 68 83 74 70 59 53 56 68 72 62 70 91 68 69 67 62 51 71 89 75 69 63 59 77 74 70 64 69 85 69 62 66 55 82 57 85 52 72 65 79 81 69 67 72 75 71 72 74 40 82 64 73 75 71 69 76 69 210 0.04 8 
183 194 412 66 27 20 19 22 19 20 20 29 18 21 25 15 19 20 21 21 25 24 29 19 29 20 24 29 21 26 22 17 25 26 19 27 22 21 26 25 23 15 24 26 19 17 22 23 17 25 21 20 24 22 27 26 22 20 14 10 26 24 21 23 88 0.09 18 
184 34 423 95 86 92 84 94 73 95 94 108 101 86 92 99 100 93 81 99 98 105 107 97 115 112 96 103 81 87 99 86 101 92 96 81 95 102 93 96 93 93 91 80 105 93 88 115 110 85 88 87 105 100 96 94 86 101 96 94 101 97 82 84 190 0.03 6 
185 143 405 40 38 41 41 40 48 36 44 39 42 34 40 46 37 39 42 35 35 38 34 41 37 44 40 43 40 39 46 38 38 45 35 36 37 34 44 36 30 38 39 38 40 42 43 42 37 37 44 38 44 36 44 43 41 50 34 42 43 36 33 38 80 0.02 4 
186 386 189 70 64 76 68 63 65 62 75 69 66 67 68 70 76 69 65 63 67 65 73 69 66 71 68 69 76 76 65 72 71 69 63 66 72 61 72 71 60 74 71 57 70 72 65 67 77 72 60 66 69 71 70 70 74 69 68 65 74 69 69 64 140 0.09 18 
187 433 115 46 42 40 62 41 43 49 33 45 55 57 44 48 49 47 50 36 40 46 44 52 49 40 36 47 41 49 46 44 47 38 46 42 50 39 43 45 49 54 48 48 51 37 56 50 52 46 52 50 45 35 57 42 46 42 39 41 63 45 51 41 92 0.09 18 
188 202 404 102 48 55 59 48 54 62 58 46 66 58 46 58 35 51 63 35 43 55 54 42 62 56 54 63 48 55 53 45 43 46 53 38 58 58 57 53 45 58 61 60 60 59 60 52 59 62 41 59 60 42 45 58 66 53 52 39 62 54 43 46 153 0.09 18 
189 265 432 188 91 93 92 96 94 94 94 88 97 98 95 101 91 90 97 89 91 89 90 88 89 92 99 97 92 98 95 89 104 91 92 96 92 88 97 96 92 91 98 100 91 89 96 92 94 89 90 94 88 97 89 99 93 98 92 93 88 93 92 96 282 0.09 18 
190 490 406 168 91 83 81 91 77 103 89 82 80 92 81 81 90 84 81 86 84 89 86 90 83 94 90 84 76 84 82 89 81 86 88 79 87 72 81 89 83 80 82 87 82 88 86 84 92 78 83 84 79 80 80 84 81 89 77 93 76 78 85 83 252 0.05 10 
191 349 499 104 49 48 59 61 54 67 48 51 53 43 51 57 62 54 47 61 52 60 43 44 62 57 41 57 47 50 54 53 52 52 53 52 62 58 54 61 46 49 35 45 63 47 48 48 71 56 40 48 67 53 67 56 45 42 45 47 46 64 53 49 156 0.03 6 
192 416 402 60 51 59 61 58 37 64 74 68 66 55 54 61 50 79 59 50 68 63 66 50 63 52 66 57 77 58 50 35 62 60 53 61 58 63 51 72 54 56 44 75 46 56 65 63 71 56 65 64 60 51 73 59 68 70 43 68 69 66 50 51 120 0.04 8 
193 198 297 38 13 17 18 18 28 14 20 16 21 16 20 20 23 14 13 20 18 17 21 13 17 20 18 19 18 20 20 14 22 17 20 20 18 23 20 23 19 20 18 17 13 18 22 22 17 23 15 22 21 16 16 15 17 22 20 12 16 18 14 14 57 0.06 12 
194 381 292 258 64 72 91 79 84 91 84 80 89 86 91 74 80 87 89 81 86 79 87 93 91 103 82 91 77 81 91 100 82 91 82 89 95 94 81 81 83 89 88 87 87 91 78 78 94 93 78 84 97 85 82 76 78 95 95 83 82 81 78 88 344 0.09 18 
195 170 75 186 63 63 56 70 63 71 50 64 48 55 68 64 68 65 63 80 54 71 55 61 72 65 65 70 56 57 58 61 54 55 70 78 64 71 69 61 63 48 65 70 61 65 82 73 60 62 51 71 58 62 56 75 59 64 52 69 69 78 63 72 248 0.04 8 
196 268 251 105 41 32 31 46 37 46 43 30 38 28 35 40 34 36 30 30 33 36 34 43 37 38 39 44 38 39 36 39 33 32 27 31 28 35 32 42 34 36 48 41 41 45 42 42 34 35 40 47 44 32 32 39 48 28 32 37 45 14 29 33 140 0.05 10 
197 291 111 198 98 98 91 87 95 101 95 103 97 104 101 98 106 95 95 92 92 99 94 100 101 95 98 97 106 113 102 105 97 103 103 98 101 96 91 100 106 103 104 105 103 100 96 105 102 102 97 100 91 96 97 93 94 94 94 94 97 103 97 100 297 0.02 4 
198 78 320 117 44 49 40 29 27 23 40 46 45 35 37 44 38 37 49 48 48 46 35 50 41 34 54 38 47 38 62 33 45 38 45 58 52 40 37 47 28 49 48 38 42 39 44 51 38 31 40 36 23 37 41 47 52 37 38 39 40 44 39 41 156 0.05 10 
199 44 366 84 41 41 39 41 39 43 42 41 40 44 40 40 42 41 42 43 41 43 41 42 42 42 41 42 47 41 41 39 42 42 42 44 41 43 46 41 46 41 40 42 38 41 39 42 46 40 44 43 39 42 44 42 45 41 40 43 38 41 45 42 126 0.05 10 
200 293 358 88 41 41 42 42 44 40 42 41 41 47 44 42 41 53 47 35 41 47 47 41 38 42 50 42 42 44 43 38 45 45 50 55 44 41 48 48 36 36 53 52 40 41 37 46 49 42 48 41 38 41 46 40 42 49 46 49 47 52 37 46 132 0.06 12 
