200 20 15837
0 33 136 30874 25588 25606 25609 25593 25592 25607 25605 25603 25605 25598 25614 25608 25616 25616 25601 25593 25603 25603 25595 25606 0.01
1 329 297 64 51 78 56 78 47 73 63 70 53 70 59 71 75 84 51 66 70 53 94 73 78 58 67 75 63 60 63 80 51 65 68 70 58 67 61 61 73 54 64 66 71 59 65 46 54 65 48 70 50 59 73 68 66 63 45 99 72 73 69 62 47 53 78 56 74 66 63 72 62 66 128 0.05 10 
2 361 314 186 64 66 65 79 48 61 71 39 59 70 70 68 66 61 62 77 86 65 56 73 62 74 73 62 41 45 75 73 53 63 73 84 58 79 59 72 55 47 67 68 52 48 75 60 47 77 65 68 60 33 45 58 76 90 53 61 71 72 86 86 69 50 66 73 67 61 60 63 50 60 248 0.07 14 
3 470 246 32 49 27 33 26 36 18 26 31 26 30 24 29 29 38 33 41 32 23 24 49 16 30 31 41 36 30 32 35 29 27 37 27 25 36 29 49 37 34 28 32 35 34 30 39 32 29 32 29 31 36 26 34 26 43 32 34 34 39 35 28 38 36 37 34 37 29 32 34 40 30 64 0.03 6 
4 163 244 64 66 70 63 55 66 65 66 65 64 69 64 68 66 65 60 69 67 60 69 67 62 68 65 64 61 63 66 66 61 66 63 62 69 73 67 65 58 62 61 66 64 65 66 64 64 64 68 60 66 61 60 61 64 63 62 66 59 60 66 60 62 63 65 65 63 61 64 63 65 60 128 0.06 12 
5 178 327 186 94 97 98 91 95 93 87 97 89 87 92 87 93 93 92 89 95 95 95 84 95 93 97 95 89 86 88 92 94 91 88 91 99 96 96 92 93 89 96 84 94 93 97 89 96 88 92 102 89 99 90 91 96 93 90 94 97 95 90 90 86 93 99 90 93 89 95 92 102 94 279 0.03 6 
6 270 111 86 85 86 83 86 86 92 82 82 86 85 86 88 85 89 88 85 82 83 85 87 89 86 87 86 83 85 83 87 87 90 85 80 90 85 86 87 89 89 87 92 81 88 88 87 86 82 89 84 77 77 86 91 82 83 80 91 87 82 85 84 86 81 87 83 90 87 89 83 88 89 172 0.06 12 
7 401 285 156 48 49 44 55 50 50 57 46 45 35 45 56 58 55 55 38 53 34 54 49 56 45 46 54 45 54 51 58 43 60 41 62 47 60 65 47 52 56 58 56 52 58 51 55 45 53 51 48 57 59 52 52 43 57 54 49 52 48 59 52 50 58 48 47 47 51 43 56 63 54 208 0.02 4 
8 190 278 93 25 25 19 24 30 30 36 43 42 32 24 22 28 37 23 38 33 31 44 26 35 26 38 30 2 44 40 32 33 23 23 32 44 42 35 19 29 47 42 18 42 33 34 43 32 40 50 25 27 38 38 33 37 31 19 45 13 27 59 33 44 40 39 27 40 24 28 25 40 23 124 0.02 4 
9 267 476 156 55 57 43 50 44 43 53 57 48 64 59 51 54 45 53 71 45 55 36 54 56 48 55 49 55 51 36 57 59 57 61 47 52 55 62 57 38 55 47 59 43 52 67 52 60 49 56 52 56 44 53 52 55 52 59 52 55 57 51 40 52 54 66 58 52 62 47 49 51 51 208 0.09 18 
10 45 22 75 29 26 24 25 26 26 25 25 27 23 25 22 24 28 25 23 25 25 25 27 23 26 27 27 25 24 21 26 26 23 25 26 23 26 23 22 26 25 25 27 24 22 23 24 24 23 22 24 25 24 22 26 26 29 20 24 26 20 26 21 31 23 25 24 25 25 26 26 21 22 100 0.03 6 
11 213 410 51 13 13 17 18 14 13 16 18 13 14 17 21 16 15 14 15 16 17 17 18 23 17 14 22 19 18 10 22 17 20 19 16 18 20 12 23 13 15 11 22 13 17 22 16 17 19 14 23 22 18 17 16 15 19 18 17 20 14 17 18 20 20 18 18 18 16 20 13 18 17 68 0.03 6 
12 14 63 134 53 63 64 69 83 82 84 54 70 69 82 75 66 71 66 67 62 76 61 81 68 68 70 68 58 68 63 60 61 66 62 68 56 66 66 67 68 81 68 62 61 72 67 64 68 66 69 64 60 60 66 63 68 55 79 63 69 58 78 64 81 76 65 70 72 73 76 68 53 67 201 0.04 8 
13 358 495 45 46 42 48 48 44 42 48 35 47 48 54 47 42 48 49 43 40 46 42 50 39 30 43 50 39 38 42 42 33 49 54 45 48 43 55 49 49 40 37 42 49 44 40 45 43 45 44 48 43 43 47 43 40 39 43 46 48 44 52 47 53 49 38 37 42 43 42 45 52 41 90 0.08 16 
14 242 141 81 77 87 77 75 80 79 77 86 74 81 84 77 74 75 85 81 86 74 81 78 80 73 79 86 85 81 85 73 76 79 82 76 80 75 79 80 88 65 93 78 84 76 78 78 79 86 68 75 76 78 76 74 81 86 76 87 80 81 72 75 75 85 75 85 87 82 85 85 86 86 162 0.02 4 
15 242 281 40 6 24 33 32 27 17 12 24 10 36 13 18 35 39 19 0 13 16 18 15 35 28 12 29 25 8 36 44 18 38 21 7 31 3 39 5 16 9 24 21 20 19 6 30 24 31 12 49 23 6 15 33 34 30 15 11 6 21 17 19 34 6 22 24 24 21 16 44 29 9 60 0.09 18 
16 301 124 16 0 21 27 7 14 14 28 2 13 18 5 1 18 9 19 7 17 10 9 15 13 19 9 18 10 28 19 3 8 22 13 9 22 0 4 15 11 27 15 8 17 18 0 13 17 3 11 7 16 34 10 12 21 29 18 10 11 19 12 19 20 7 9 28 39 20 12 17 18 4 32 0.05 10 
17 407 298 246 101 90 87 87 87 85 80 90 80 67 86 80 79 80 91 77 82 79 96 81 74 76 93 92 88 77 88 75 83 72 92 84 80 77 78 91 76 66 73 67 89 92 81 82 92 110 85 77 74 91 82 75 87 106 79 81 60 70 90 87 89 94 83 73 89 86 101 78 84 86 328 0.04 8 
18 231 490 52 29 30 25 22 25 29 25 29 27 23 27 22 27 26 22 28 23 27 26 23 23 27 27 26 25 26 25 27 24 28 26 23 26 27 29 25 22 28 26 28 26 27 25 23 27 24 22 25 24 24 23 24 27 23 26 21 27 25 28 25 26 24 22 26 28 25 24 25 27 29 78 0.04 8 
19 88 462 196 92 98 105 110 102 77 98 116 91 94 82 107 104 98 80 105 99 91 96 88 79 95 109 105 92 95 90 113 102 97 102 101 102 93 97 109 98 93 104 98 90 109 103 87 94 88 99 106 102 85 105 84 89 95 114 121 86 84 98 98 100 87 100 87 91 103 98 106 102 94 294 0.08 16 
20 369 500 46 42 50 41 43 45 34 46 55 41 47 47 55 35 47 47 33 43 47 44 49 40 48 45 44 40 46 52 59 49 44 46 42 41 54 55 42 40 47 50 46 43 41 45 45 41 55 44 53 46 45 52 42 52 58 52 43 57 39 47 45 43 38 46 42 54 39 53 47 40 44 92 0.08 16 
21 4 316 79 81 83 74 75 74 79 80 84 74 82 84 79 80 79 80 81 84 75 82 69 79 75 76 88 78 82 80 80 85 72 79 79 77 81 81 79 78 81 81 77 78 84 78 76 78 80 79 81 81 79 74 80 82 78 84 77 75 82 81 78 73 76 79 84 80 78 82 79 77 70 158 0.07 14 
22 49 492 36 10 16 3 16 20 1 26 17 16 23 24 30 17 11 6 24 11 27 16 23 7 30 24 15 41 9 7 34 17 9 27 0 23 13 19 18 26 26 33 19 29 27 15 26 17 26 29 17 8 8 11 30 18 2 9 16 17 34 0 14 32 5 14 9 4 18 24 20 40 23 54 0.06 12 
23 91 494 58 53 53 38 55 62 62 72 49 67 50 58 80 51 46 70 72 71 70 57 60 55 60 61 56 75 86 45 40 69 61 55 57 69 68 81 42 47 39 63 45 59 61 66 64 55 52 62 49 67 68 45 52 86 51 68 41 53 55 53 54 43 71 62 56 56 54 61 57 71 73 116 0.04 8 
24 382 236 94 91 86 88 92 91 103 110 85 96 76 89 77 100 107 88 96 77 93 101 107 88 90 91 101 81 106 91 91 81 79 84 95 104 99 85 89 97 93 90 92 97 100 93 94 102 86 86 92 86 105 94 77 92 106 92 86 92 84 107 86 84 90 97 97 85 84 102 108 77 91 188 0.09 18 
25 247 411 129 42 47 43 45 42 48 48 46 52 39 29 33 52 53 39 37 56 29 35 40 48 42 42 44 48 55 58 41 44 47 34 51 39 41 35 48 36 43 46 44 43 58 52 45 33 49 35 35 48 47 37 34 35 34 39 41 39 39 55 42 51 42 45 39 48 39 39 37 44 36 172 0.09 18 
26 288 431 255 96 89 84 77 90 74 74 68 89 85 92 90 96 77 86 77 88 96 86 85 88 68 86 67 62 82 82 77 85 90 92 81 72 88 84 85 79 97 84 78 93 80 98 91 85 87 80 97 88 93 89 89 94 73 76 85 90 70 78 83 86 75 96 91 75 78 76 84 90 92 340 0.03 6 
27 166 180 62 25 31 29 29 32 28 29 33 32 30 31 31 29 32 30 32 35 30 33 27 31 25 31 33 31 29 33 27 32 30 32 33 33 29 27 30 27 32 33 32 32 29 29 32 31 35 31 32 31 27 30 30 27 28 28 28 28 31 32 32 30 32 30 32 29 32 33 30 31 29 93 0.09 18 
28 246 375 120 32 38 38 40 37 42 33 40 34 39 34 50 37 34 41 29 39 39 41 41 35 44 42 42 36 42 41 36 40 38 29 39 36 40 39 35 43 44 45 43 43 31 31 37 43 34 49 44 35 46 48 35 43 46 32 42 38 49 35 29 40 43 42 40 48 54 27 41 44 43 160 0.04 8 
29 359 328 69 15 22 24 26 26 17 21 30 15 22 22 13 19 28 31 23 18 32 25 19 16 20 20 27 13 28 18 20 14 13 15 30 28 26 23 27 20 21 17 29 20 22 29 30 25 26 11 30 23 14 31 28 23 28 26 18 22 23 33 29 24 18 29 17 24 24 20 15 22 13 92 0.08 16 
30 480 45 17 5 28 24 17 1 9 21 32 11 15 23 21 10 10 11 3 17 26 7 25 23 16 13 17 36 24 18 34 17 22 11 22 16 0 17 19 12 26 4 9 8 17 12 13 9 12 15 11 20 15 7 4 21 14 24 26 11 17 23 22 8 5 27 24 13 4 35 8 25 12 34 0.09 18 
31 315 402 46 39 38 46 43 38 51 43 44 43 46 40 49 50 34 41 41 38 47 45 45 49 49 47 45 54 55 48 44 43 36 52 50 46 49 39 52 45 53 42 54 43 42 46 51 38 48 43 52 46 53 41 45 46 47 39 38 49 40 41 49 41 46 41 51 42 38 42 42 48 47 92 0.06 12 
32 110 368 44 39 39 45 52 45 52 44 51 41 48 52 56 44 43 37 54 38 39 43 50 50 42 39 37 48 46 50 48 37 47 45 39 48 40 42 38 30 39 50 41 50 50 51 40 42 37 42 50 56 48 47 46 41 44 41 40 47 39 37 43 42 41 41 43 38 37 53 39 29 35 88 0.05 10 
33 162 302 243 71 73 91 94 77 77 79 80 74 85 93 92 75 85 101 81 85 83 87 73 74 80 70 84 82 86 77 73 72 87 80 84 66 69 93 82 70 80 77 74 90 79 80 83 71 84 68 80 92 77 79 90 90 68 97 83 73 84 88 91 90 80 81 83 70 92 83 61 78 79 324 0.05 10 
34 390 13 24 20 19 20 31 35 27 23 28 16 17 16 34 21 13 28 19 12 22 24 17 17 24 20 18 8 25 43 26 14 26 25 35 15 37 25 26 41 37 10 23 23 13 15 13 18 26 25 18 31 25 25 22 34 17 36 24 25 24 24 17 18 21 30 32 28 19 23 36 26 28 48 0.02 4 
35 405 182 285 93 94 91 95 103 101 93 92 96 93 89 94 96 93 99 99 92 93 98 106 90 94 96 87 93 90 89 96 95 91 86 89 93 100 95 93 96 94 97 92 96 95 94 93 90 94 99 97 97 89 93 97 105 99 90 98 93 95 98 92 95 91 91 92 95 95 84 97 92 101 380 0.09 18 
36 325 247 152 83 72 65 74 78 79 82 88 81 77 87 75 70 78 75 62 68 69 75 71 70 69 85 74 86 80 83 64 71 78 63 80 78 82 84 73 94 88 84 85 62 71 77 84 87 75 79 73 70 73 74 77 82 73 75 77 72 71 84 66 72 69 79 73 78 75 76 91 76 74 228 0.03 6 
37 319 295 60 28 36 32 28 35 35 32 27 28 28 32 43 23 27 31 28 25 26 26 28 29 20 31 32 25 35 25 23 33 32 35 28 17 37 35 25 31 38 31 48 35 33 31 34 34 29 31 31 30 36 27 28 32 31 28 32 27 35 23 40 21 26 29 31 35 24 26 16 23 34 90 0.09 18 
38 209 179 156 54 59 53 56 49 47 60 55 59 45 49 60 35 53 62 46 51 51 47 55 50 49 54 53 64 38 41 56 38 47 37 52 43 49 37 69 68 43 49 48 45 33 54 55 45 48 58 54 51 44 57 70 38 58 41 48 41 59 43 50 53 37 36 51 49 64 64 47 54 43 208 0.04 8 
39 203 444 86 39 47 42 44 47 38 43 41 44 43 36 42 39 44 44 45 48 44 42 40 45 42 44 41 40 40 47 40 42 37 41 42 43 42 39 40 44 41 47 41 43 43 45 41 40 44 39 41 46 45 34 44 42 46 43 42 43 41 43 43 44 42 42 45 42 46 45 42 39 41 129 0.04 8 
40 464 201 56 17 29 29 27 20 26 31 35 41 46 41 17 54 20 34 25 21 28 26 10 32 30 31 18 31 25 22 37 24 33 28 21 12 36 20 24 21 22 31 29 34 15 18 27 23 22 38 28 16 11 24 6 8 32 37 38 24 31 14 38 21 27 35 21 30 36 19 22 32 37 84 0.09 18 
41 318 253 134 59 73 75 49 75 74 71 66 61 64 60 70 59 68 66 61 70 33 72 33 67 55 86 67 50 71 80 57 72 61 61 60 73 71 53 56 58 61 59 68 60 38 68 59 57 47 57 63 74 44 61 49 84 68 55 57 63 76 67 62 58 55 74 78 66 65 70 72 75 55 201 0.06 12 
42 228 250 297 92 102 92 104 102 100 100 110 96 107 90 95 106 115 105 93 94 90 94 98 101 109 94 104 93 91 103 100 95 105 87 93 107 98 100 97 101 97 97 99 106 101 104 92 97 115 98 106 102 73 105 93 88 94 112 102 98 105 107 104 95 100 97 96 100 104 91 102 99 110 396 0.07 14 
43 239 68 112 66 62 55 50 67 49 55 64 55 54 59 54 60 63 53 51 61 58 39 46 55 42 45 61 59 53 53 60 61 70 68 52 48 54 61 65 73 55 39 72 59 46 57 45 59 53 63 34 47 62 60 39 64 54 60 59 52 55 63 40 72 39 47 64 47 62 67 55 64 55 168 0.03 6 
44 108 117 98 45 51 48 51 57 53 49 42 56 52 48 51 38 48 47 48 49 46 51 47 51 56 43 47 50 43 50 56 44 42 42 41 56 52 45 51 52 51 46 46 39 54 45 46 54 47 53 47 47 43 59 45 53 50 44 56 46 46 58 45 51 47 52 45 47 46 48 41 48 48 147 0.09 18 
45 359 71 158 57 68 82 75 81 85 69 90 84 77 80 64 74 68 69 84 68 74 65 78 72 76 88 82 88 75 74 81 81 73 77 96 95 71 66 68 79 81 69 91 89 69 82 62 91 60 86 93 69 76 88 73 80 75 76 66 64 82 70 66 74 70 75 76 90 94 67 84 87 75 237 0.04 8 
46 429 480 159 53 53 52 53 53 51 56 52 50 54 54 52 51 53 49 53 57 52 55 52 51 49 50 52 50 52 51 51 53 52 54 55 53 51 51 54 51 51 51 53 52 51 53 56 55 50 54 51 51 52 51 54 52 54 50 56 50 52 51 51 54 50 53 51 53 55 54 54 49 52 212 0.06 12 
47 17 459 285 105 89 96 90 93 92 94 99 95 94 92 101 96 90 107 89 101 91 94 93 86 100 95 95 93 92 93 93 85 87 100 96 96 95 91 93 92 94 101 89 88 99 97 86 99 95 92 97 96 95 94 85 95 88 88 97 90 97 93 96 101 99 92 103 96 90 101 95 93 88 380 0.08 16 
48 68 268 36 38 31 33 36 40 36 26 43 32 42 43 45 31 29 38 36 40 35 39 38 34 39 31 33 41 40 39 33 33 33 36 38 33 38 31 34 39 34 32 32 39 38 39 42 36 31 35 41 36 38 32 35 32 35 37 40 38 32 40 37 30 32 36 37 33 44 35 38 33 35 72 0.04 8 
49 481 459 33 37 33 26 40 32 37 34 36 32 37 40 28 37 34 31 34 33 38 27 37 25 37 28 35 26 34 31 32 33 20 24 32 33 31 32 30 35 27 40 34 31 38 25 32 33 39 26 27 27 31 19 33 42 33 36 30 28 32 27 31 37 36 41 29 40 45 30 29 35 27 66 0.07 14 
50 452 166 39 12 16 11 12 13 15 12 11 14 16 11 11 12 12 10 14 12 13 10 13 13 11 12 13 15 16 12 14 14 14 12 11 16 7 13 13 10 11 7 14 12 13 16 11 12 10 11 10 11 15 12 14 12 11 10 10 15 12 11 13 10 14 13 12 13 14 16 10 13 14 52 0.03 6 
51 475 356 184 93 93 103 105 91 95 77 89 91 107 99 83 92 93 98 89 99 99 96 93 95 95 87 97 95 96 104 99 91 92 93 89 100 91 94 82 89 94 91 87 90 97 96 98 85 86 92 87 93 79 103 83 86 101 85 84 86 101 94 88 84 82 90 89 84 100 99 88 97 91 276 0.02 4 
52 288 373 142 74 70 72 69 72 70 71 73 72 71 72 72 67 69 69 69 71 72 72 71 69 72 70 71 69 71 69 70 72 73 70 74 72 67 73 68 70 71 67 71 73 70 71 68 73 69 66 68 73 71 74 71 70 72 70 73 72 72 68 69 70 71 72 71 73 70 71 68 72 70 213 0.08 16 
53 275 253 84 45 12 20 27 19 29 16 40 46 29 30 25 27 14 21 16 35 46 20 27 36 17 33 34 21 26 26 32 34 23 31 33 29 39 37 34 20 29 32 32 25 31 21 7 36 22 24 30 18 27 20 31 22 32 38 27 28 21 41 34 11 36 26 31 26 27 19 26 27 29 112 0.05 10 
54 176 80 36 54 39 35 33 20 41 33 38 41 27 28 44 36 30 41 55 33 24 30 40 47 36 29 29 32 41 36 26 40 20 40 36 42 36 25 35 25 31 29 42 27 30 37 35 42 41 47 33 43 40 34 38 40 41 33 37 34 43 35 39 47 15 32 41 29 37 37 39 37 41 72 0.02 4 
55 362 247 57 16 24 15 15 21 22 19 18 19 17 31 12 15 26 13 28 15 14 6 19 17 18 19 20 22 18 27 17 18 14 18 19 14 19 32 14 17 18 24 19 14 19 1 18 22 18 17 19 23 18 25 27 21 24 14 28 17 23 24 27 16 18 19 18 22 17 22 22 13 19 76 0.07 14 
56 318 161 84 89 71 88 92 92 75 86 83 76 93 81 73 90 94 89 90 89 83 80 96 89 90 67 87 83 81 88 85 83 80 79 86 87 79 78 80 83 86 94 79 91 72 82 83 85 86 76 80 87 78 86 77 85 76 75 83 88 71 84 85 71 85 96 72 69 84 88 79 85 79 168 0.08 16 
57 96 403 231 75 70 76 72 73 77 81 71 84 76 79 78 74 68 72 79 78 77 76 83 66 76 80 84 77 80 93 73 82 78 77 84 68 70 72 77 83 73 77 87 77 73 79 72 79 67 73 75 81 81 79 83 73 81 74 72 80 76 81 75 80 75 69 79 77 71 76 73 69 68 308 0.05 10 
58 185 47 60 15 25 22 9 18 24 21 17 21 23 20 19 24 21 21 19 26 13 21 20 24 15 27 20 22 25 13 14 20 19 17 27 23 22 19 19 20 24 22 13 10 19 18 17 18 22 24 22 20 18 11 14 17 17 24 13 17 17 16 17 15 25 22 13 22 15 17 21 14 13 80 0.05 10 
59 174 255 22 17 22 21 27 20 25 25 17 19 19 24 21 16 21 23 21 22 24 21 20 23 21 21 19 22 20 19 25 23 21 22 20 19 25 21 22 23 19 22 24 23 20 19 19 24 20 23 24 25 23 23 28 16 24 24 20 23 23 19 15 17 23 23 17 20 19 23 16 17 19 44 0.06 12 
60 478 329 60 58 59 60 59 60 56 60 60 57 61 61 58 60 58 62 57 61 57 60 61 57 58 59 57 62 63 60 57 61 60 60 58 58 59 57 58 61 59 56 61 57 57 59 60 58 61 61 58 57 56 61 56 59 61 61 56 60 59 61 60 57 62 60 60 59 61 59 61 58 56 120 0.06 12 
61 378 451 89 89 86 89 100 90 89 85 115 77 79 89 85 98 84 91 86 88 85 91 95 88 86 91 79 85 84 87 93 70 93 93 90 89 91 88 89 90 77 95 83 75 78 91 99 100 86 93 95 88 78 88 78 72 80 92 86 89 78 92 79 90 93 72 97 82 98 104 83 90 84 178 0.03 6 
62 479 341 38 40 42 41 41 32 30 39 43 41 35 37 36 37 32 38 40 37 31 33 38 33 41 35 38 37 39 36 40 32 39 45 45 37 36 34 37 37 39 39 43 34 40 38 37 37 32 39 44 41 36 36 33 39 34 35 38 38 33 35 36 38 35 35 39 31 40 39 38 30 36 76 0.03 6 
63 494 106 11 12 5 11 16 14 9 12 11 13 15 12 13 12 8 12 11 10 10 10 13 15 8 10 11 9 14 11 14 8 12 6 11 8 16 8 7 14 16 12 9 12 6 0 12 9 9 14 12 13 6 12 11 8 11 9 11 12 13 11 11 11 7 12 11 6 13 13 12 9 12 22 0.05 10 
64 370 305 58 64 54 54 45 61 69 50 41 66 60 65 51 55 63 66 56 48 51 69 66 66 63 57 53 59 45 28 44 65 48 51 71 64 53 46 52 56 57 44 68 63 50 58 56 61 54 62 47 49 63 57 46 57 68 63 50 63 59 64 54 58 37 46 45 67 56 56 73 62 49 116 0.04 8 
65 332 75 54 24 27 22 32 26 26 29 25 25 29 21 25 25 27 29 30 27 22 24 30 26 28 31 28 25 22 23 21 29 24 25 25 24 22 27 28 31 22 28 27 26 24 26 27 34 25 27 26 26 30 30 29 25 24 23 26 23 27 28 23 31 27 26 27 31 28 24 28 31 30 81 0.03 6 
66 403 34 64 31 35 35 31 36 44 49 34 41 18 32 38 45 29 31 48 29 29 39 29 34 39 42 50 37 25 39 37 24 33 19 33 45 56 53 21 17 37 39 52 33 44 14 31 23 22 19 23 55 40 40 28 40 40 35 27 43 36 22 35 40 22 34 45 35 36 43 25 39 25 96 0.08 16 
67 171 162 84 34 18 40 41 46 30 25 45 17 29 48 42 24 12 21 15 19 32 21 17 34 46 28 30 21 23 28 33 20 55 21 7 31 41 8 13 36 20 36 14 28 38 27 35 25 43 21 31 32 33 0 8 20 49 26 29 29 29 26 38 23 22 34 26 37 22 19 29 28 28 112 0.06 12 
68 336 303 129 40 49 44 55 50 44 50 42 41 45 36 40 51 46 28 47 35 42 47 42 51 44 41 59 45 37 43 45 49 28 36 49 43 43 33 47 47 38 38 40 48 37 39 36 37 39 39 33 44 39 43 39 49 43 42 40 43 45 59 40 40 43 39 55 44 45 41 34 41 42 172 0.09 18 
69 29 231 27 35 25 39 47 9 21 35 41 35 32 23 40 27 12 43 40 45 20 47 21 39 51 29 22 18 15 29 45 9 38 33 26 35 12 23 37 31 28 29 29 18 12 36 17 35 0 29 42 24 21 0 29 27 44 38 21 10 15 28 44 17 26 16 33 27 37 14 18 47 17 54 0.04 8 
70 365 250 285 90 90 96 83 103 98 89 97 97 90 99 95 90 100 85 85 104 99 91 90 87 89 89 98 95 90 89 98 89 93 85 97 92 97 96 79 93 104 94 94 95 97 94 89 94 95 92 92 97 98 95 100 95 87 99 94 95 103 89 95 99 103 94 94 91 97 92 93 98 96 380 0.06 12 
71 314 22 34 45 36 35 45 47 48 32 35 19 40 36 20 40 32 47 34 27 32 36 28 47 18 31 33 45 40 34 32 22 42 40 54 38 25 47 47 23 37 33 31 23 45 37 52 38 32 49 26 36 40 39 29 51 46 28 36 52 39 36 35 41 27 25 38 21 45 19 28 36 19 68 0.06 12 
72 80 314 291 100 93 105 107 91 87 93 102 94 104 94 84 85 91 97 84 92 100 93 106 102 98 100 98 105 94 91 98 98 102 100 96 91 88 94 98 99 101 94 97 98 92 93 103 99 98 97 94 95 102 91 95 92 95 102 91 95 97 100 95 97 93 99 100 105 87 100 98 100 101 388 0.09 18 
73 144 374 138 72 56 74 72 63 65 77 65 70 62 73 70 75 75 76 65 66 66 62 66 64 61 58 73 70 64 59 77 60 82 74 70 70 76 70 57 72 76 52 54 73 68 62 67 74 79 67 72 74 79 64 60 81 82 67 71 70 74 65 77 60 60 74 77 66 70 71 62 67 55 207 0.07 14 
74 499 238 22 8 24 31 15 17 21 26 19 27 37 27 24 27 14 28 11 24 18 17 3 33 1 15 14 9 8 10 21 12 4 35 12 13 18 11 16 15 19 27 28 32 19 21 32 12 24 23 20 11 11 18 23 4 14 23 19 21 11 17 15 24 35 23 26 24 34 29 17 8 29 44 0.04 8 
75 347 341 79 67 79 73 89 67 74 64 74 67 78 86 83 74 84 81 89 62 79 84 87 90 75 77 89 79 85 72 86 91 68 77 71 76 74 77 95 77 77 95 83 77 68 81 79 69 65 83 59 63 77 77 72 70 69 84 79 90 92 90 77 95 73 90 76 75 75 80 75 81 89 158 0.03 6 
76 265 195 164 82 80 87 96 73 68 81 88 86 72 80 91 74 79 72 70 81 69 80 87 88 86 91 93 90 83 78 80 72 99 80 70 72 79 84 86 78 94 88 73 79 70 77 87 91 73 81 86 78 82 76 83 79 96 93 89 78 80 62 75 74 73 78 91 88 96 91 81 71 74 246 0.07 14 
77 422 370 90 86 87 89 91 91 96 103 98 70 89 99 103 102 90 82 86 100 90 74 88 88 101 103 103 97 81 104 92 96 84 93 92 96 99 91 103 95 97 85 87 106 77 74 85 85 70 91 97 88 76 95 100 100 83 107 91 92 84 79 98 97 78 96 88 77 77 95 96 92 78 180 0.06 12 
78 346 12 129 47 37 43 37 53 36 44 41 50 44 45 43 41 39 37 42 34 52 29 41 39 53 40 31 46 31 47 48 55 33 42 42 33 52 38 45 36 44 53 54 47 45 47 40 38 37 48 36 56 48 43 45 36 55 44 48 37 31 46 30 33 30 35 27 42 53 38 41 49 42 172 0.09 18 
79 235 379 154 77 76 76 75 75 75 75 74 79 78 74 76 82 77 73 73 76 79 76 75 79 78 80 74 76 82 82 78 74 77 81 76 73 77 79 73 70 80 76 69 75 70 74 77 81 74 80 78 76 71 76 75 75 75 76 72 75 72 77 65 76 75 73 77 82 77 81 75 75 74 231 0.06 12 
80 400 378 24 27 21 20 24 27 24 21 21 37 26 21 20 19 18 23 25 26 21 23 21 16 25 21 21 22 25 27 24 17 24 23 24 29 22 20 21 22 26 18 25 19 22 27 22 20 27 17 31 21 27 26 17 21 32 30 26 18 24 19 20 20 20 22 23 26 22 28 22 17 20 48 0.07 14 
81 117 405 162 82 84 74 86 83 72 77 83 86 84 73 82 79 87 66 84 76 76 81 89 77 87 92 77 88 80 84 74 81 90 80 86 73 78 83 85 86 84 79 78 77 72 72 90 76 83 77 85 85 79 69 75 91 73 75 89 73 84 80 72 81 76 79 79 76 73 77 76 76 85 243 0.05 10 
82 227 394 204 68 66 66 64 64 75 63 76 75 60 70 54 68 74 68 65 70 68 78 61 68 63 68 68 63 69 63 64 63 64 69 72 67 65 69 72 59 64 73 65 68 76 76 64 60 67 64 69 64 62 58 69 62 60 75 65 57 65 65 71 70 72 69 53 62 67 59 73 67 64 272 0.04 8 
83 355 385 92 44 43 43 50 58 41 58 38 55 44 44 49 45 58 47 41 48 41 46 47 65 57 47 48 52 37 47 47 50 44 49 40 46 46 42 39 46 55 41 50 49 46 32 45 43 42 55 39 38 33 51 51 37 52 48 30 42 48 39 55 39 45 32 59 43 48 41 57 44 45 138 0.08 16 
84 364 392 97 91 96 101 93 100 97 97 102 95 92 97 91 99 98 95 98 91 98 101 100 99 100 95 97 97 99 99 93 99 95 102 92 98 97 95 95 92 100 99 94 96 91 97 99 96 95 96 97 99 101 96 103 94 94 101 95 95 94 94 95 102 96 99 96 100 99 94 93 96 93 194 0.09 18 
85 216 83 130 51 65 78 60 58 62 57 61 82 69 83 58 45 61 65 75 69 67 73 57 57 86 63 73 66 54 76 65 69 58 66 56 75 65 78 70 68 65 69 70 74 65 65 64 81 76 65 58 50 56 83 73 64 61 80 61 62 61 71 64 60 54 59 57 66 79 57 57 72 85 195 0.07 14 
86 363 273 108 37 48 43 34 51 58 41 21 31 48 25 30 27 43 45 31 47 32 31 27 55 22 55 39 30 26 36 47 25 37 33 18 27 44 28 37 40 42 27 31 51 38 34 45 29 36 40 50 51 42 46 23 39 22 37 33 35 15 25 44 35 28 42 34 39 52 47 23 28 30 144 0.03 6 
87 150 146 188 91 99 88 94 90 96 87 94 99 91 95 98 93 96 96 90 88 96 92 89 88 98 89 88 100 95 105 102 90 96 96 97 95 93 99 96 100 90 94 95 92 90 94 90 96 84 99 93 95 89 99 87 93 92 87 92 88 94 90 99 102 91 87 93 90 89 82 91 95 97 282 0.08 16 
88 38 352 36 32 39 35 36 32 42 25 46 49 34 24 31 42 43 42 30 33 39 25 34 39 35 32 30 37 28 26 34 30 51 26 38 30 25 40 32 32 41 46 29 21 36 34 32 29 47 36 50 25 49 39 41 41 41 32 34 33 33 27 39 34 43 38 25 43 39 45 40 40 41 72 0.06 12 
89 342 462 162 83 78 87 85 80 81 75 87 84 75 80 80 86 72 80 82 81 84 90 83 80 77 80 78 83 83 81 88 82 78 84 82 81 72 79 84 90 82 84 75 74 77 81 80 85 88 80 84 87 83 80 89 78 75 83 78 78 80 79 79 82 79 87 80 86 77 81 75 84 73 243 0.08 16 
90 458 323 171 60 45 59 56 57 53 57 52 58 61 53 52 58 58 54 61 55 60 51 60 55 58 57 58 58 56 55 56 57 59 60 59 56 51 53 54 57 55 52 57 54 57 55 58 51 58 58 57 55 55 55 61 58 56 57 62 58 55 58 58 57 57 53 50 57 54 54 52 53 56 228 0.07 14 
91 434 272 41 30 36 43 29 42 67 49 27 55 31 48 50 42 54 45 34 43 59 31 33 31 42 38 44 45 33 44 42 48 35 42 37 47 50 56 37 36 37 29 44 30 39 33 34 46 41 39 52 38 32 27 29 35 41 35 40 40 46 43 56 67 49 42 45 47 26 34 60 30 24 82 0.03 6 
92 473 51 58 33 28 13 31 26 25 26 16 28 25 24 25 31 21 29 32 35 25 26 35 21 24 32 30 22 35 29 30 28 34 34 25 30 34 27 28 20 30 30 25 28 31 38 24 35 33 30 24 23 28 26 31 18 32 29 38 28 26 29 39 30 26 30 32 34 29 25 28 22 34 87 0.09 18 
93 65 320 249 87 78 77 88 83 86 85 89 89 85 91 87 80 85 77 80 77 82 87 84 84 78 81 84 82 87 84 77 81 86 85 82 82 80 79 87 80 82 94 82 87 83 83 82 76 76 83 78 85 78 88 93 88 95 83 85 87 84 79 81 83 82 85 90 87 84 88 79 88 83 332 0.08 16 
94 215 393 76 90 70 65 72 57 83 79 70 80 83 68 58 87 72 84 79 95 62 74 76 66 63 78 89 75 85 82 63 55 67 61 80 64 73 84 81 57 97 81 70 70 85 77 74 81 72 72 76 83 79 86 63 76 71 102 76 83 70 83 67 67 68 83 88 96 74 76 83 91 70 152 0.04 8 
95 275 455 62 33 36 32 21 24 29 35 48 31 36 35 24 25 34 26 24 23 36 31 31 33 27 32 33 35 31 42 38 39 43 22 38 23 23 30 19 31 22 26 26 28 28 24 34 32 33 21 29 37 42 40 32 33 25 33 34 30 34 37 31 24 31 25 23 23 35 23 34 32 32 93 0.04 8 
96 155 470 96 41 54 52 44 50 49 46 46 43 52 45 47 46 49 44 48 45 48 48 48 51 53 44 53 50 51 44 46 47 40 48 40 48 44 48 50 45 52 44 51 53 45 53 53 42 41 46 49 48 47 51 47 48 47 40 47 56 46 45 44 44 52 48 49 45 48 47 44 50 49 144 0.05 10 
97 70 500 33 40 29 30 27 37 29 33 36 36 43 35 37 30 29 35 32 27 28 34 35 35 23 31 37 30 28 34 31 29 39 34 29 31 29 37 28 35 31 28 27 31 24 42 33 32 36 37 33 32 26 33 37 35 26 38 30 25 25 31 35 32 30 34 31 32 30 34 29 33 30 66 0.07 14 
98 490 223 114 49 66 68 56 53 60 75 57 56 53 66 60 46 58 52 57 53 62 60 66 57 62 48 61 58 55 50 56 62 51 64 44 45 51 46 48 58 62 60 51 48 52 66 49 67 60 55 58 50 70 72 56 54 62 64 68 53 55 54 58 46 53 52 71 42 58 63 61 57 56 171 0.04 8 
99 189 285 39 24 14 21 8 12 22 19 14 26 7 7 13 10 9 21 18 3 14 13 6 0 6 12 35 3 2 23 14 8 9 6 2 20 11 2 0 6 11 4 16 16 9 1 21 2 14 10 10 8 0 14 25 9 0 15 0 2 9 17 12 11 12 8 5 20 7 0 19 23 6 52 0.09 18 
100 25 135 62 60 61 62 59 63 60 57 60 62 59 61 62 60 61 60 64 61 60 57 62 64 64 59 59 62 62 62 62 62 62 60 59 63 61 60 62 61 63 61 61 61 59 62 61 61 61 62 65 61 63 60 61 60 61 61 65 63 60 65 62 62 61 66 59 60 64 61 62 60 60 124 0.04 8 
101 47 182 63 27 17 28 27 3 26 21 20 25 13 23 21 12 11 22 15 10 11 19 31 26 23 25 26 19 25 16 16 24 13 15 30 15 25 17 14 17 17 20 13 27 13 21 18 20 29 19 25 24 31 28 11 30 14 19 22 25 23 16 28 21 24 29 22 24 29 18 32 20 13 84 0.09 18 
102 237 378 19 23 10 23 15 26 29 6 28 16 10 22 32 14 21 14 24 23 11 9 15 18 19 19 13 8 9 0 8 15 0 0 15 19 16 28 7 11 12 25 8 23 35 35 22 13 18 1 11 27 20 5 22 11 25 28 17 22 5 8 19 20 23 10 8 15 16 7 22 27 24 38 0.09 18 
103 395 313 288 97 97 90 99 93 89 93 91 97 96 98 97 95 94 87 94 95 94 91 98 91 97 86 94 96 98 95 99 95 97 92 93 100 98 96 91 99 96 96 93 95 96 96 91 98 90 94 92 94 96 97 95 97 93 101 98 102 89 93 97 105 91 97 93 102 92 103 95 92 97 384 0.03 6 
104 164 39 65 49 85 58 56 62 59 69 66 58 60 72 66 66 67 67 58 84 69 70 64 74 58 56 65 53 69 63 87 77 61 56 69 64 60 71 48 51 66 46 46 56 66 78 59 68 71 55 56 68 76 54 68 75 68 65 64 62 74 64 52 78 76 52 58 54 65 63 56 56 72 130 0.05 10 
105 406 482 267 82 104 73 94 89 107 93 73 80 92 86 88 91 74 88 90 108 93 80 90 97 79 71 83 88 86 86 71 86 81 83 86 98 90 98 73 92 74 81 87 93 63 94 102 79 78 84 83 95 91 94 99 87 82 77 78 87 99 91 82 79 97 98 86 82 95 96 89 91 77 356 0.02 4 
106 373 53 84 93 82 69 89 75 87 92 74 60 94 74 94 74 80 79 92 63 75 81 76 70 87 81 99 94 77 81 68 79 75 71 92 80 88 83 77 91 94 84 79 98 73 87 76 82 80 83 71 77 71 92 89 96 88 67 94 83 67 69 89 70 70 88 72 95 86 76 76 79 81 168 0.02 4 
107 419 348 108 64 60 58 56 47 46 54 63 47 56 64 53 57 51 66 61 52 59 54 65 51 46 55 51 45 51 51 56 53 61 52 45 54 53 41 56 56 54 49 55 54 56 63 44 57 65 50 49 59 52 58 44 61 49 62 66 54 66 63 45 49 55 39 49 64 55 44 59 48 54 162 0.02 4 
108 228 87 15 17 11 11 27 26 6 30 6 2 0 18 13 22 24 29 15 7 20 15 31 14 22 15 13 10 16 1 12 18 28 8 22 13 20 5 23 22 10 26 4 7 8 12 22 25 5 18 8 14 17 14 9 22 24 25 4 10 16 20 19 13 11 15 23 17 18 13 8 10 8 30 0.05 10 
109 300 488 201 70 68 70 70 61 68 59 61 76 68 66 67 67 67 69 57 59 66 65 64 67 79 58 74 59 69 67 63 65 69 74 71 67 70 71 63 62 75 68 68 65 69 72 72 58 67 66 67 72 54 63 63 71 67 71 70 66 65 65 61 72 61 67 64 65 66 65 57 71 73 268 0.03 6 
110 434 255 28 28 22 9 17 53 23 37 32 25 17 30 34 43 20 32 28 24 42 15 39 30 21 19 21 20 35 36 11 27 28 21 23 25 29 28 28 11 26 17 21 35 40 38 21 24 19 30 24 27 26 25 26 11 29 26 24 28 10 49 25 34 36 39 15 28 21 22 22 22 34 56 0.09 18 
111 229 225 57 53 51 56 59 53 46 53 45 56 60 54 45 62 67 55 56 51 63 63 62 48 54 65 63 54 58 56 57 52 52 69 50 61 62 54 39 61 63 38 51 70 52 48 58 50 66 56 50 66 48 50 53 56 48 51 52 57 50 53 57 58 55 55 42 60 61 58 55 53 45 114 0.05 10 
112 339 447 57 15 20 25 19 20 12 11 19 19 23 20 16 16 22 15 18 12 25 16 12 19 18 19 19 18 21 16 20 15 28 22 22 23 12 16 21 14 22 20 21 13 16 28 25 27 12 22 16 26 20 20 18 15 19 18 21 19 18 16 15 15 15 23 22 18 19 22 9 13 14 76 0.07 14 
113 209 71 47 24 33 58 57 31 39 51 47 45 48 42 43 58 46 41 39 31 50 44 51 44 50 53 37 47 49 46 49 49 41 39 62 58 38 36 51 53 36 48 28 35 61 51 58 31 50 43 26 61 47 41 36 44 47 42 45 37 48 42 30 43 50 50 53 50 36 52 44 52 41 94 0.02 4 
114 140 23 84 41 55 40 47 58 48 47 32 47 31 25 54 41 51 50 27 38 41 46 24 60 32 49 49 43 48 26 29 42 46 31 40 37 46 38 16 58 30 39 47 53 30 48 38 45 47 35 43 29 29 40 37 31 50 50 38 41 40 42 53 55 44 34 46 41 42 41 37 37 37 126 0.07 14 
115 349 469 58 33 23 34 24 24 29 26 29 15 25 41 22 24 42 31 18 37 37 28 47 25 31 27 26 37 18 37 33 35 31 27 18 36 30 28 24 38 27 30 10 34 28 51 39 40 39 21 32 29 14 17 47 25 21 15 28 21 18 25 26 28 32 31 30 24 16 26 25 30 28 87 0.02 4 
116 227 27 56 25 31 29 29 28 26 28 27 27 27 26 31 29 27 30 24 26 27 21 25 26 28 24 30 27 27 24 30 29 24 26 28 29 28 27 29 27 27 26 28 27 29 34 29 28 31 27 28 27 29 26 28 29 29 29 28 26 27 21 28 24 32 28 31 29 25 23 27 26 25 84 0.09 18 
117 200 270 104 41 46 51 45 57 48 53 60 56 62 53 53 51 59 52 60 47 51 54 49 63 46 55 53 48 58 53 46 48 39 46 58 49 44 58 56 57 63 52 50 32 53 53 44 42 44 34 50 56 35 41 51 50 44 67 55 53 38 58 58 52 43 56 32 36 39 37 52 49 49 156 0.08 16 
118 336 257 84 28 31 28 29 27 24 27 29 33 27 29 27 28 23 30 28 28 26 27 27 34 29 25 26 27 29 27 29 29 31 30 27 23 27 27 27 25 31 27 26 32 31 25 27 31 25 24 23 31 33 25 25 31 29 24 27 23 26 27 31 24 30 27 28 29 24 25 26 27 28 112 0.03 6 
119 221 397 17 12 16 20 18 21 13 20 10 18 20 22 25 9 20 18 18 19 9 12 23 14 21 18 27 8 20 20 8 20 13 9 20 16 26 7 23 11 26 0 15 22 12 9 19 18 6 12 17 28 20 16 11 0 18 7 14 19 9 27 13 9 2 12 2 16 24 14 8 25 17 34 0.03 6 
120 65 384 183 49 68 55 65 66 52 67 59 67 65 57 65 55 52 56 48 61 64 64 68 62 68 59 58 62 64 63 55 58 51 61 51 47 54 58 58 59 65 84 62 48 68 59 67 52 57 57 65 60 58 54 57 57 62 59 63 61 61 68 65 59 50 70 58 62 55 62 63 47 58 244 0.08 16 
121 96 436 56 50 64 50 60 44 48 43 61 56 45 50 48 56 65 50 53 46 63 62 50 42 47 60 63 56 45 66 62 45 55 56 50 45 59 66 43 52 53 70 50 55 61 45 62 56 66 54 45 55 57 57 47 49 55 61 50 61 75 48 56 44 45 51 49 53 45 69 38 47 50 112 0.05 10 
122 328 486 62 71 64 65 62 53 73 65 63 61 59 66 74 72 64 67 65 50 55 63 61 61 62 60 55 50 50 59 53 52 59 82 51 61 50 55 69 68 56 60 73 58 70 62 65 75 64 55 72 60 63 53 52 64 65 66 61 68 55 59 56 68 56 65 58 59 71 69 58 55 60 124 0.08 16 
123 460 366 190 98 92 98 93 92 73 97 100 87 94 112 96 92 93 94 80 103 76 81 93 96 113 86 102 100 90 87 93 101 88 90 96 100 105 108 103 99 98 99 83 95 99 100 112 93 78 88 79 90 94 95 102 102 99 81 87 96 81 97 105 87 86 69 94 105 104 100 109 92 90 285 0.03 6 
124 72 119 87 85 81 83 79 98 81 83 84 82 87 87 84 85 86 87 88 88 83 95 88 83 86 84 74 85 88 94 96 81 74 87 95 88 98 87 93 87 76 83 86 92 94 94 73 92 84 92 85 88 89 81 83 85 92 82 78 95 102 82 89 85 86 93 93 88 86 105 97 81 95 174 0.05 10 
125 460 223 189 59 65 63 60 59 62 64 64 62 63 60 62 65 64 61 58 59 62 64 61 57 63 63 63 64 64 62 63 60 64 59 60 61 61 57 63 64 62 62 60 61 61 66 64 61 64 62 63 65 64 62 59 62 64 63 61 60 63 62 65 60 66 64 66 61 62 62 64 64 61 252 0.09 18 
126 330 268 165 53 68 48 63 61 59 61 54 67 42 48 58 56 45 60 50 53 56 49 67 62 54 49 55 63 65 54 38 58 53 55 52 61 45 37 43 58 55 50 59 43 61 55 53 52 70 63 64 45 52 59 54 31 51 54 50 43 46 51 51 42 64 42 58 46 41 73 70 56 54 220 0.04 8 
127 83 453 252 81 76 86 62 77 76 99 75 90 83 79 73 97 80 72 73 86 79 68 82 75 92 82 91 85 74 68 88 77 79 77 73 76 96 88 96 75 90 75 93 86 81 76 77 70 79 67 99 78 76 97 87 76 89 86 75 83 80 64 93 80 81 98 87 85 112 80 96 81 78 336 0.08 16 
128 451 229 84 39 45 39 42 39 44 42 42 42 42 42 41 41 40 42 43 42 43 41 41 38 44 44 40 39 40 40 45 43 38 39 41 39 47 41 42 41 43 44 45 42 39 39 42 43 41 42 40 43 45 46 42 42 42 41 41 39 38 44 42 41 40 42 41 43 41 39 41 41 41 126 0.07 14 
129 410 15 49 43 46 49 50 47 44 50 47 54 49 52 49 47 51 46 50 54 51 56 46 49 53 49 47 48 50 45 53 43 47 49 48 48 51 50 49 49 48 50 52 50 49 46 49 56 45 52 56 48 48 45 50 54 46 52 47 52 45 52 51 47 48 45 51 45 54 53 49 45 52 98 0.02 4 
130 277 448 99 22 39 27 32 33 32 37 33 45 26 24 32 32 26 30 23 23 28 31 23 20 22 12 33 33 45 26 28 34 32 33 34 34 30 34 39 31 43 37 35 41 18 34 47 34 27 26 27 31 28 21 38 29 34 24 36 36 30 45 31 38 34 34 44 20 29 42 47 40 31 132 0.07 14 
131 421 461 156 56 47 54 51 52 53 57 58 54 50 57 54 50 49 46 54 44 57 52 51 54 47 48 57 62 50 44 58 50 50 49 53 53 45 51 49 46 48 55 49 49 39 54 45 52 56 50 54 54 50 58 70 53 47 57 53 56 54 53 53 43 43 52 46 46 45 51 54 43 57 208 0.06 12 
132 62 496 57 60 63 51 46 47 56 58 84 63 49 48 66 46 62 74 35 69 34 68 55 43 58 79 44 44 64 57 50 46 53 62 64 54 69 65 70 51 61 49 48 52 51 48 51 56 51 56 55 50 60 52 59 62 49 52 76 69 70 56 57 48 69 52 39 62 54 61 58 48 59 114 0.06 12 
133 420 26 94 41 57 34 62 52 47 44 49 58 37 54 52 63 52 49 50 50 59 50 51 48 51 44 35 48 53 44 60 37 45 55 19 47 36 55 46 51 46 56 44 43 27 42 43 58 42 48 26 45 29 52 47 44 63 39 39 48 24 24 52 37 62 50 54 40 32 50 59 60 49 141 0.06 12 
134 233 464 40 34 43 38 43 35 44 31 38 48 42 39 47 40 37 43 39 39 38 38 42 40 46 35 42 40 40 34 44 37 32 39 32 35 34 38 36 40 34 31 30 41 31 37 36 46 40 39 38 31 45 38 36 43 41 28 45 40 37 47 35 36 35 41 39 42 28 35 39 48 36 80 0.06 12 
135 22 114 75 73 76 75 76 75 75 74 74 74 73 73 77 71 73 74 76 78 73 76 74 72 76 74 72 72 72 75 75 70 70 74 72 76 76 78 72 74 77 76 73 75 72 74 77 71 76 75 79 71 77 77 73 73 74 75 77 72 74 73 76 75 79 73 75 74 75 75 71 77 73 150 0.06 12 
136 172 225 234 82 75 77 79 78 80 79 78 77 79 77 78 70 75 80 80 79 82 81 71 82 75 75 70 80 83 79 77 79 77 76 74 77 72 81 78 78 77 78 77 75 85 78 79 85 84 78 77 75 77 69 77 74 78 79 78 72 77 79 74 84 73 71 78 73 71 77 69 77 71 312 0.06 12 
137 214 260 42 19 17 30 35 11 20 12 11 18 25 16 23 18 23 26 14 28 21 21 37 22 11 15 16 19 20 14 22 13 10 27 24 12 4 14 19 19 32 23 23 28 31 16 18 22 20 23 22 28 15 33 36 21 19 14 15 31 32 9 13 27 16 34 19 5 19 23 23 17 20 63 0.09 18 
138 486 346 72 69 74 64 66 64 82 75 74 70 74 68 69 81 71 67 72 82 74 73 75 78 72 76 72 72 73 65 69 83 80 74 64 74 77 73 68 65 74 78 81 70 72 62 68 65 76 59 73 70 71 89 76 78 74 57 65 62 60 74 76 69 66 65 81 69 70 64 64 77 79 144 0.02 4 
139 126 361 186 84 99 90 71 88 73 101 88 94 96 89 96 95 95 88 98 74 98 89 102 96 107 93 96 95 100 81 96 98 81 94 91 102 80 110 92 86 113 97 97 85 87 85 93 89 104 85 91 90 93 98 80 86 94 90 84 93 90 88 97 97 96 79 106 110 115 99 108 101 78 279 0.04 8 
140 256 454 62 60 57 48 71 54 67 64 66 55 59 67 55 58 57 61 59 47 56 67 69 53 70 60 61 63 48 76 61 62 73 67 61 62 57 70 70 68 43 61 60 66 64 60 58 57 52 56 65 52 57 65 66 59 62 61 62 58 37 60 46 55 58 58 67 64 75 81 58 61 56 124 0.03 6 
141 22 204 159 67 35 56 47 53 53 53 50 58 43 58 56 46 57 40 55 44 45 46 47 44 46 55 43 45 48 55 52 51 56 51 55 52 55 47 49 48 57 46 45 61 37 53 57 50 57 54 53 65 48 41 53 66 48 66 61 42 62 53 50 55 39 49 51 61 64 52 53 43 54 212 0.06 12 
142 415 492 19 0 21 29 0 17 20 35 25 27 13 37 7 21 20 18 22 16 19 0 22 26 26 15 12 11 19 27 10 15 33 23 29 21 16 20 18 23 6 31 21 9 3 0 17 0 15 29 14 15 62 29 13 15 16 18 8 19 12 30 14 27 22 9 19 25 17 8 2 23 34 38 0.09 18 
143 500 39 90 21 31 39 30 33 32 16 31 45 20 37 45 28 28 20 52 38 27 22 44 31 34 29 15 21 32 26 18 5 22 13 11 28 41 33 35 29 33 48 39 19 16 21 44 31 30 41 32 27 36 32 25 30 16 25 15 18 31 14 42 42 24 20 36 43 42 33 17 43 31 120 0.08 16 
144 93 349 23 13 17 18 37 33 27 22 16 19 42 11 16 34 22 35 30 33 30 11 29 22 22 24 31 32 24 16 20 22 38 14 32 18 0 24 32 16 33 11 21 37 17 25 19 4 34 26 26 28 20 28 37 14 20 10 27 37 15 21 8 29 23 27 24 21 22 23 24 14 19 46 0.02 4 
145 25 22 45 22 2 12 15 11 5 21 17 0 28 19 12 2 25 17 16 15 20 7 24 13 12 9 11 10 8 0 32 24 16 0 9 29 11 32 20 26 29 22 18 3 15 11 12 30 37 21 22 26 10 27 4 18 18 18 7 8 7 4 21 22 10 28 22 9 17 17 22 21 16 60 0.04 8 
146 444 365 273 88 94 89 89 82 86 93 89 96 89 91 93 90 92 87 94 95 89 94 91 92 92 91 89 92 87 91 87 90 83 94 87 87 93 89 88 90 93 85 89 87 90 89 90 89 88 97 89 90 88 91 92 88 90 91 94 90 95 85 89 88 91 90 93 93 89 93 89 88 89 364 0.03 6 
147 175 78 36 38 41 40 35 36 35 33 40 27 47 35 46 26 31 31 37 52 44 38 35 27 32 38 25 43 25 36 27 33 36 32 46 37 37 33 33 35 33 35 42 37 35 35 28 43 35 31 34 41 44 35 41 32 39 41 33 29 38 27 29 44 28 36 28 39 41 47 32 43 41 72 0.03 6 
148 13 272 89 91 90 98 92 94 96 87 85 88 94 78 94 95 87 92 90 103 92 100 86 81 95 88 101 91 88 96 100 90 91 106 79 82 90 89 84 87 89 79 78 95 88 86 83 92 89 86 89 83 82 92 96 88 92 77 78 92 81 77 82 95 98 97 74 87 83 96 90 84 96 178 0.04 8 
149 498 489 114 66 46 47 55 59 64 65 65 56 58 58 58 53 46 62 64 49 62 43 65 38 55 49 57 56 59 54 50 53 52 49 50 64 55 61 47 32 52 58 54 61 59 48 63 53 66 43 56 64 63 60 68 50 60 60 70 58 61 55 68 61 49 64 63 49 63 59 63 51 61 171 0.09 18 
150 164 161 106 39 46 47 44 44 40 70 66 49 62 54 51 36 50 33 44 50 42 46 54 50 55 43 53 54 57 45 60 44 45 56 41 50 58 46 54 66 36 53 53 48 65 46 46 38 51 67 44 44 43 55 42 56 71 38 56 49 51 48 53 48 34 56 49 65 41 55 76 43 62 159 0.07 14 
151 213 89 84 31 35 44 54 35 43 38 29 44 49 33 47 64 43 51 48 48 39 42 44 34 38 34 32 39 38 32 61 43 31 47 55 30 48 45 38 51 47 41 31 50 32 34 51 31 46 25 30 34 50 40 44 49 27 37 36 37 41 25 41 25 32 49 45 43 61 44 41 48 45 126 0.03 6 
152 74 228 49 46 47 53 49 49 46 44 40 49 50 53 49 48 50 55 48 54 48 50 47 44 51 49 50 51 47 51 49 46 56 45 47 47 43 47 52 44 46 48 43 44 44 52 51 48 46 41 49 47 50 52 44 53 40 44 47 48 53 45 51 50 51 48 44 53 49 46 48 46 48 98 0.07 14 
153 126 124 114 45 32 32 37 50 32 37 29 35 57 51 37 45 48 35 38 22 37 35 33 42 34 39 34 32 44 40 18 37 45 43 51 39 43 48 36 45 26 26 31 41 35 30 37 40 38 39 25 31 42 37 38 28 40 40 44 30 40 31 32 27 30 39 35 24 29 30 41 40 41 152 0.07 14 
154 296 428 91 83 94 99 87 83 99 96 77 93 103 92 106 82 90 82 99 76 78 82 96 108 77 96 85 76 89 86 93 90 94 89 98 87 90 70 105 87 88 76 100 100 91 107 75 81 103 108 73 95 103 101 84 69 81 86 96 85 88 82 88 96 77 105 88 94 96 79 97 78 89 182 0.05 10 
155 132 387 51 26 20 11 19 4 16 8 13 35 25 17 14 16 28 28 6 22 19 10 27 16 13 16 11 21 9 7 22 20 0 20 12 16 15 14 4 7 30 29 15 13 30 4 25 26 19 25 26 9 0 11 4 16 0 12 28 16 16 6 37 8 6 13 15 7 12 22 13 10 17 68 0.06 12 
156 453 409 30 17 8 8 7 7 11 1 18 17 10 3 1 4 10 7 6 10 18 11 0 16 12 7 5 3 0 13 9 7 12 10 14 7 10 0 16 3 7 7 0 14 4 16 5 8 12 5 0 12 6 10 7 15 8 12 0 10 1 6 2 23 3 7 14 1 16 17 10 2 8 40 0.05 10 
157 336 472 34 31 33 29 34 34 35 36 31 35 31 33 35 33 36 36 37 30 30 31 33 33 28 37 36 34 38 36 36 33 32 39 31 30 37 38 31 37 32 35 33 26 34 35 33 31 32 36 33 28 37 35 37 36 32 29 35 35 40 32 30 28 30 33 41 30 31 29 36 33 30 68 0.06 12 
158 162 274 231 75 75 68 76 77 75 73 73 78 79 82 71 75 87 69 84 84 74 68 82 76 72 80 87 71 68 71 78 83 72 77 77 75 71 65 68 79 90 74 86 78 78 79 74 73 77 79 75 83 84 77 80 80 73 76 78 78 75 79 72 79 81 82 81 73 82 73 74 77 80 308 0.03 6 
159 10 70 168 83 72 82 80 80 88 83 97 76 86 74 91 75 72 83 74 75 79 83 93 92 77 75 85 80 71 95 87 80 87 81 92 91 71 67 80 86 85 95 77 80 92 84 93 81 88 80 94 73 92 88 104 84 93 90 79 87 86 92 82 79 86 76 91 80 69 70 84 91 79 252 0.04 8 
160 346 287 160 86 76 79 77 80 78 78 76 74 78 86 83 83 76 78 82 78 76 78 76 84 78 80 80 79 83 81 80 76 75 78 78 79 79 81 77 81 76 82 78 83 83 81 77 75 87 84 84 79 77 82 83 73 82 78 73 81 82 73 82 80 78 78 80 75 81 79 78 79 79 240 0.09 18 
161 52 459 67 67 65 73 72 68 62 66 71 68 61 72 73 63 66 69 61 66 66 66 71 72 64 69 68 66 65 68 69 63 68 65 67 67 60 70 65 75 71 68 67 63 65 69 68 66 65 66 66 72 65 67 61 68 67 70 71 69 70 66 66 62 68 62 66 64 66 62 68 67 59 134 0.08 16 
162 198 151 194 97 84 86 98 93 93 95 114 106 85 89 95 81 102 98 102 99 101 85 85 103 100 88 104 88 95 88 105 109 90 96 76 102 104 92 95 82 101 96 105 101 95 96 96 102 87 94 108 99 85 98 105 94 100 86 90 85 78 103 95 108 100 86 88 96 103 89 98 96 107 291 0.07 14 
163 139 406 192 67 64 64 62 62 63 68 61 64 59 62 61 57 62 68 62 67 60 63 62 63 64 62 67 68 66 62 62 66 59 60 63 65 63 63 61 71 65 62 63 65 62 68 65 63 64 67 63 66 56 56 64 61 62 60 60 63 64 58 63 60 62 64 65 69 62 62 59 64 64 256 0.09 18 
164 476 104 117 40 38 29 25 43 60 52 46 38 56 38 39 54 39 28 28 26 58 38 38 47 43 37 57 29 39 38 57 32 20 34 31 40 38 56 40 47 33 30 21 33 46 63 47 33 24 31 35 28 45 21 34 45 53 26 39 22 29 52 59 43 41 34 37 29 57 46 44 46 25 156 0.08 16 
165 359 481 50 31 45 47 46 59 57 39 58 52 41 55 59 54 52 61 47 50 32 47 47 38 58 53 52 47 35 70 36 61 36 55 61 51 41 51 41 46 54 48 38 60 45 50 58 61 72 40 63 50 54 61 50 45 49 48 32 35 55 51 38 59 42 43 65 53 49 50 54 62 45 100 0.07 14 
166 178 485 92 106 93 96 91 84 89 86 98 92 98 89 101 85 95 90 100 89 79 89 80 81 95 100 92 84 103 96 86 88 84 91 92 88 92 78 87 95 93 98 91 96 79 82 102 74 78 89 86 95 88 101 96 94 98 92 83 92 83 95 96 80 102 90 98 95 89 99 87 85 77 184 0.06 12 
167 113 14 297 97 95 95 103 102 95 99 105 99 94 97 100 98 92 105 101 97 96 96 97 95 101 93 100 96 103 102 96 96 94 94 97 93 93 98 102 99 98 101 100 98 99 91 95 99 99 97 98 100 102 97 101 94 99 99 99 99 99 98 102 94 97 97 96 102 105 102 96 102 105 396 0.02 4 
168 167 332 54 46 57 62 56 61 55 48 67 53 63 58 57 59 54 47 57 55 54 42 52 53 47 58 48 56 56 59 54 49 44 59 47 49 57 54 54 67 55 56 55 47 44 48 60 54 56 53 55 52 49 46 51 54 47 48 52 53 49 53 59 52 46 53 57 70 54 48 61 55 50 108 0.02 4 
169 460 55 70 43 29 31 34 36 33 40 34 34 35 35 31 34 33 34 32 33 36 36 37 31 32 42 31 39 30 31 34 40 37 34 34 36 32 37 41 35 28 37 42 35 33 38 34 33 30 36 33 39 33 34 41 34 36 30 40 33 30 38 31 39 29 28 38 37 37 31 35 30 39 105 0.06 12 
170 78 285 60 21 17 27 21 27 17 21 24 16 19 15 22 24 25 24 16 13 18 17 14 33 5 21 15 20 17 16 20 27 25 29 7 16 20 4 26 23 0 35 19 30 27 27 15 4 33 20 8 5 2 6 27 23 12 21 18 9 29 24 21 26 7 23 15 18 4 0 22 19 14 80 0.09 18 
171 283 162 65 57 76 55 61 62 54 72 70 76 68 70 65 71 70 57 68 64 57 76 74 65 63 72 66 51 74 79 59 68 55 74 61 66 63 68 68 68 57 68 66 69 74 60 66 70 54 61 64 60 70 69 60 59 54 67 71 62 64 75 65 66 64 58 60 61 66 68 60 69 66 130 0.09 18 
172 144 160 39 26 30 32 41 39 28 32 41 63 46 50 52 42 31 48 41 41 47 36 36 48 42 35 23 26 40 35 29 48 45 31 47 43 25 42 35 49 35 54 33 47 26 38 43 29 38 39 30 36 39 46 31 42 33 42 17 45 47 35 41 35 32 48 35 38 40 24 22 34 38 78 0.02 4 
173 242 401 249 73 95 84 85 88 70 81 91 83 84 91 82 75 93 92 73 60 81 76 88 82 87 85 78 81 83 86 72 89 90 75 85 66 76 91 74 82 84 92 68 86 86 93 92 90 83 82 89 84 87 67 89 79 81 96 94 86 85 90 79 81 76 83 63 85 75 96 88 87 92 332 0.02 4 
174 352 246 88 94 84 81 89 86 95 90 85 95 82 90 90 97 86 76 87 92 82 92 90 86 90 93 91 99 82 88 90 82 80 89 90 74 80 91 95 95 85 92 92 88 87 95 93 97 81 80 95 89 80 85 90 84 87 94 88 83 87 95 95 93 94 87 88 79 85 89 87 75 86 176 0.07 14 
175 460 59 148 63 84 67 76 67 72 80 74 87 63 79 74 82 67 62 75 86 84 72 78 58 80 67 84 86 72 56 45 96 73 75 91 84 102 52 69 79 80 85 82 79 67 80 68 74 78 76 53 87 58 66 77 75 88 62 79 86 79 73 63 71 53 73 83 83 76 64 54 57 74 222 0.06 12 
176 497 396 204 66 72 67 68 64 66 68 68 66 67 71 66 70 67 68 64 63 69 68 70 67 67 64 66 66 64 69 65 68 65 66 67 65 65 69 64 65 65 68 66 69 70 68 72 68 67 66 66 65 64 69 69 65 68 67 66 67 66 68 66 66 66 69 68 67 68 65 67 71 65 272 0.06 12 
177 361 264 60 30 31 29 32 32 28 33 30 32 31 31 29 32 32 29 30 28 32 28 25 36 30 33 31 23 30 30 32 22 30 30 26 34 24 33 31 27 25 22 30 33 27 29 28 32 27 29 27 27 32 31 28 30 28 27 28 27 32 26 33 29 30 34 32 32 24 28 31 32 25 90 0.09 18 
178 452 402 20 21 9 16 0 15 9 11 11 20 7 10 0 14 14 2 24 7 9 12 7 2 0 1 18 15 27 12 0 0 7 1 0 0 6 16 5 11 5 21 0 24 11 9 15 0 0 2 0 5 17 31 9 0 6 2 11 15 0 36 21 4 3 5 33 11 17 12 7 18 13 30 0.03 6 
179 13 114 92 44 47 42 48 46 41 46 45 52 42 49 50 44 41 42 44 42 50 48 46 39 43 49 45 43 46 48 42 50 44 46 42 47 48 47 45 46 48 39 42 53 49 48 42 47 46 44 44 44 46 45 48 45 44 45 45 44 46 46 41 44 44 42 38 48 52 45 46 42 43 138 0.03 6 
180 344 16 152 74 77 82 66 87 70 76 73 69 76 79 82 85 73 60 84 72 68 73 79 77 84 80 64 72 83 72 71 83 80 87 64 74 81 71 68 68 68 74 71 90 75 72 75 81 77 78 74 72 73 84 73 83 72 84 79 78 76 76 81 77 78 73 74 75 60 61 73 59 76 228 0.02 4 
181 154 393 44 37 8 14 5 32 16 14 14 43 30 32 25 25 27 23 27 11 20 31 15 33 3 27 25 27 17 28 25 8 17 18 13 27 47 20 20 10 14 18 13 16 18 46 29 40 14 8 49 18 24 27 19 9 46 21 14 25 20 12 20 10 11 0 18 19 8 21 26 14 15 66 0.09 18 
182 66 272 150 45 45 52 53 56 53 50 56 50 55 56 47 49 49 41 45 54 48 44 43 54 59 57 54 57 48 50 53 49 59 57 49 49 46 48 48 53 54 45 43 42 48 44 49 49 51 55 53 50 48 47 45 60 43 47 43 54 49 43 46 60 42 41 48 54 55 53 50 48 47 200 0.05 10 
183 479 444 44 54 39 56 48 51 40 49 42 47 46 47 50 42 44 35 59 40 41 51 41 43 47 45 44 42 45 40 47 43 42 42 47 51 46 45 50 40 37 49 43 43 40 42 43 39 48 39 43 50 46 46 51 49 41 51 51 37 47 43 42 45 48 44 55 45 52 45 41 36 44 88 0.06 12 
184 107 182 32 16 29 24 30 34 39 30 26 29 42 25 27 40 29 46 51 28 32 39 26 34 32 35 29 34 34 31 41 19 32 36 34 19 38 32 27 26 25 20 45 35 26 19 27 31 32 40 38 28 30 50 18 35 28 42 39 24 25 19 39 24 51 27 38 57 22 32 24 22 24 64 0.06 12 
185 40 218 42 15 10 18 11 12 11 14 11 11 15 11 16 11 11 16 15 10 13 14 15 17 11 13 9 17 14 15 9 12 14 17 14 12 12 16 17 15 15 17 15 13 12 14 15 15 12 12 11 15 9 12 16 17 14 11 14 15 15 15 6 13 16 19 12 11 12 11 11 7 9 56 0.02 4 
186 405 280 23 19 23 24 20 25 23 20 23 20 27 22 20 20 21 27 25 25 26 23 23 20 21 18 22 21 22 20 19 26 22 24 20 22 21 26 21 25 21 20 26 21 26 23 20 25 20 19 16 25 18 24 27 26 23 22 20 26 19 22 26 17 22 19 27 22 21 23 17 24 23 46 0.06 12 
187 371 275 74 75 85 78 70 62 79 78 71 74 79 71 77 63 75 61 73 71 73 76 67 74 81 79 77 63 87 65 79 77 86 66 84 73 76 75 80 61 75 68 69 67 66 74 74 72 69 73 67 73 71 85 67 69 76 69 77 71 81 67 68 84 83 69 76 77 75 68 66 66 71 148 0.09 18 
188 310 349 19 12 13 15 23 18 13 27 16 21 23 20 17 25 24 23 20 17 18 18 16 13 13 22 17 25 17 21 18 30 19 19 25 23 28 17 19 19 21 20 15 13 17 28 26 16 17 17 12 16 15 16 13 17 22 12 20 11 15 23 20 21 23 18 14 26 15 15 19 22 23 38 0.07 14 
189 448 478 93 106 91 84 102 82 96 96 76 113 114 92 77 93 104 86 102 92 74 98 86 100 91 103 88 102 96 97 88 89 99 86 90 91 106 79 82 93 95 87 82 90 86 87 88 98 99 89 94 101 94 91 85 106 84 90 85 83 104 88 94 87 100 104 84 74 109 105 98 88 85 186 0.07 14 
190 397 209 84 41 42 42 42 41 43 38 36 43 44 41 42 40 44 39 41 40 40 46 42 41 40 40 45 43 40 44 43 41 41 41 43 40 41 39 44 39 46 40 43 43 43 43 40 43 41 39 40 43 38 45 39 46 42 40 42 41 39 40 43 40 41 38 45 43 43 44 42 42 44 126 0.07 14 
191 397 230 88 32 40 52 41 39 40 39 39 38 46 45 51 41 41 41 38 41 40 54 43 48 48 39 51 47 49 43 36 49 45 47 49 44 41 37 40 55 52 44 41 52 34 53 46 60 48 50 44 51 40 37 54 46 48 41 49 42 48 43 47 38 38 36 47 44 43 43 49 39 37 132 0.04 8 
192 276 21 96 100 103 96 114 88 99 92 99 89 80 84 88 102 84 83 77 94 92 94 109 105 99 95 97 82 100 98 88 83 104 80 104 109 114 98 97 90 102 91 90 113 85 87 91 96 97 96 82 104 101 93 86 85 107 92 97 97 86 94 99 87 87 83 96 99 85 96 96 97 92 192 0.02 4 
193 416 257 86 83 81 91 98 79 85 90 87 83 84 83 88 83 91 93 85 74 96 73 82 72 101 82 69 87 92 76 86 96 82 82 89 98 82 79 89 82 79 80 79 95 84 86 90 97 74 76 80 83 87 73 93 93 89 90 83 75 99 91 92 83 83 87 86 86 85 91 83 86 90 172 0.07 14 
194 257 305 31 32 29 21 34 31 31 36 34 37 30 30 32 31 35 31 32 27 29 29 32 33 26 35 32 34 31 32 31 31 28 25 33 23 30 34 29 30 33 30 28 29 32 21 27 29 31 31 27 23 28 30 26 35 29 33 38 31 32 27 31 30 32 30 31 31 36 32 32 30 30 62 0.09 18 
195 74 106 69 32 26 11 25 24 16 22 39 23 28 24 33 13 29 26 22 14 10 14 29 28 19 24 28 9 18 22 20 17 33 26 29 27 6 31 20 20 6 17 13 17 31 23 21 36 30 25 17 37 29 29 23 16 17 20 30 31 26 24 24 12 19 20 16 18 6 12 31 9 23 92 0.08 16 
196 196 35 138 46 43 45 42 48 40 44 46 45 47 44 44 45 40 44 42 47 44 44 46 50 46 40 51 39 51 44 44 48 41 47 44 40 49 41 43 46 46 51 41 44 45 47 48 45 49 49 46 42 44 44 46 48 45 43 49 45 44 46 47 49 46 44 42 50 39 43 47 47 48 184 0.03 6 
197 56 326 54 50 47 58 49 53 55 59 57 55 53 53 53 49 55 57 54 56 58 55 49 52 52 52 49 53 55 55 59 57 50 52 52 50 51 62 55 55 53 55 53 49 53 45 54 59 57 57 50 54 62 61 56 61 53 48 50 55 54 57 50 53 51 58 53 55 50 53 55 55 52 108 0.08 16 
198 439 90 72 41 34 43 39 31 13 41 42 28 24 49 46 32 45 32 37 26 36 19 24 51 47 15 22 47 31 34 36 39 24 31 58 20 32 58 51 41 44 47 36 20 49 43 31 38 32 39 28 50 25 44 30 42 28 41 30 37 31 26 34 34 24 30 48 38 25 29 36 29 29 108 0.05 10 
199 151 48 102 36 34 37 21 41 38 32 33 32 28 27 30 31 36 37 9 43 21 26 33 29 31 31 23 44 32 15 35 17 42 36 38 33 21 38 33 35 27 35 36 52 34 17 31 39 38 25 24 31 48 10 26 29 35 35 27 28 30 28 38 31 17 38 25 36 31 42 28 12 26 136 0.05 10 
200 312 482 32 20 18 15 24 8 15 0 16 21 16 21 14 25 0 14 33 14 12 8 7 6 19 25 6 13 22 20 33 21 0 5 23 26 26 12 16 18 8 17 7 35 15 25 23 11 26 13 22 18 16 11 14 24 13 14 9 20 9 22 13 30 16 12 25 20 23 15 7 20 16 48 0.02 4 
