200 20 16077
0 173 197 31293 26184 26189 26212 26207 26191 26176 26200 26204 26220 26206 26191 26190 26195 26172 26198 26194 26209 26200 26198 26209 0.01
1 448 17 36 14 19 20 16 16 20 17 18 23 18 13 20 20 18 20 18 16 19 18 18 22 19 16 21 13 17 17 18 21 15 21 17 15 16 15 17 19 21 17 20 18 18 18 15 17 17 15 18 20 18 17 18 21 20 16 13 20 18 14 18 16 16 17 17 17 15 21 20 21 17 54 0.08 16 
2 449 27 22 10 17 5 8 9 4 7 10 18 14 15 14 19 8 11 19 6 15 1 14 22 11 13 10 18 13 4 16 10 9 11 7 6 8 11 16 16 17 12 9 10 9 13 11 9 14 9 18 9 14 11 9 10 8 0 13 16 8 10 6 9 13 9 10 14 10 7 20 14 9 33 0.02 4 
3 340 67 110 54 56 52 53 54 52 53 59 55 53 52 52 59 55 54 65 58 57 55 54 49 63 60 49 50 60 58 58 52 54 53 52 50 55 50 48 44 52 55 50 61 61 52 57 53 54 50 57 59 59 58 57 51 55 51 54 60 66 58 64 55 54 53 50 45 53 62 55 55 50 165 0.07 14 
4 273 19 198 53 62 63 64 58 73 62 74 58 55 70 57 64 60 73 67 63 63 66 71 72 65 61 62 74 62 65 54 69 79 53 70 75 74 72 72 61 69 65 69 72 82 59 70 68 59 61 54 63 73 62 59 57 67 68 72 81 69 60 73 66 63 79 73 60 68 69 77 59 76 264 0.02 4 
5 444 166 20 21 19 20 24 21 21 26 16 4 12 6 24 25 5 13 18 17 28 13 10 24 25 7 25 19 22 15 22 18 25 23 18 15 26 17 27 21 30 20 22 21 17 19 27 15 17 33 15 25 22 29 23 32 14 19 18 32 17 19 20 15 22 16 14 22 20 21 18 14 2 40 0.04 8 
6 281 173 158 76 79 80 78 78 76 70 77 82 73 79 84 75 78 65 81 78 76 87 73 79 84 75 85 82 73 73 77 79 85 81 72 84 78 89 86 74 80 75 84 73 84 73 71 78 80 74 84 82 75 74 68 76 83 76 84 76 80 82 77 75 75 81 84 73 83 75 75 76 77 237 0.02 4 
7 427 174 204 80 73 62 66 67 65 69 72 61 73 72 62 67 77 54 56 58 67 60 63 79 69 70 55 68 70 78 73 72 63 61 69 77 79 68 61 61 76 87 59 70 73 76 99 70 72 59 78 72 67 65 65 56 76 52 65 58 67 60 64 62 63 65 73 66 81 61 64 75 53 272 0.08 16 
8 494 192 23 31 14 37 21 25 23 28 15 18 21 39 12 23 49 43 16 30 15 16 18 29 30 23 26 32 23 20 26 20 15 10 17 28 22 10 37 19 19 19 15 3 21 20 31 31 20 34 15 21 21 32 23 28 26 21 6 16 25 10 29 22 26 10 21 23 23 35 27 31 20 46 0.06 12 
9 80 281 58 24 34 20 27 28 35 18 24 30 28 34 22 23 35 20 26 31 22 26 25 31 26 38 26 38 36 32 31 31 36 31 29 27 24 24 23 28 36 25 22 26 24 33 29 17 27 39 20 21 32 21 22 22 33 27 30 29 35 30 33 28 28 30 35 26 27 41 33 21 33 87 0.05 10 
10 45 304 84 37 23 34 21 19 30 28 28 24 23 25 27 28 25 25 24 6 21 26 22 32 38 22 25 14 30 37 27 28 34 28 29 34 26 35 37 35 30 23 34 19 34 24 20 24 26 39 24 32 31 31 31 24 28 21 27 22 20 33 36 4 24 15 31 29 28 18 29 32 26 112 0.05 10 
11 388 304 54 12 29 27 33 33 11 21 31 27 8 27 26 12 33 18 44 20 25 32 27 26 23 23 15 36 24 17 23 28 23 47 7 36 30 23 29 17 2 33 20 23 34 15 17 27 21 10 27 30 13 34 18 4 41 19 16 27 39 0 30 30 33 29 32 5 41 27 19 34 23 81 0.03 6 
12 498 29 81 15 22 22 27 35 26 36 31 27 22 29 27 17 23 20 32 20 24 33 23 18 26 25 34 22 19 20 42 25 21 30 18 33 24 21 29 23 25 37 20 12 26 32 28 21 19 29 29 27 30 24 33 19 35 20 33 28 37 24 29 27 20 24 31 27 38 32 35 23 30 108 0.09 18 
13 400 179 285 116 72 91 98 107 103 111 103 89 111 95 88 101 111 97 108 94 98 112 100 92 83 100 98 103 99 92 80 75 100 105 93 89 95 84 102 102 88 91 100 87 96 84 114 103 102 98 94 92 88 99 107 90 85 104 100 101 110 114 109 86 102 100 88 98 91 100 85 98 98 380 0.04 8 
14 36 56 53 51 60 56 61 48 54 58 55 57 49 53 58 42 46 49 57 42 55 51 44 55 57 56 53 47 54 44 59 47 47 50 57 59 52 55 54 52 56 42 62 46 53 63 57 55 60 56 38 51 55 71 40 57 44 54 55 55 41 56 55 49 47 59 49 50 54 50 44 55 49 106 0.05 10 
15 94 369 170 84 81 87 94 84 84 85 86 92 87 84 96 83 86 84 84 80 76 81 87 86 83 87 84 78 89 85 86 83 80 90 87 81 86 89 81 89 91 82 78 91 81 80 84 79 82 84 80 85 84 92 85 84 83 91 81 87 84 83 89 87 83 87 79 82 88 87 91 80 75 255 0.03 6 
16 273 337 120 44 46 43 35 40 38 45 31 41 30 41 47 39 41 46 35 35 35 37 32 37 34 37 45 41 43 35 26 39 33 42 31 47 34 45 37 42 56 47 45 38 30 40 39 44 43 37 41 35 37 41 43 30 40 35 36 30 43 33 41 48 41 39 35 35 28 38 38 39 40 160 0.05 10 
17 372 100 20 26 15 24 14 11 21 33 8 25 26 19 15 30 18 12 25 26 19 19 21 25 31 27 11 34 0 25 19 41 6 33 11 36 14 36 20 13 13 27 38 19 15 9 3 2 32 1 26 16 14 25 13 24 21 23 21 22 14 16 19 30 7 16 10 33 22 18 14 13 31 40 0.06 12 
18 248 497 189 66 65 66 58 65 48 56 59 71 57 60 61 61 57 53 53 80 68 83 57 81 50 49 65 66 65 80 69 75 45 53 71 66 69 60 76 49 61 63 73 69 50 66 66 63 58 68 65 55 67 57 55 79 76 61 63 62 64 55 69 62 62 71 73 62 57 66 58 64 55 252 0.08 16 
19 281 481 108 55 48 53 46 59 54 52 48 60 56 48 54 56 56 59 64 48 55 51 49 44 57 60 46 53 53 52 49 49 46 55 61 53 49 61 60 57 52 44 48 48 54 48 52 52 55 53 50 58 50 48 51 46 58 50 67 52 54 51 43 56 60 68 61 57 57 49 46 51 52 162 0.08 16 
20 185 462 45 0 28 19 16 4 7 11 10 7 5 20 19 18 14 16 29 14 25 29 12 8 5 17 18 15 12 13 5 25 15 21 18 14 17 13 21 19 0 8 26 12 7 15 16 33 19 24 9 8 26 12 13 19 11 23 2 12 4 11 18 17 12 6 17 21 27 5 15 19 0 60 0.02 4 
21 421 133 112 46 59 61 70 59 50 63 58 60 61 63 54 49 48 53 65 55 42 64 52 58 51 56 67 52 52 60 48 45 67 52 36 54 55 51 65 53 54 40 48 55 50 60 47 54 38 62 43 57 47 51 59 55 53 60 43 51 53 65 47 53 55 49 54 57 60 54 48 50 56 168 0.03 6 
22 8 424 64 59 59 69 55 60 65 60 69 68 61 61 67 64 68 70 64 59 55 63 63 59 70 63 59 67 63 69 68 55 70 61 65 67 60 59 64 50 66 65 62 75 72 53 65 70 65 67 59 61 60 63 60 68 56 65 60 60 54 57 54 64 57 67 66 67 58 65 72 61 71 128 0.02 4 
23 404 201 78 83 75 74 76 80 77 76 77 76 79 75 79 78 75 75 81 84 75 77 79 72 79 79 83 75 84 81 79 77 74 77 82 77 78 82 76 81 79 77 77 77 76 80 84 75 76 80 83 79 81 77 80 78 79 72 74 77 75 73 78 70 83 74 79 73 78 75 78 75 74 156 0.03 6 
24 193 175 50 50 51 48 48 48 53 48 54 53 48 55 52 47 47 51 49 55 53 46 53 49 45 46 57 45 48 46 48 50 48 50 53 47 49 49 53 50 52 46 53 53 53 53 59 52 46 46 55 45 50 43 51 47 49 51 45 48 54 45 48 51 50 60 50 46 56 45 49 49 47 100 0.04 8 
25 121 436 147 48 44 50 50 55 51 49 46 48 45 42 43 48 47 50 53 50 56 43 51 48 48 50 45 46 46 49 53 53 50 50 50 54 41 50 41 55 42 47 47 43 48 44 47 46 51 43 50 53 42 51 49 52 52 52 46 46 46 49 44 46 43 47 51 51 49 48 50 49 42 196 0.08 16 
26 431 456 146 68 62 74 80 88 67 77 81 71 67 68 76 68 65 70 68 96 61 61 79 67 75 78 54 69 65 63 80 64 72 57 64 54 87 50 78 75 74 75 66 74 70 73 73 82 63 67 64 62 65 69 65 88 77 83 42 74 82 83 80 85 63 63 66 78 77 65 64 76 80 219 0.08 16 
27 372 416 32 41 24 28 39 34 38 18 18 38 15 35 43 17 39 36 38 29 27 36 35 28 44 29 38 43 43 32 29 40 55 35 40 38 25 10 22 39 37 53 37 32 17 34 48 46 46 26 40 40 28 42 29 35 33 50 23 44 27 33 34 25 46 23 36 33 24 31 45 44 15 64 0.04 8 
28 322 169 66 29 42 27 30 21 35 27 29 44 33 49 37 34 41 31 35 23 42 29 32 28 28 36 31 32 34 21 42 29 35 39 39 37 37 43 40 26 31 26 38 26 34 12 31 21 36 32 37 46 32 26 32 30 42 43 33 20 36 29 32 33 38 28 38 51 38 29 46 28 36 99 0.05 10 
29 16 158 22 11 0 15 17 30 9 10 12 10 8 7 15 21 13 0 17 18 14 14 20 0 5 3 0 11 3 27 8 17 2 7 5 13 9 6 30 12 0 0 1 16 20 4 15 20 5 17 8 6 26 0 14 19 28 9 4 18 20 14 16 17 1 9 15 12 8 0 0 4 7 33 0.02 4 
30 70 438 164 75 78 97 107 82 86 69 86 89 84 91 92 91 83 94 86 81 82 80 72 67 75 71 73 71 87 80 78 69 74 85 83 78 91 78 78 87 90 90 92 71 95 75 78 95 69 87 83 87 80 68 64 84 77 92 84 81 69 83 87 81 78 81 78 98 76 81 73 73 76 246 0.03 6 
31 184 27 46 33 51 40 48 47 58 31 45 37 44 41 64 38 49 48 51 53 47 52 32 55 42 55 49 49 24 42 35 53 30 56 40 35 55 66 42 46 42 44 49 43 46 57 45 47 56 56 48 36 43 54 45 57 39 43 44 40 43 43 46 37 58 66 50 55 47 42 38 40 33 92 0.03 6 
32 170 410 162 78 80 81 84 80 80 83 81 80 80 80 79 80 81 81 81 81 77 80 82 80 81 81 80 84 82 81 80 78 85 80 81 83 84 76 80 80 80 81 80 80 79 82 82 78 82 79 82 80 80 84 77 79 81 82 83 80 82 81 82 83 81 80 83 78 81 80 81 85 79 243 0.05 10 
33 186 417 23 17 23 21 22 21 20 27 21 26 22 35 18 30 24 23 21 22 27 22 21 23 22 28 20 18 27 20 20 19 24 20 17 22 19 19 14 20 28 20 22 23 20 14 22 26 21 19 25 25 18 17 21 22 29 17 23 29 21 18 24 23 17 25 20 26 20 16 24 27 24 46 0.04 8 
34 360 310 70 35 38 41 38 38 37 31 35 33 38 39 42 34 38 29 39 40 34 41 40 34 35 35 30 36 42 37 28 32 38 28 41 30 35 37 30 30 31 29 28 37 36 42 37 34 27 37 31 33 32 34 38 37 29 40 32 30 28 34 39 48 35 38 36 34 35 29 37 37 33 105 0.09 18 
35 330 112 41 50 40 40 44 43 33 47 57 45 43 44 30 35 30 50 41 54 46 39 45 44 26 47 38 37 39 40 37 40 27 45 38 37 43 34 44 42 40 41 46 35 64 36 37 45 49 31 43 36 25 44 32 33 39 47 55 41 35 45 48 45 43 36 35 35 41 47 40 43 30 82 0.09 18 
36 47 374 174 51 61 59 48 52 60 61 55 64 63 60 53 55 59 63 53 60 60 48 58 58 60 56 62 61 49 64 61 62 65 69 58 61 59 64 79 60 46 57 68 62 57 52 61 58 61 61 49 58 56 63 64 55 59 59 60 61 59 57 63 46 56 64 60 59 53 60 57 56 64 232 0.04 8 
37 295 220 222 79 64 82 77 76 75 55 68 78 67 75 75 82 75 72 70 60 76 81 72 72 76 73 73 76 61 77 74 81 59 67 83 77 67 70 75 73 77 63 71 68 73 70 65 74 85 78 61 77 74 72 64 68 84 87 78 80 74 61 79 85 72 71 74 81 78 79 77 58 68 296 0.06 12 
38 396 370 64 78 72 58 47 73 64 51 59 57 67 78 62 80 52 52 72 65 59 72 70 76 62 55 68 71 74 65 55 59 63 78 69 67 68 56 58 78 52 49 79 71 72 60 66 41 68 76 68 57 60 66 65 73 69 65 61 40 83 73 66 92 82 71 58 73 59 46 80 68 58 128 0.08 16 
39 109 306 194 109 94 118 110 97 99 90 100 89 90 108 101 74 106 80 104 85 83 96 101 94 88 102 85 86 93 105 88 88 90 86 105 102 92 86 105 99 89 96 99 105 95 79 87 93 91 95 116 94 106 107 108 88 92 79 108 94 100 104 93 109 91 91 100 100 92 114 96 94 101 291 0.04 8 
40 119 98 68 70 69 69 69 56 69 76 65 68 67 68 64 61 66 72 62 64 62 71 75 68 61 71 72 67 62 65 62 75 65 63 62 68 63 68 75 70 61 68 71 67 70 68 70 58 60 71 53 72 61 62 68 63 72 65 70 72 72 64 71 74 62 63 66 71 68 67 73 71 60 136 0.09 18 
41 71 16 138 43 45 48 50 44 46 46 45 43 47 43 48 45 45 45 47 46 44 46 44 46 42 48 48 50 46 46 43 47 42 48 44 43 47 46 45 43 44 46 45 44 44 44 45 40 49 46 44 47 51 45 43 44 45 48 45 42 47 43 43 48 42 46 45 45 42 47 47 48 48 184 0.07 14 
42 113 392 96 33 33 28 32 31 32 29 30 28 31 32 33 31 31 32 34 29 30 29 30 33 30 32 33 34 31 31 30 30 33 33 30 30 31 35 29 32 33 30 32 32 31 30 32 31 30 29 37 32 29 30 33 30 33 29 27 32 33 34 29 33 32 27 30 32 32 31 32 29 29 128 0.05 10 
43 466 225 36 48 45 44 31 33 36 24 28 37 43 40 47 34 36 39 42 38 32 45 40 30 49 38 34 32 32 45 37 28 28 36 31 20 38 34 26 30 32 40 32 36 44 42 31 40 52 22 38 33 37 29 25 39 37 45 37 37 31 32 26 45 48 35 33 38 43 44 32 30 30 72 0.04 8 
44 132 402 96 23 30 31 37 32 29 37 22 31 38 31 35 35 32 32 31 33 20 27 28 34 39 28 34 24 27 37 35 35 37 40 24 35 16 46 46 32 24 43 38 36 32 30 33 40 22 36 36 31 33 35 28 37 36 24 34 34 29 26 33 39 27 29 39 26 31 33 35 26 30 128 0.08 16 
45 365 192 23 28 17 23 9 22 25 31 21 22 19 22 34 30 21 22 19 30 25 31 20 23 23 18 25 16 26 25 26 13 14 29 17 25 22 31 27 21 22 20 27 19 25 30 30 19 24 15 26 28 27 24 16 22 17 18 24 18 17 32 20 30 21 22 23 22 31 16 23 27 25 46 0.04 8 
46 315 446 120 60 51 56 56 55 55 63 60 67 57 61 60 61 56 54 65 56 56 63 36 60 58 60 56 51 55 51 59 59 71 74 47 48 71 60 62 60 59 75 65 61 59 68 60 49 58 61 63 71 63 62 50 49 62 68 42 55 69 57 65 62 61 53 76 63 64 65 50 60 43 180 0.02 4 
47 371 328 154 81 79 85 85 77 83 80 69 78 81 77 74 70 74 78 75 82 79 73 78 75 74 74 78 72 77 79 80 78 77 75 75 77 76 70 68 79 74 80 79 77 82 72 78 81 72 84 79 79 81 79 77 78 80 75 73 76 75 75 77 76 72 74 80 82 74 79 74 74 78 231 0.07 14 
48 302 109 29 31 24 38 10 15 40 24 19 29 39 28 25 12 10 36 20 23 14 40 35 36 25 52 30 44 16 31 36 46 49 37 45 20 25 12 40 28 54 26 10 21 39 28 27 11 30 35 24 41 33 29 30 38 17 35 29 23 29 39 31 30 33 29 35 23 10 30 23 32 33 58 0.03 6 
49 479 97 63 54 60 64 74 58 61 68 69 56 70 57 72 63 67 56 51 56 73 64 69 65 65 59 61 68 57 62 70 59 70 70 57 69 74 57 63 76 51 57 54 60 62 73 60 57 65 71 60 60 60 64 58 72 66 52 64 60 62 58 60 72 55 67 62 69 69 62 61 55 57 126 0.04 8 
50 457 394 192 71 68 60 61 60 66 53 65 73 72 66 54 65 72 55 55 72 67 54 64 71 67 66 65 67 60 62 69 73 73 68 57 61 76 59 60 64 70 68 60 68 65 55 71 79 73 70 64 68 62 70 56 67 61 54 61 66 65 64 64 61 72 73 61 61 62 74 61 47 59 256 0.02 4 
51 79 16 186 60 76 60 65 70 62 67 71 63 61 52 67 57 69 64 62 56 51 62 73 57 69 59 46 68 51 66 57 51 64 70 55 64 62 64 59 62 52 61 72 62 67 71 47 69 59 75 61 63 63 72 57 50 69 57 45 57 65 76 61 59 76 53 39 75 50 54 67 74 52 248 0.09 18 
52 459 208 95 91 94 94 96 92 97 95 98 97 93 92 92 92 94 94 95 95 95 92 94 94 96 93 95 93 98 93 95 94 94 96 94 93 96 93 96 92 97 96 93 96 95 95 94 94 92 94 93 96 95 91 92 95 91 95 92 93 91 92 92 94 95 93 92 92 97 97 95 93 92 190 0.07 14 
53 21 401 85 77 78 80 85 83 85 82 82 86 83 78 88 82 89 85 82 82 83 89 92 86 82 89 85 86 92 86 82 83 94 72 84 83 84 80 81 85 83 84 83 90 81 96 82 85 84 79 87 90 82 82 78 85 74 84 81 88 78 89 90 89 83 89 80 75 81 86 78 89 90 170 0.02 4 
54 68 204 79 79 68 73 75 79 68 74 71 83 84 84 85 81 83 81 80 90 84 77 75 77 78 79 77 77 75 79 84 87 79 78 70 80 80 74 86 87 76 75 77 83 78 78 71 78 71 81 84 74 76 92 76 85 71 73 79 79 84 82 77 76 82 72 72 79 86 79 83 86 67 158 0.08 16 
55 49 77 66 53 69 74 71 74 58 66 66 76 59 69 63 63 65 58 66 67 73 72 65 69 58 55 72 64 63 64 64 75 66 64 64 67 66 70 61 72 63 69 68 64 71 66 66 59 68 57 68 59 76 76 72 65 61 68 60 73 61 72 64 61 64 69 70 65 61 73 58 69 66 132 0.09 18 
56 346 342 52 21 28 25 27 30 28 28 22 24 26 30 27 26 26 23 26 27 23 33 26 28 30 24 21 26 29 26 23 24 24 26 24 22 31 26 23 20 28 21 25 23 23 23 29 29 30 28 21 23 30 25 21 25 24 31 21 27 28 25 25 25 22 26 25 24 21 27 22 26 29 78 0.06 12 
57 498 443 50 40 36 16 22 17 23 17 35 16 24 19 20 6 25 17 21 13 17 23 33 5 23 24 35 32 22 30 23 21 27 37 11 27 23 20 27 16 23 20 16 29 19 39 33 38 18 25 31 22 30 32 16 52 23 15 28 23 33 27 21 22 22 18 7 25 28 49 22 33 17 75 0.07 14 
58 173 468 64 56 68 51 58 61 66 59 56 67 62 64 69 62 59 77 63 71 68 62 61 67 66 53 68 65 60 67 61 62 63 58 71 51 66 58 69 55 77 67 64 59 60 67 59 55 67 67 59 58 61 63 65 61 69 72 59 56 59 66 60 73 64 55 60 70 66 76 59 55 53 128 0.08 16 
59 31 480 130 70 68 68 67 64 57 64 65 64 65 65 60 63 64 64 62 66 65 62 66 65 58 68 59 69 63 64 68 61 62 64 60 68 57 62 65 70 70 69 68 71 55 57 62 60 62 68 64 69 62 61 68 62 66 60 61 63 63 63 66 67 77 68 59 68 61 67 63 60 66 195 0.06 12 
60 366 108 182 75 95 73 94 84 91 89 100 86 82 99 91 97 90 90 91 108 91 82 89 90 73 85 84 84 90 91 91 87 83 85 82 106 87 89 86 86 103 91 100 100 105 98 97 93 92 90 93 86 91 88 83 96 102 100 83 102 78 81 104 87 78 91 82 86 86 82 79 109 97 273 0.06 12 
61 433 427 32 16 17 23 2 20 27 24 16 16 14 22 2 19 31 16 10 18 24 20 23 0 13 14 8 17 12 17 2 14 14 17 23 25 26 11 14 17 13 13 14 15 21 18 8 29 11 22 16 12 13 5 12 32 20 0 13 4 21 22 25 1 24 20 31 28 32 12 13 18 13 48 0.05 10 
62 454 22 68 58 58 71 75 68 64 77 68 70 66 70 68 70 69 69 71 86 71 71 63 63 53 70 64 83 70 55 54 57 84 73 77 70 63 66 70 85 61 60 84 68 58 84 68 58 66 64 74 60 68 60 61 59 64 69 87 60 80 73 72 82 68 57 79 69 90 72 68 63 60 136 0.04 8 
63 56 61 65 70 66 84 59 69 75 71 58 51 72 64 73 59 67 63 50 58 62 60 62 61 57 57 64 65 42 67 63 60 48 65 67 73 52 68 67 65 64 63 67 57 67 70 69 64 53 61 71 64 64 56 72 74 66 72 66 71 49 64 67 61 68 71 63 82 72 61 73 70 56 130 0.02 4 
64 244 437 154 61 64 89 80 94 74 69 51 53 66 83 87 65 65 96 71 81 62 76 90 67 76 76 63 72 83 86 81 73 55 80 80 87 92 83 83 82 87 78 73 87 73 77 93 67 63 80 76 80 76 64 71 80 66 73 63 71 75 85 79 76 79 80 81 83 60 82 75 89 76 231 0.07 14 
65 280 437 70 75 68 77 71 67 65 76 80 76 58 68 81 62 80 70 60 54 72 74 90 86 69 75 76 76 74 74 78 68 66 56 67 73 70 72 68 75 59 78 64 71 57 64 82 75 73 62 61 67 70 67 65 86 49 53 54 63 55 70 66 69 74 67 70 76 67 71 64 57 72 140 0.03 6 
66 431 40 49 45 45 49 49 50 54 48 45 47 43 46 51 40 48 49 43 54 42 46 45 51 44 49 49 51 44 46 47 49 53 52 44 47 55 52 47 50 53 54 52 54 46 49 49 52 52 50 49 51 47 46 48 46 48 50 51 48 46 54 46 55 51 51 49 41 46 53 46 48 42 98 0.07 14 
67 466 11 180 90 93 88 92 91 88 90 88 87 91 88 84 81 89 93 82 87 87 94 97 89 82 85 89 85 97 91 84 83 91 86 78 91 93 91 91 93 83 93 87 89 82 93 87 93 83 84 91 88 81 95 90 85 87 86 85 91 93 88 90 97 82 96 86 93 93 89 95 98 87 270 0.09 18 
68 149 21 108 37 33 23 42 26 23 39 33 36 29 33 37 34 33 34 34 40 41 40 39 38 40 31 36 31 37 47 46 48 37 29 29 26 35 27 35 46 32 45 28 42 40 32 40 33 35 39 38 36 46 24 37 28 51 30 30 30 30 37 30 27 40 40 34 37 43 37 31 23 41 144 0.09 18 
69 218 278 222 74 74 74 74 69 71 75 75 70 73 74 70 77 75 71 74 74 73 72 72 71 75 74 73 69 73 77 72 73 74 71 72 73 71 73 74 72 73 74 74 70 76 77 72 76 73 76 73 69 71 72 75 72 71 76 74 75 76 76 71 72 70 69 74 73 75 75 76 76 74 296 0.06 12 
70 327 111 40 30 15 22 20 21 17 9 32 22 38 13 16 28 17 16 6 14 23 21 7 17 24 6 26 12 16 29 20 27 10 26 33 22 21 40 13 9 17 22 7 22 22 26 24 28 23 13 24 10 17 11 2 3 13 19 11 8 15 20 13 24 25 15 28 16 22 11 24 22 14 60 0.09 18 
71 7 42 120 43 38 45 38 40 36 39 47 48 38 38 31 37 36 45 41 32 39 47 48 40 36 42 38 45 38 33 48 40 37 42 41 43 41 40 38 44 41 40 46 48 36 40 38 39 37 36 35 44 36 42 39 42 37 42 43 39 42 42 38 39 40 41 38 43 42 43 42 40 43 160 0.04 8 
72 175 302 210 71 70 70 70 68 70 68 68 68 71 65 73 70 69 70 68 71 71 68 68 70 71 70 68 68 65 69 66 69 66 70 68 71 66 72 72 69 70 71 70 70 71 73 72 70 70 70 69 71 68 71 71 70 70 69 67 72 68 70 68 71 69 68 71 68 69 73 70 70 68 280 0.08 16 
73 441 73 258 84 85 83 85 84 87 84 84 90 84 85 87 83 85 83 84 84 86 84 88 84 82 87 88 84 87 88 87 87 86 82 84 86 87 84 85 84 85 87 87 84 83 86 85 85 84 84 84 86 87 86 86 86 85 87 86 84 85 85 85 86 91 85 85 82 80 84 85 88 84 344 0.02 4 
74 350 240 45 16 11 18 15 25 16 22 20 18 19 6 13 12 9 13 10 8 17 20 21 8 10 15 6 24 11 2 13 20 14 16 16 23 14 14 4 20 18 17 13 15 10 22 19 11 10 5 11 11 23 14 14 11 25 2 6 11 15 20 19 15 17 0 19 8 17 16 13 11 14 60 0.05 10 
75 302 406 12 34 16 4 0 14 9 27 0 2 14 7 31 13 13 24 9 11 8 8 0 4 15 1 18 18 4 4 4 8 22 10 8 19 21 10 6 2 16 4 18 0 15 0 18 11 31 17 26 0 28 0 22 18 16 3 28 2 8 20 23 0 0 19 20 1 17 9 0 17 16 24 0.09 18 
76 125 44 200 100 104 94 96 98 103 88 96 96 103 105 101 102 96 100 96 95 95 95 102 95 106 99 99 101 93 101 97 98 102 93 99 103 98 105 96 102 102 106 98 98 94 102 99 96 103 97 99 98 105 102 105 103 95 102 95 94 103 97 98 93 99 101 95 103 107 99 100 98 98 300 0.07 14 
77 417 184 147 42 44 45 38 47 50 37 50 53 50 64 58 37 55 65 49 56 54 57 40 44 50 43 51 51 43 60 39 40 59 48 59 46 62 50 58 58 45 43 63 52 48 33 46 40 53 53 61 47 50 52 46 43 47 53 40 60 54 53 53 47 52 45 57 42 48 57 56 56 52 196 0.07 14 
78 11 345 282 102 101 89 87 86 95 93 95 104 86 78 105 96 103 96 95 86 78 86 115 90 88 91 95 98 115 101 105 99 94 82 111 98 89 96 78 103 79 105 94 92 92 92 84 98 102 86 88 89 98 97 95 85 84 111 110 105 107 84 91 88 82 85 97 91 101 90 79 108 104 376 0.04 8 
79 403 459 249 81 81 80 88 83 80 79 82 83 89 79 93 78 85 81 76 88 87 83 82 85 80 74 83 78 77 82 87 86 89 81 83 80 82 82 80 92 77 91 85 90 84 76 71 79 82 84 84 86 82 84 75 86 84 84 81 88 87 79 89 88 88 88 85 88 75 86 82 82 83 332 0.07 14 
80 299 170 47 47 50 46 45 47 46 47 50 51 45 50 49 50 45 48 44 44 49 45 44 47 48 46 46 52 48 49 46 45 45 45 45 48 47 45 43 47 49 48 49 47 47 43 43 46 47 48 48 48 44 47 45 47 45 48 51 46 49 41 48 45 45 44 49 45 44 47 47 50 47 94 0.06 12 
81 55 400 82 86 85 73 74 70 76 80 91 93 79 84 69 74 95 89 76 75 85 88 76 75 70 71 89 83 91 75 71 76 67 85 77 84 79 74 80 102 73 87 82 76 73 90 75 93 80 74 96 75 85 85 82 75 79 90 85 79 99 87 87 73 81 84 86 84 75 81 89 84 66 164 0.02 4 
82 446 473 17 19 14 15 17 13 17 17 13 18 15 19 13 15 14 19 14 18 20 16 16 17 16 16 18 22 14 17 20 14 20 13 11 15 20 18 12 23 15 16 19 16 16 22 18 17 19 13 15 17 13 16 18 16 14 14 16 14 18 16 15 20 14 13 17 18 16 12 15 18 18 34 0.08 16 
83 201 105 68 72 76 67 71 65 59 67 65 68 69 70 64 69 65 69 69 65 72 69 68 66 57 74 60 71 72 67 66 60 66 66 68 72 65 64 65 65 65 67 65 64 70 66 63 61 63 68 67 70 69 75 71 66 67 61 64 63 62 65 65 60 72 70 76 61 65 60 60 76 69 136 0.04 8 
84 457 130 198 96 92 95 93 111 105 90 92 110 96 103 111 103 106 100 111 108 103 92 94 98 96 99 100 92 99 94 102 89 97 93 98 102 103 97 100 95 99 103 92 102 98 94 105 94 102 96 106 84 95 102 98 110 94 88 105 92 99 100 98 92 94 100 107 96 105 97 97 102 96 297 0.06 12 
85 119 395 135 44 41 42 47 44 44 47 47 43 44 43 48 41 45 42 47 42 47 46 36 48 40 44 45 42 50 43 43 41 45 39 45 49 40 42 46 47 45 42 46 42 42 46 47 43 45 44 45 50 39 41 48 41 44 47 41 48 43 49 43 43 47 43 45 44 47 46 45 46 42 180 0.09 18 
86 260 147 82 94 86 84 84 78 79 79 83 76 71 80 77 69 69 85 68 72 86 74 83 61 82 79 59 78 68 81 65 87 90 82 94 80 84 74 90 89 85 83 80 65 79 81 88 80 88 79 104 81 85 78 81 96 69 88 69 84 74 79 70 94 89 81 69 83 71 68 71 90 80 164 0.06 12 
87 478 311 75 27 24 32 22 3 34 34 26 43 17 36 29 35 33 22 23 26 26 14 35 32 38 10 25 31 18 21 37 14 10 32 14 36 31 33 23 33 25 26 47 23 33 26 30 26 15 43 26 20 17 26 29 22 29 31 24 26 22 15 25 1 14 16 30 12 28 36 36 15 24 100 0.03 6 
88 322 494 98 99 103 100 100 93 99 94 113 91 92 106 98 94 106 104 118 83 102 88 93 104 94 111 91 97 96 119 83 91 101 92 101 97 84 99 97 101 88 93 114 90 93 91 91 100 102 103 96 112 107 104 74 93 128 93 93 110 93 85 100 93 93 102 78 84 104 113 94 95 92 196 0.08 16 
89 407 199 26 28 26 28 33 23 27 26 25 30 23 23 25 26 27 25 26 28 28 25 27 26 29 27 26 30 28 24 28 32 24 29 26 23 27 20 24 25 24 29 24 22 22 26 22 28 30 28 21 26 28 24 21 26 23 27 25 26 29 26 26 20 23 28 27 31 27 22 26 22 24 52 0.03 6 
90 408 340 68 82 70 70 76 76 69 70 75 70 72 58 69 61 54 64 67 69 64 71 66 61 65 77 69 70 64 81 73 73 76 67 70 82 67 64 80 58 69 77 75 76 59 64 65 64 76 80 64 65 68 60 66 66 76 68 72 66 73 77 59 68 71 71 73 70 71 69 65 62 74 136 0.03 6 
91 83 321 18 12 22 40 13 4 13 9 30 6 26 22 22 23 10 12 17 16 22 17 14 12 7 35 27 23 27 19 26 17 20 38 15 15 18 7 19 21 22 22 22 8 19 22 20 29 21 11 29 13 3 7 15 15 27 11 21 20 16 10 11 26 23 4 17 11 14 18 12 19 11 36 0.03 6 
92 495 388 21 23 20 12 20 24 19 20 17 18 21 22 29 17 20 12 16 15 18 23 16 20 18 16 21 22 16 18 21 17 27 18 14 23 19 18 21 15 23 18 19 23 23 21 20 23 17 26 17 18 23 14 27 21 15 16 18 17 31 12 21 22 17 26 19 17 23 25 22 27 25 42 0.05 10 
93 133 244 174 82 85 93 95 94 78 84 83 81 99 81 82 75 88 78 87 95 85 76 94 89 94 77 100 76 78 85 75 89 90 76 86 93 98 99 84 86 89 86 81 85 83 84 81 80 73 83 81 89 77 103 89 85 99 79 86 78 94 93 72 98 90 75 84 75 87 78 83 83 92 261 0.08 16 
94 406 284 297 104 104 83 90 93 104 106 84 83 108 98 81 93 108 96 125 97 100 94 103 115 104 96 99 108 106 96 118 91 99 100 96 108 96 88 101 108 115 79 118 81 94 103 96 98 122 110 115 98 93 102 96 96 89 101 100 99 100 91 82 88 115 106 109 100 97 101 99 98 104 396 0.04 8 
95 434 143 222 85 81 77 65 70 78 84 63 65 74 77 79 66 60 81 77 77 74 70 78 85 76 80 79 70 82 64 70 74 80 70 79 77 81 73 69 78 67 80 77 68 77 80 77 74 75 68 61 89 75 75 76 66 73 74 73 74 79 79 76 77 72 71 75 72 74 77 81 78 73 296 0.04 8 
96 321 466 282 95 85 95 92 93 88 95 95 96 88 95 94 92 90 88 94 96 90 97 90 91 96 96 98 93 92 90 92 91 95 91 91 94 92 98 87 94 89 98 95 91 95 93 93 91 97 88 96 100 95 91 93 92 92 96 98 91 96 89 91 94 92 97 94 95 96 91 94 92 88 376 0.04 8 
97 234 427 64 60 66 63 68 62 64 64 63 60 60 61 64 65 62 67 61 65 59 64 64 60 62 73 60 61 61 61 64 66 59 67 59 67 64 64 64 62 67 61 73 59 65 68 63 64 65 64 65 64 65 65 65 63 64 62 64 70 73 66 59 58 62 64 64 62 60 62 66 64 63 128 0.08 16 
98 332 341 34 17 3 6 8 0 47 10 12 24 10 6 27 19 16 11 25 5 20 24 19 10 27 12 13 15 18 13 1 18 11 3 36 20 12 18 16 6 16 9 21 2 23 30 17 10 29 11 28 14 14 16 2 10 19 9 14 31 1 17 27 14 16 14 18 34 20 31 12 33 1 51 0.05 10 
99 311 262 57 12 18 13 23 20 18 22 27 23 18 21 19 12 16 19 10 21 17 23 26 21 23 15 16 11 22 13 22 17 14 17 24 16 14 25 22 23 13 13 22 21 20 18 18 16 14 20 17 14 20 22 12 21 12 18 20 16 17 22 18 22 19 22 21 21 8 9 24 15 12 76 0.03 6 
100 489 146 22 8 13 13 18 9 11 16 16 4 18 7 0 10 7 7 11 8 13 14 7 8 2 12 21 15 13 7 9 16 16 10 14 15 16 12 9 18 17 7 13 16 10 13 10 10 8 12 12 17 8 20 11 7 14 17 10 6 9 14 6 9 18 12 15 0 10 11 7 8 11 33 0.03 6 
101 203 185 56 31 26 29 22 27 29 32 27 26 25 29 25 21 27 22 29 26 29 31 24 37 25 31 28 33 28 34 35 27 31 27 22 25 27 25 29 29 28 24 24 29 25 27 25 28 29 30 23 23 31 27 24 27 27 28 29 29 25 32 29 26 28 21 26 30 31 28 27 34 32 84 0.08 16 
102 433 187 72 21 33 35 10 26 37 15 15 19 25 25 30 29 17 13 20 14 15 20 39 37 30 32 38 11 38 36 30 28 0 28 25 16 24 24 33 23 18 9 15 14 21 25 30 26 19 33 44 20 19 18 36 17 18 5 29 43 25 41 27 39 15 12 13 20 34 29 10 13 10 96 0.06 12 
103 55 234 41 36 39 43 40 46 45 41 43 41 42 46 37 40 44 40 40 42 43 39 41 40 39 39 41 43 41 40 47 38 39 41 45 41 37 41 41 43 45 37 40 43 37 40 42 46 42 41 38 37 39 44 39 41 37 46 45 38 44 38 40 42 43 39 39 37 44 44 40 43 44 82 0.03 6 
104 37 417 96 91 86 109 101 93 86 115 105 103 83 102 90 89 100 122 95 88 98 85 85 107 86 91 105 105 102 93 96 91 87 96 103 98 91 116 105 97 97 92 95 84 104 88 94 108 72 103 102 97 120 109 96 84 94 106 112 86 81 86 98 104 104 97 102 93 77 90 84 86 94 192 0.04 8 
105 6 112 86 42 41 43 44 44 44 43 45 44 41 45 44 41 46 42 41 43 41 45 43 45 40 44 43 43 43 43 46 43 43 45 43 43 43 45 42 42 43 39 39 44 47 42 44 46 45 46 43 45 41 41 44 41 45 43 43 38 44 42 43 41 40 43 42 41 45 43 40 42 43 129 0.04 8 
106 204 303 56 27 24 42 28 36 33 28 24 23 19 14 32 29 14 23 24 23 19 30 37 34 31 24 23 36 43 21 25 37 20 23 40 27 25 30 29 25 15 25 37 20 25 33 35 41 29 32 30 24 28 32 20 19 35 22 21 25 25 33 37 26 32 29 38 18 25 25 20 27 47 84 0.03 6 
107 347 231 150 69 74 64 69 66 78 74 73 77 64 82 64 72 79 68 73 74 72 70 74 72 75 88 81 81 63 71 70 67 76 86 74 66 72 68 61 81 76 70 75 90 78 71 75 71 77 62 76 84 85 87 68 89 86 67 79 80 87 73 68 67 85 67 61 71 69 76 81 74 75 225 0.08 16 
108 8 463 195 65 65 69 65 62 63 63 66 65 61 62 64 66 65 69 65 59 64 59 68 67 64 66 63 62 66 67 63 67 61 63 68 67 66 60 66 62 62 66 60 67 61 65 65 65 63 64 69 67 64 60 63 67 63 65 66 61 67 59 61 68 66 63 64 63 66 62 64 66 65 260 0.02 4 
109 263 181 95 92 103 94 93 96 97 87 88 83 92 107 101 93 89 91 93 103 90 115 98 81 85 86 107 101 87 105 114 101 84 99 89 105 96 93 94 92 106 96 92 106 94 100 112 86 103 91 103 91 95 102 87 85 97 84 85 86 84 91 103 93 87 89 99 90 107 111 98 108 89 190 0.07 14 
110 423 48 176 99 86 92 93 77 85 92 96 102 81 86 84 90 86 93 96 90 101 88 89 104 98 94 89 87 86 94 87 91 66 100 91 85 97 94 78 82 95 86 92 92 94 82 102 83 87 83 101 81 84 92 100 82 86 100 83 84 94 86 75 91 91 96 89 110 80 96 90 89 91 264 0.08 16 
111 241 51 68 70 68 67 68 66 67 68 64 70 70 70 67 65 68 68 68 70 68 67 70 67 66 69 65 68 64 65 68 69 71 67 71 71 69 71 67 70 65 65 66 68 66 63 68 68 67 64 65 67 67 69 69 68 68 68 69 66 70 66 69 70 69 64 67 68 69 67 70 68 68 136 0.03 6 
112 145 27 192 60 67 66 65 62 64 64 63 61 70 61 64 60 58 65 58 60 56 60 66 66 61 63 76 69 63 64 67 63 64 63 63 65 73 68 59 54 64 61 68 63 67 69 65 71 70 83 60 64 61 67 71 64 63 70 63 61 50 60 70 58 67 65 55 69 57 56 49 61 62 256 0.09 18 
113 45 108 120 53 33 31 38 43 39 19 48 30 40 33 38 37 48 27 43 37 35 42 47 45 49 33 41 35 41 58 27 37 42 39 47 35 35 42 31 52 51 49 49 54 46 31 45 53 47 40 43 46 53 42 42 36 40 47 29 33 40 38 28 40 50 34 44 27 44 33 39 25 36 160 0.09 18 
114 474 61 267 91 94 86 96 89 83 91 90 87 89 86 90 93 92 94 89 93 96 91 91 94 90 89 86 90 87 84 83 88 83 76 92 81 95 85 83 89 83 87 86 90 78 91 84 82 91 92 88 96 82 89 85 98 89 75 88 94 92 89 95 84 89 86 90 91 85 80 91 85 87 356 0.05 10 
115 404 76 195 63 61 65 60 70 63 56 66 62 65 69 71 62 61 70 67 71 63 70 72 66 62 64 67 68 61 65 63 69 60 65 63 59 59 72 63 58 75 62 65 59 66 65 66 57 64 59 70 65 64 66 64 66 61 61 63 63 72 61 63 66 63 62 64 57 58 62 68 62 68 260 0.02 4 
116 43 5 128 67 67 54 59 74 57 73 65 66 77 62 67 56 69 65 65 63 63 63 62 64 55 72 65 63 61 67 66 62 67 60 60 59 68 62 59 71 70 59 66 60 74 59 63 65 70 61 61 62 65 72 71 69 53 60 69 62 65 59 66 71 64 63 69 63 65 61 75 62 66 192 0.02 4 
117 331 62 34 23 33 31 48 42 35 41 41 32 29 28 16 32 39 30 35 35 38 26 22 21 22 47 28 33 30 37 40 16 33 25 17 25 34 37 39 38 42 41 31 39 31 33 41 32 29 35 27 29 34 43 21 32 41 46 31 37 13 37 26 28 36 51 42 32 29 43 43 33 38 68 0.04 8 
118 87 272 75 25 25 22 15 27 13 28 29 32 23 29 19 15 27 35 37 26 16 19 26 22 32 24 28 26 27 25 21 27 23 28 30 28 23 25 31 21 27 21 28 33 13 28 23 23 31 34 26 19 38 30 20 30 25 26 24 23 32 24 26 31 18 31 28 31 26 18 21 26 16 100 0.04 8 
119 330 270 152 76 72 71 78 77 70 67 77 83 67 74 82 79 78 73 76 74 73 74 72 77 75 80 80 66 75 70 78 76 71 78 72 82 67 84 79 78 81 79 78 66 75 73 69 75 74 81 84 69 62 72 80 73 67 71 78 85 71 79 75 69 70 84 79 76 73 82 82 73 76 228 0.06 12 
120 359 39 97 102 106 105 99 93 98 88 95 99 93 100 104 83 103 90 93 92 82 98 84 99 84 94 88 81 111 93 85 106 91 103 84 92 90 93 101 97 95 82 87 97 87 98 85 111 101 115 103 93 85 104 97 97 93 100 93 86 99 96 93 82 88 106 101 104 106 99 98 96 88 194 0.07 14 
121 332 188 30 25 22 12 15 24 12 17 22 15 11 9 13 13 19 21 6 19 21 8 8 14 15 16 14 12 0 7 14 17 16 8 11 18 22 14 17 15 28 14 17 18 9 13 13 3 15 10 16 18 18 16 12 12 13 31 16 13 17 2 7 1 22 21 18 19 6 16 22 4 19 45 0.04 8 
122 132 132 72 78 71 71 72 71 74 72 70 71 72 72 68 73 71 69 73 73 70 70 67 70 69 67 72 71 73 67 78 71 72 72 74 72 72 72 65 73 74 69 69 73 68 75 71 70 76 76 74 72 72 72 69 72 77 72 70 72 75 73 69 73 63 73 73 71 68 71 68 75 73 144 0.06 12 
123 159 179 32 36 35 26 32 34 32 35 28 30 20 27 30 31 40 28 22 41 35 33 39 33 32 35 26 33 34 26 31 33 26 26 40 34 32 33 32 28 23 26 28 27 36 29 34 26 30 32 32 32 28 28 24 31 24 29 40 29 21 23 23 32 25 27 33 32 37 28 31 37 34 64 0.09 18 
124 442 105 69 29 27 28 23 17 21 20 17 17 30 25 19 15 27 21 29 18 23 33 25 25 19 18 22 27 20 24 20 22 30 20 26 23 20 26 14 22 21 21 24 17 20 13 27 21 21 19 27 35 26 7 16 19 19 24 24 31 17 27 25 17 29 24 26 20 31 33 22 27 26 92 0.08 16 
125 26 67 184 90 87 90 93 88 90 86 90 91 94 93 92 83 95 85 95 90 85 88 94 93 97 97 93 87 93 97 93 96 89 99 94 88 84 92 87 86 95 91 96 93 90 90 93 96 96 89 89 95 90 88 87 96 93 83 101 98 87 90 91 78 90 91 93 88 95 93 82 97 92 276 0.06 12 
126 330 280 60 31 42 34 24 2 27 33 31 19 33 40 37 39 30 29 18 40 24 39 10 34 46 29 45 20 43 8 35 47 31 30 22 29 40 28 28 38 26 25 24 15 31 21 23 19 4 23 9 14 32 45 12 34 27 29 17 10 13 21 22 46 24 25 30 24 35 34 20 44 24 90 0.03 6 
127 357 8 32 30 31 34 21 15 39 50 30 27 29 36 44 39 23 37 42 34 39 31 18 36 48 27 30 39 22 23 34 34 38 38 37 40 19 21 26 33 24 24 32 28 33 22 35 37 34 37 26 35 35 39 31 36 39 36 36 23 40 36 35 38 25 41 34 28 41 38 35 29 24 64 0.03 6 
128 344 443 122 61 56 69 70 57 57 65 55 64 62 56 74 58 60 53 57 65 64 61 63 56 73 78 52 55 58 68 62 60 52 56 74 64 65 75 57 69 61 56 59 59 60 58 59 58 66 58 67 67 70 44 51 66 66 59 60 63 51 56 68 64 50 64 56 62 64 52 58 63 75 183 0.09 18 
129 356 421 158 84 79 82 68 62 91 85 88 63 72 77 85 81 81 87 89 84 79 83 73 79 75 79 68 80 84 76 76 89 73 62 70 91 84 76 74 76 73 69 82 78 82 100 87 69 76 82 77 67 78 81 71 69 79 75 63 73 78 67 72 86 96 60 77 76 75 83 75 87 82 237 0.09 18 
130 310 236 57 53 57 59 51 59 57 55 58 56 54 56 58 52 55 58 56 57 56 56 58 55 56 62 57 60 56 53 57 57 58 58 58 56 55 59 57 56 56 58 55 57 56 52 58 56 56 56 56 54 57 57 55 57 56 55 54 53 55 58 56 58 59 54 58 53 57 55 58 58 55 114 0.05 10 
131 252 287 41 47 45 46 30 58 53 45 41 49 44 32 48 50 49 28 48 37 57 38 51 49 47 55 34 27 35 33 36 43 51 47 40 48 35 34 39 38 40 37 43 41 52 39 41 40 42 47 37 29 27 46 23 48 60 39 42 44 42 45 39 35 41 48 45 42 30 30 48 40 46 82 0.06 12 
132 498 411 90 48 48 48 46 47 44 37 47 41 43 46 47 44 46 46 44 45 46 42 49 42 45 46 41 46 37 45 45 42 46 45 45 43 45 49 44 42 45 41 43 46 42 40 45 45 43 47 42 46 45 42 43 40 47 43 42 48 44 44 41 44 42 45 44 48 44 47 42 39 44 135 0.07 14 
133 413 423 237 75 65 81 71 89 75 57 88 63 70 54 84 77 74 75 57 87 60 53 88 62 99 90 81 68 93 74 72 85 79 85 73 61 89 69 77 87 73 76 65 90 78 81 87 82 77 73 66 60 70 66 93 50 93 74 66 74 77 73 79 77 66 72 80 80 71 79 68 76 66 316 0.05 10 
134 358 108 57 22 7 25 13 17 9 23 20 27 26 20 16 17 21 29 21 19 21 21 17 17 18 19 21 18 28 17 27 15 15 8 22 18 23 18 20 18 19 15 17 3 16 16 18 22 11 20 21 20 20 19 17 16 25 16 15 25 14 18 19 19 14 16 13 19 18 22 14 10 15 76 0.02 4 
135 454 123 65 75 63 67 63 60 64 57 65 62 61 65 58 61 72 66 55 74 68 65 58 61 71 58 75 66 70 63 59 63 67 61 59 67 70 58 63 69 63 73 72 68 76 71 78 62 66 56 70 65 70 62 65 57 76 73 62 55 54 68 62 64 71 66 62 65 67 63 72 59 67 130 0.09 18 
136 135 72 44 25 16 11 31 14 16 34 28 28 25 30 20 9 15 28 18 14 17 56 9 38 7 12 17 29 11 18 36 24 13 32 18 29 29 11 13 22 26 31 16 18 19 40 21 29 13 29 36 22 38 17 19 20 32 16 7 26 37 12 25 32 34 17 39 21 28 22 34 16 16 66 0.03 6 
137 426 490 78 40 36 38 36 36 41 41 39 39 39 39 41 39 42 34 39 37 40 41 40 37 39 40 35 40 39 42 41 39 38 34 39 40 40 37 36 38 41 37 39 41 41 39 39 37 40 37 35 43 40 40 39 42 35 38 38 38 34 38 40 40 37 39 36 42 39 38 40 40 38 117 0.04 8 
138 149 309 180 90 86 85 90 92 89 90 84 91 89 90 87 93 92 92 92 90 93 88 89 87 91 88 86 91 87 88 91 86 92 88 89 89 91 84 85 90 87 91 89 91 87 92 91 91 90 90 91 88 89 88 91 91 88 91 94 92 91 91 93 92 86 91 89 90 88 90 94 89 88 270 0.05 10 
139 445 477 17 14 24 19 15 15 16 21 21 11 12 27 14 18 9 18 25 24 18 16 18 17 10 25 12 17 24 22 12 17 16 21 17 9 6 20 13 16 11 19 16 19 16 13 27 21 11 16 20 14 13 17 28 16 16 22 18 10 16 13 25 15 17 20 11 20 13 22 16 15 10 34 0.06 12 
140 12 180 141 45 45 51 48 47 48 48 41 46 51 43 46 49 47 44 51 45 48 47 46 47 49 47 47 49 46 48 47 48 44 44 48 44 47 47 45 46 49 47 45 51 44 49 47 45 46 43 45 45 47 46 46 43 50 44 44 46 46 48 44 47 46 46 45 48 46 51 48 48 45 188 0.06 12 
141 404 335 23 28 21 25 28 20 22 25 25 22 26 30 23 18 13 14 24 29 20 29 24 26 25 27 19 17 24 20 13 23 21 23 24 20 16 28 23 26 20 29 23 25 19 25 21 21 28 17 27 27 25 20 15 26 25 25 20 25 25 26 27 23 30 22 20 9 23 24 22 18 34 46 0.04 8 
142 347 93 46 51 50 47 45 37 42 48 52 41 45 50 42 46 41 50 36 51 51 41 44 50 41 38 40 50 52 41 51 47 57 50 45 50 44 44 45 43 52 44 51 45 38 43 43 46 35 47 49 38 44 53 46 43 42 46 54 49 39 48 38 52 41 50 39 41 41 45 45 45 38 92 0.03 6 
143 185 387 141 49 53 44 56 47 51 46 41 42 36 46 47 40 52 49 44 40 45 49 45 40 50 41 50 45 41 43 52 46 44 43 49 48 51 42 40 44 40 55 46 45 46 47 48 42 57 49 44 51 41 41 54 48 49 36 45 45 52 51 48 43 45 54 49 46 54 49 50 52 53 188 0.06 12 
144 484 103 73 70 72 73 74 77 70 74 72 66 77 75 73 74 76 76 70 72 74 67 74 73 67 65 73 76 69 75 76 72 77 72 71 73 66 68 66 71 74 74 76 73 73 71 70 76 70 74 69 76 73 76 72 72 70 74 76 78 69 79 66 74 68 70 71 76 72 73 72 74 74 146 0.04 8 
145 286 230 70 32 31 37 38 31 37 31 29 30 38 34 25 33 38 33 32 28 33 25 30 38 37 21 29 29 40 34 37 36 23 34 39 36 34 38 35 34 31 23 32 35 35 28 33 32 28 33 35 34 27 31 29 32 30 33 36 37 33 38 31 37 36 39 40 39 32 38 32 34 35 105 0.07 14 
146 460 9 128 64 62 71 69 66 68 76 58 45 67 75 83 65 70 48 47 64 75 53 43 70 62 78 63 64 65 46 63 63 68 48 81 76 56 51 75 66 76 56 61 62 71 59 68 52 46 37 70 52 55 59 67 77 61 46 81 61 50 60 67 62 67 56 69 66 56 54 59 66 60 192 0.08 16 
147 114 496 96 48 47 47 50 44 50 47 43 49 58 45 49 34 55 51 43 51 43 52 43 56 53 49 49 51 47 41 51 48 48 45 53 46 52 50 53 44 48 44 42 50 55 53 49 49 58 55 47 47 39 52 50 42 47 50 49 35 43 42 41 51 48 54 49 42 46 55 50 46 46 144 0.08 16 
148 287 348 156 80 77 74 77 81 78 73 71 79 82 83 79 74 79 79 79 79 74 75 75 74 84 77 79 78 78 83 77 81 79 78 77 82 75 80 80 80 77 76 80 78 79 76 76 78 80 79 79 82 79 82 75 79 79 76 78 76 77 75 78 77 77 74 74 73 76 84 74 78 79 234 0.05 10 
149 367 271 282 97 90 109 86 93 84 94 90 81 109 79 89 86 102 85 108 116 78 123 84 101 103 97 104 91 80 92 86 94 98 102 91 88 100 100 105 103 98 77 88 105 85 85 81 92 93 90 82 115 96 100 89 104 89 92 98 102 93 84 111 93 105 100 83 109 86 70 91 96 95 376 0.06 12 
150 154 282 36 11 6 14 0 24 12 8 0 26 21 11 13 6 4 16 15 3 7 4 16 6 17 5 6 8 2 11 8 15 9 3 0 7 13 3 13 24 7 23 20 14 8 14 13 3 17 14 15 2 8 12 5 16 6 10 20 15 7 10 10 21 3 2 0 17 15 24 12 8 0 48 0.08 16 
151 232 419 36 12 25 0 17 3 28 0 19 16 10 10 15 11 14 6 16 28 18 10 10 19 20 6 5 18 1 27 13 12 2 16 9 7 15 5 0 9 21 15 15 4 27 15 18 3 3 10 14 7 33 17 24 17 14 17 10 16 5 9 1 16 10 15 15 11 9 10 14 17 15 48 0.05 10 
152 278 484 88 82 93 88 60 84 85 69 92 89 101 109 93 95 96 90 103 72 96 87 95 81 97 74 84 106 79 98 90 79 68 69 101 100 85 93 68 89 85 108 94 89 99 79 97 78 76 91 91 98 79 93 90 91 90 86 86 99 79 94 78 81 92 83 93 87 83 93 88 86 95 176 0.02 4 
153 489 323 36 42 42 35 24 30 29 38 43 39 37 26 34 20 40 35 38 31 36 31 28 49 44 25 41 35 44 41 29 30 38 30 41 40 29 41 44 32 20 27 8 48 52 31 41 56 28 41 31 25 31 24 38 36 48 51 45 39 35 46 29 58 36 34 46 51 42 40 36 35 45 72 0.02 4 
154 461 245 57 7 3 20 17 19 24 21 24 19 29 20 32 25 31 11 19 11 20 20 10 32 22 26 12 20 19 17 10 25 17 22 18 22 7 18 21 25 26 18 18 13 21 20 25 41 25 24 14 23 23 31 21 16 14 19 14 22 17 13 15 16 7 22 25 20 23 18 29 20 9 76 0.03 6 
155 467 246 69 25 20 19 29 20 22 28 24 22 6 28 20 21 16 34 26 19 25 27 23 17 30 30 17 12 25 21 20 21 25 22 20 24 31 24 17 33 32 14 25 12 21 16 22 35 17 38 21 25 17 23 23 15 25 12 19 16 19 29 35 21 29 28 31 21 26 28 24 27 27 92 0.03 6 
156 427 218 86 54 30 43 54 30 47 45 43 45 38 41 36 40 45 35 51 24 48 32 56 44 26 54 41 46 31 40 48 45 26 25 48 60 51 39 36 39 46 53 43 51 41 32 43 35 46 44 48 44 52 25 31 44 37 48 46 45 53 28 34 39 55 52 34 39 55 25 29 55 35 129 0.02 4 
157 217 381 91 95 86 93 91 96 92 91 95 87 92 90 88 87 93 91 87 88 92 88 89 93 95 91 93 91 89 96 88 87 92 85 92 90 90 91 88 91 84 87 92 85 90 90 92 90 92 92 83 88 90 97 87 95 86 90 96 96 90 88 91 90 88 90 95 92 91 85 91 86 91 182 0.08 16 
158 159 76 30 5 15 10 17 19 10 7 13 19 11 12 22 5 25 6 5 14 29 11 13 16 19 19 26 18 0 22 25 27 21 19 10 21 14 13 20 26 6 12 0 3 25 3 19 11 23 22 17 15 0 25 26 19 11 4 9 5 6 18 6 26 17 10 0 29 30 30 18 23 16 45 0.06 12 
159 421 236 69 18 19 34 27 24 17 20 27 23 29 33 24 26 18 31 11 23 29 30 23 20 14 19 28 24 27 17 10 28 18 22 24 25 21 26 21 20 18 19 25 14 25 27 34 21 13 19 20 26 23 16 29 23 28 26 25 21 27 25 33 19 25 18 23 26 20 23 18 27 23 92 0.07 14 
160 363 427 76 30 51 33 23 34 34 38 47 23 33 35 45 45 38 55 29 40 23 28 24 60 34 43 39 30 33 49 39 56 38 29 42 31 42 47 28 31 46 32 26 50 26 35 39 48 34 30 29 47 30 42 34 26 47 42 43 31 38 46 40 43 41 35 39 43 44 44 42 39 39 114 0.06 12 
161 428 448 120 58 54 67 61 67 60 57 50 59 58 50 60 59 60 55 61 66 62 62 56 58 62 65 62 54 56 58 67 61 64 60 59 67 62 59 62 58 55 58 58 61 60 63 62 59 60 66 62 58 70 58 62 63 59 54 63 56 51 66 62 63 53 57 66 51 54 61 65 54 61 180 0.08 16 
162 126 88 49 48 52 42 46 55 48 32 53 49 52 57 61 48 51 49 42 42 52 47 53 45 36 49 54 48 42 47 50 53 52 44 51 51 42 50 52 45 45 49 48 53 60 47 45 47 41 52 40 51 51 48 50 54 40 58 49 44 54 44 49 49 57 51 54 40 46 40 45 47 60 98 0.04 8 
163 338 164 201 76 70 61 75 66 74 72 71 67 67 61 66 67 68 68 69 64 68 65 63 74 64 66 65 68 77 65 70 70 62 66 58 65 66 70 75 66 63 63 60 71 66 68 58 72 69 59 71 70 72 62 75 59 70 60 64 67 65 65 68 68 67 66 67 65 71 66 62 62 62 268 0.04 8 
164 87 356 58 25 19 17 28 21 24 37 41 29 22 40 27 23 31 21 20 3 29 29 39 45 26 15 22 31 37 34 29 22 36 5 29 20 31 27 39 19 18 35 27 15 39 28 18 12 25 22 48 30 25 4 32 20 29 33 43 28 20 32 28 26 23 17 40 23 27 36 23 29 17 87 0.09 18 
165 73 184 88 82 88 76 77 81 79 93 95 95 87 80 99 67 85 85 70 103 98 84 74 75 92 91 92 75 92 79 103 91 87 81 100 72 89 97 86 71 89 77 80 77 79 91 102 84 94 85 81 100 102 87 86 93 72 81 85 84 87 92 82 90 85 82 99 93 75 88 97 96 83 176 0.03 6 
166 257 40 177 66 59 58 58 55 51 59 50 68 60 64 64 56 60 63 58 62 59 66 57 51 67 56 69 60 65 51 53 56 63 63 62 56 59 59 54 60 71 44 53 64 69 56 51 55 61 59 56 57 60 53 54 75 59 56 61 56 60 44 62 60 54 54 60 65 70 61 53 68 47 236 0.03 6 
167 117 66 28 31 25 22 24 27 28 29 26 30 26 24 25 31 29 31 27 26 29 27 30 24 19 27 25 29 28 25 26 32 26 23 29 31 28 32 29 28 25 27 28 29 34 26 32 27 24 30 29 24 25 29 29 29 29 27 28 24 27 24 27 30 23 27 30 30 25 24 27 29 27 56 0.04 8 
168 56 61 28 26 30 22 26 27 31 24 29 28 28 27 26 24 27 29 27 29 25 33 27 29 27 26 31 24 30 30 26 25 23 27 26 30 26 27 28 29 26 24 27 26 30 29 26 25 28 24 26 26 27 31 26 26 24 24 28 28 27 27 25 29 25 25 31 25 28 32 28 21 27 56 0.02 4 
169 239 358 78 28 23 18 32 20 28 18 27 25 29 25 32 0 27 22 26 16 34 13 29 31 29 26 27 23 15 12 20 15 49 40 17 36 24 31 25 39 36 32 29 19 25 32 32 25 26 18 35 28 30 30 21 32 17 16 30 27 20 26 28 24 28 17 29 28 14 32 22 34 34 104 0.05 10 
170 277 213 159 59 56 58 48 38 56 58 50 52 56 52 59 43 57 66 57 39 55 35 57 45 51 53 56 51 50 50 49 49 55 52 55 52 48 49 54 54 56 44 44 51 46 48 49 53 55 48 64 55 60 57 33 52 73 59 53 37 60 51 62 42 47 52 51 46 42 51 56 42 63 212 0.09 18 
171 403 443 63 30 27 18 21 17 23 10 32 16 14 7 27 33 23 16 14 30 32 19 27 2 11 28 24 38 38 31 8 18 27 34 17 22 36 16 20 31 20 19 23 18 23 21 14 17 29 12 21 17 17 7 28 26 23 14 21 38 34 14 17 15 34 28 28 12 32 32 22 20 14 84 0.05 10 
172 184 243 162 84 77 88 72 79 84 83 79 84 70 72 75 81 76 93 83 73 80 80 75 87 75 85 85 93 83 83 82 78 78 81 79 79 86 79 76 87 91 85 77 81 85 79 81 82 73 82 86 82 77 86 80 92 84 76 83 86 78 81 73 82 79 81 82 79 73 77 78 74 83 243 0.05 10 
173 201 191 26 24 24 23 28 25 27 22 22 20 27 24 29 25 26 24 27 26 29 26 29 25 23 25 27 24 28 27 26 24 25 26 25 28 26 26 24 26 23 26 25 30 30 28 25 27 21 27 23 29 23 25 26 27 26 26 24 20 24 28 24 27 24 24 28 24 25 25 23 25 25 52 0.09 18 
174 480 31 142 68 61 66 72 54 75 87 79 69 70 71 75 64 73 65 81 64 79 65 55 76 74 58 70 74 64 84 69 91 64 58 72 70 69 69 75 77 63 76 79 87 75 67 59 76 82 76 77 83 65 73 70 61 68 74 66 69 73 64 85 71 59 72 75 76 94 89 72 62 70 213 0.06 12 
175 76 138 249 72 71 88 86 89 81 85 79 81 83 99 71 88 91 88 92 99 76 85 87 85 72 71 71 80 99 94 94 75 77 83 83 85 78 84 80 74 59 84 83 63 89 85 74 83 81 69 80 80 88 100 82 66 91 83 89 85 85 69 78 75 81 63 103 86 68 89 76 80 80 332 0.03 6 
176 153 367 64 69 63 59 62 62 67 67 57 62 63 59 67 64 61 60 63 60 69 66 61 65 62 68 56 59 60 55 68 67 69 64 61 65 63 69 65 58 66 57 65 63 67 66 67 62 63 64 72 56 70 61 66 65 67 65 67 68 64 68 63 67 64 59 64 58 57 57 69 60 68 128 0.07 14 
177 390 381 267 86 87 87 89 88 85 89 86 91 83 89 88 88 86 91 90 86 87 91 89 89 85 92 90 91 85 90 92 94 85 89 89 89 90 89 88 87 86 89 90 93 91 86 89 91 86 88 83 87 88 89 89 85 89 89 94 87 88 88 88 88 86 87 94 86 88 88 87 86 88 356 0.02 4 
178 203 485 55 54 60 55 59 50 57 56 60 57 51 54 61 53 59 45 60 61 55 54 52 52 59 59 56 56 59 56 53 55 53 47 45 61 59 58 51 54 52 62 49 50 57 61 54 53 50 54 48 47 61 51 55 55 53 45 54 47 55 54 61 53 52 58 52 53 57 48 51 52 60 110 0.04 8 
179 444 445 158 72 87 78 74 73 76 78 81 79 81 78 79 74 78 71 84 83 82 77 81 80 84 78 82 88 80 73 83 76 74 75 82 68 71 80 78 76 81 76 83 88 80 74 72 69 73 64 80 77 80 82 81 72 82 69 77 76 74 83 83 74 76 77 80 80 76 78 73 80 78 237 0.03 6 
180 189 222 18 13 15 18 17 20 18 18 20 15 17 17 19 18 19 17 18 24 14 18 18 20 21 14 20 10 19 14 17 19 18 14 15 16 18 20 13 25 20 23 21 14 14 11 20 22 18 19 18 20 14 20 19 17 19 16 13 16 15 23 20 16 23 17 13 13 10 17 14 15 14 36 0.08 16 
181 51 281 87 23 22 40 21 23 30 21 18 33 19 19 27 26 28 32 26 24 23 27 32 35 24 32 24 30 30 32 20 29 39 27 32 25 23 27 27 33 19 36 26 24 29 34 24 27 25 33 26 28 33 36 33 27 25 28 35 25 35 29 19 24 26 30 22 27 23 30 30 33 29 116 0.03 6 
182 191 261 80 87 78 77 81 79 83 84 76 68 76 69 87 84 93 72 78 86 83 68 94 85 74 83 87 74 80 82 77 88 70 91 75 79 73 88 68 75 74 86 87 93 77 86 92 83 78 86 78 76 85 71 76 76 83 85 83 88 76 74 80 77 88 75 78 74 80 69 80 84 85 160 0.02 4 
183 174 71 43 38 36 35 39 35 43 45 42 38 40 45 46 39 39 46 45 44 48 39 41 39 48 44 42 43 49 48 38 34 42 40 41 48 37 43 38 47 50 50 47 43 46 45 46 43 53 43 42 52 39 48 53 50 41 34 37 46 32 53 49 36 45 44 48 44 46 39 38 42 46 86 0.04 8 
184 447 2 84 37 34 48 48 38 40 35 39 42 42 39 35 44 35 41 51 38 36 39 47 50 50 49 38 42 45 42 34 41 42 34 27 46 39 41 41 38 44 41 36 29 39 35 43 47 47 48 47 35 44 42 43 36 43 44 33 38 33 48 50 46 42 40 47 35 41 40 40 42 54 126 0.02 4 
185 218 2 213 67 66 61 74 72 70 77 65 72 63 76 66 75 70 66 87 56 64 64 70 68 83 72 63 65 70 73 67 84 77 67 66 79 66 70 67 67 61 79 67 77 65 79 78 68 87 85 71 78 63 74 82 79 79 71 64 84 73 67 63 73 73 68 66 71 63 75 71 72 62 284 0.02 4 
186 167 225 240 92 78 79 87 83 88 76 84 82 85 88 90 81 82 75 88 82 80 78 70 86 76 79 87 89 77 78 80 90 86 72 74 80 87 66 71 76 78 78 78 84 68 76 89 62 66 93 84 75 81 84 77 67 83 77 76 73 75 83 75 83 87 63 71 68 88 89 78 94 76 320 0.07 14 
187 394 96 159 56 53 57 48 51 52 60 52 53 55 54 55 56 55 56 51 48 51 56 48 58 56 54 54 51 51 50 47 51 50 48 56 55 50 51 56 59 56 54 49 50 51 53 59 51 54 52 57 51 49 54 51 52 46 49 53 56 50 60 52 52 52 55 52 46 48 53 56 51 52 212 0.02 4 
188 234 265 60 23 28 30 40 41 31 41 26 8 39 27 26 26 37 29 45 26 36 40 19 40 21 33 21 32 27 32 36 35 18 24 15 24 17 32 31 38 43 12 14 37 48 31 23 33 34 27 35 32 38 36 33 23 41 36 21 35 35 38 15 33 38 38 32 21 34 4 38 24 30 90 0.02 4 
189 175 96 63 56 56 40 60 61 82 79 71 72 80 53 69 69 59 68 75 56 78 81 66 67 60 87 77 74 44 66 63 67 65 72 51 42 81 44 44 55 56 49 83 48 55 60 68 76 77 67 70 92 78 67 69 61 48 73 64 53 61 54 54 57 67 56 59 61 55 69 56 53 60 126 0.08 16 
190 284 464 108 28 66 24 57 39 23 49 45 52 28 36 32 43 17 17 48 32 51 33 36 21 33 21 29 35 32 54 36 35 24 36 31 35 44 21 42 50 47 46 43 19 50 41 31 45 35 38 41 35 42 23 51 36 33 35 43 30 37 18 49 29 46 17 18 37 50 26 33 47 47 144 0.08 16 
191 476 289 22 12 21 16 27 24 25 28 24 22 29 19 11 18 20 14 29 8 26 29 40 31 16 21 5 22 27 17 26 33 27 28 29 29 14 30 23 15 21 13 16 30 18 26 28 16 20 20 16 26 32 19 16 20 13 13 19 14 26 12 36 26 17 21 9 6 23 30 24 31 27 44 0.07 14 
192 95 306 34 31 27 30 34 34 28 35 34 30 38 32 26 34 34 34 38 37 35 29 35 34 33 38 31 38 37 29 46 32 32 33 31 33 36 34 33 34 35 33 34 35 31 36 32 25 25 41 37 38 43 33 31 33 33 39 35 25 30 39 38 36 32 30 32 40 30 29 38 33 38 68 0.06 12 
193 7 362 138 46 40 53 38 33 36 43 42 44 35 44 51 39 45 47 55 40 49 48 44 38 44 53 43 50 52 48 47 44 45 41 46 51 49 49 38 53 48 42 47 46 51 45 44 39 42 45 39 40 52 42 48 37 47 38 36 56 50 48 50 42 47 43 46 44 41 50 50 46 48 184 0.03 6 
194 117 493 97 97 98 96 89 95 100 101 96 95 95 96 95 93 94 99 99 96 98 103 97 96 92 96 100 98 94 98 97 97 92 96 93 94 95 96 98 99 97 96 98 96 96 97 98 105 98 97 102 97 93 98 99 92 96 93 93 94 96 92 101 97 101 95 97 94 93 100 96 97 101 194 0.04 8 
195 336 123 88 86 79 76 69 93 82 89 91 84 92 89 97 76 86 96 94 74 88 84 85 89 91 87 83 81 77 90 90 93 89 70 90 92 78 84 80 85 84 80 87 84 81 82 89 91 82 91 88 79 84 97 88 83 85 103 90 86 97 83 86 87 83 92 86 91 75 86 80 91 89 176 0.05 10 
196 388 451 87 86 84 89 86 87 86 87 91 85 84 87 85 91 89 91 87 86 89 88 84 89 87 90 90 88 86 89 90 89 87 88 87 90 86 85 89 86 88 85 83 87 87 89 88 88 88 87 87 87 86 87 87 85 88 85 84 87 85 85 84 86 89 86 88 87 87 87 86 84 87 174 0.08 16 
197 175 433 82 77 86 85 86 78 74 87 94 92 63 77 88 85 74 91 85 86 76 92 90 89 68 81 78 84 76 77 79 88 89 77 78 80 87 86 76 84 82 73 88 84 91 75 85 79 90 85 88 89 86 90 95 83 76 85 89 81 84 81 79 90 78 91 94 81 73 67 81 88 79 164 0.06 12 
198 410 225 164 75 92 88 81 79 78 90 75 81 82 80 76 73 82 85 78 74 77 80 81 80 79 79 84 83 76 78 79 77 72 81 71 77 79 93 83 80 72 88 87 86 83 78 79 81 78 77 71 86 87 86 78 81 78 86 75 79 97 79 80 76 75 87 95 91 80 85 81 88 88 246 0.07 14 
199 284 159 33 33 29 41 36 35 39 35 36 35 38 31 37 35 34 31 31 33 36 31 23 35 31 30 40 30 29 30 34 40 28 25 33 36 37 35 32 42 41 28 25 33 18 33 33 30 36 38 30 28 39 37 26 36 30 45 31 27 35 29 36 33 47 34 32 34 43 32 35 34 21 66 0.09 18 
200 202 373 180 96 87 96 89 84 89 106 78 86 97 99 82 92 92 80 81 92 79 83 98 87 86 82 76 91 74 96 100 83 73 96 106 83 92 81 92 87 90 77 107 94 67 84 83 101 94 92 91 84 91 88 88 83 88 72 86 87 88 88 91 75 98 80 96 87 96 105 96 95 83 270 0.07 14 
